4.745098054409027100e-01 5.803921818733215332e-01 2.980392277240753174e-01 5.803921818733215332e-01
2.980392277240753174e-01 5.803921818733215332e-01 2.980392277240753174e-01 6.627451181411743164e-01
2.980392277240753174e-01 6.627451181411743164e-01 4.745098054409027100e-01 6.627451181411743164e-01
4.745098054409027100e-01 6.627451181411743164e-01 4.745098054409027100e-01 5.803921818733215332e-01
4.745098054409027100e-01 5.803921818733215332e-01 4.745098054409027100e-01 5.803921818733215332e-01
2.980392277240753174e-01 5.803921818733215332e-01 4.745098054409027100e-01 5.803921818733215332e-01
4.745098054409027100e-01 5.803921818733215332e-01 4.745098054409027100e-01 3.686274588108062744e-01
4.745098054409027100e-01 3.686274588108062744e-01 2.980392277240753174e-01 3.686274588108062744e-01
2.980392277240753174e-01 3.686274588108062744e-01 2.980392277240753174e-01 5.803921818733215332e-01
2.980392277240753174e-01 5.803921818733215332e-01 2.980392277240753174e-01 5.803921818733215332e-01
4.745098054409027100e-01 3.686274588108062744e-01 4.745098054409027100e-01 5.803921818733215332e-01
4.745098054409027100e-01 5.803921818733215332e-01 4.745098054409027100e-01 6.627451181411743164e-01
4.745098054409027100e-01 6.627451181411743164e-01 4.745098054409027100e-01 7.019608020782470703e-01
4.745098054409027100e-01 7.019608020782470703e-01 6.117647290229797363e-01 7.019608020782470703e-01
6.117647290229797363e-01 7.019608020782470703e-01 6.117647290229797363e-01 6.431372761726379395e-01
6.117647290229797363e-01 6.431372761726379395e-01 6.509804129600524902e-01 6.431372761726379395e-01
6.509804129600524902e-01 6.431372761726379395e-01 6.509804129600524902e-01 3.686274588108062744e-01
6.509804129600524902e-01 3.686274588108062744e-01 4.745098054409027100e-01 3.686274588108062744e-01
4.745098054409027100e-01 3.686274588108062744e-01 4.745098054409027100e-01 3.686274588108062744e-01
4.745098054409027100e-01 3.019607961177825928e-01 4.745098054409027100e-01 3.686274588108062744e-01
4.745098054409027100e-01 3.686274588108062744e-01 6.509804129600524902e-01 3.686274588108062744e-01
6.509804129600524902e-01 3.686274588108062744e-01 6.509804129600524902e-01 3.019607961177825928e-01
6.509804129600524902e-01 3.019607961177825928e-01 4.745098054409027100e-01 3.019607961177825928e-01
4.745098054409027100e-01 3.019607961177825928e-01 4.745098054409027100e-01 3.019607961177825928e-01
6.509804129600524902e-01 6.431372761726379395e-01 6.117647290229797363e-01 6.431372761726379395e-01
6.117647290229797363e-01 6.431372761726379395e-01 6.117647290229797363e-01 7.019608020782470703e-01
6.117647290229797363e-01 7.019608020782470703e-01 6.509804129600524902e-01 7.019608020782470703e-01
6.509804129600524902e-01 7.019608020782470703e-01 7.098039388656616211e-01 7.019608020782470703e-01
7.098039388656616211e-01 7.019608020782470703e-01 7.098039388656616211e-01 6.431372761726379395e-01
7.098039388656616211e-01 6.431372761726379395e-01 6.509804129600524902e-01 6.431372761726379395e-01
6.509804129600524902e-01 6.431372761726379395e-01 6.509804129600524902e-01 6.431372761726379395e-01
