5.529412031173706055e-01 2.823529541492462158e-01 4.313725531101226807e-01 2.823529541492462158e-01
4.313725531101226807e-01 2.823529541492462158e-01 4.313725531101226807e-01 3.725490272045135498e-01
4.313725531101226807e-01 3.725490272045135498e-01 5.529412031173706055e-01 3.725490272045135498e-01
5.529412031173706055e-01 3.725490272045135498e-01 5.529412031173706055e-01 3.333333432674407959e-01
5.529412031173706055e-01 3.333333432674407959e-01 5.529412031173706055e-01 2.823529541492462158e-01
5.529412031173706055e-01 2.823529541492462158e-01 5.529412031173706055e-01 2.823529541492462158e-01
5.529412031173706055e-01 3.725490272045135498e-01 4.313725531101226807e-01 3.725490272045135498e-01
4.313725531101226807e-01 3.725490272045135498e-01 4.313725531101226807e-01 4.235294163227081299e-01
4.313725531101226807e-01 4.235294163227081299e-01 5.529412031173706055e-01 4.235294163227081299e-01
5.529412031173706055e-01 4.235294163227081299e-01 5.529412031173706055e-01 3.725490272045135498e-01
5.529412031173706055e-01 3.725490272045135498e-01 5.529412031173706055e-01 3.725490272045135498e-01
4.313725531101226807e-01 2.823529541492462158e-01 2.000000029802322388e-01 2.823529541492462158e-01
2.000000029802322388e-01 2.823529541492462158e-01 2.000000029802322388e-01 4.235294163227081299e-01
2.000000029802322388e-01 4.235294163227081299e-01 2.000000029802322388e-01 4.980392158031463623e-01
2.000000029802322388e-01 4.980392158031463623e-01 4.313725531101226807e-01 4.980392158031463623e-01
4.313725531101226807e-01 4.980392158031463623e-01 4.313725531101226807e-01 4.235294163227081299e-01
4.313725531101226807e-01 4.235294163227081299e-01 4.313725531101226807e-01 3.725490272045135498e-01
4.313725531101226807e-01 3.725490272045135498e-01 4.313725531101226807e-01 2.823529541492462158e-01
4.313725531101226807e-01 2.823529541492462158e-01 4.313725531101226807e-01 2.823529541492462158e-01
5.529412031173706055e-01 3.333333432674407959e-01 5.529412031173706055e-01 3.725490272045135498e-01
5.529412031173706055e-01 3.725490272045135498e-01 5.529412031173706055e-01 4.235294163227081299e-01
5.529412031173706055e-01 4.235294163227081299e-01 5.529412031173706055e-01 4.980392158031463623e-01
5.529412031173706055e-01 4.980392158031463623e-01 6.509804129600524902e-01 4.980392158031463623e-01
6.509804129600524902e-01 4.980392158031463623e-01 7.843137383460998535e-01 4.980392158031463623e-01
7.843137383460998535e-01 4.980392158031463623e-01 7.843137383460998535e-01 3.333333432674407959e-01
7.843137383460998535e-01 3.333333432674407959e-01 5.529412031173706055e-01 3.333333432674407959e-01
5.529412031173706055e-01 3.333333432674407959e-01 5.529412031173706055e-01 3.333333432674407959e-01
5.529412031173706055e-01 4.980392158031463623e-01 5.529412031173706055e-01 4.235294163227081299e-01
5.529412031173706055e-01 4.235294163227081299e-01 4.313725531101226807e-01 4.235294163227081299e-01
4.313725531101226807e-01 4.235294163227081299e-01 4.313725531101226807e-01 4.980392158031463623e-01
4.313725531101226807e-01 4.980392158031463623e-01 2.000000029802322388e-01 4.980392158031463623e-01
2.000000029802322388e-01 4.980392158031463623e-01 2.000000029802322388e-01 7.176470756530761719e-01
2.000000029802322388e-01 7.176470756530761719e-01 6.509804129600524902e-01 7.176470756530761719e-01
6.509804129600524902e-01 7.176470756530761719e-01 6.509804129600524902e-01 6.470588445663452148e-01
6.509804129600524902e-01 6.470588445663452148e-01 6.509804129600524902e-01 4.980392158031463623e-01
6.509804129600524902e-01 4.980392158031463623e-01 5.529412031173706055e-01 4.980392158031463623e-01
5.529412031173706055e-01 4.980392158031463623e-01 5.529412031173706055e-01 4.980392158031463623e-01
7.843137383460998535e-01 4.980392158031463623e-01 6.509804129600524902e-01 4.980392158031463623e-01
6.509804129600524902e-01 4.980392158031463623e-01 6.509804129600524902e-01 6.470588445663452148e-01
6.509804129600524902e-01 6.470588445663452148e-01 8.549019694328308105e-01 6.470588445663452148e-01
8.549019694328308105e-01 6.470588445663452148e-01 8.549019694328308105e-01 4.980392158031463623e-01
8.549019694328308105e-01 4.980392158031463623e-01 7.843137383460998535e-01 4.980392158031463623e-01
7.843137383460998535e-01 4.980392158031463623e-01 7.843137383460998535e-01 4.980392158031463623e-01
2.000000029802322388e-01 4.980392158031463623e-01 1.450980454683303833e-01 4.980392158031463623e-01
1.450980454683303833e-01 4.980392158031463623e-01 1.450980454683303833e-01 7.176470756530761719e-01
1.450980454683303833e-01 7.176470756530761719e-01 2.000000029802322388e-01 7.176470756530761719e-01
2.000000029802322388e-01 7.176470756530761719e-01 2.000000029802322388e-01 4.980392158031463623e-01
2.000000029802322388e-01 4.980392158031463623e-01 2.000000029802322388e-01 4.980392158031463623e-01
