8.117647171020507812e-01 5.019608139991760254e-01 7.333333492279052734e-01 5.019608139991760254e-01
7.333333492279052734e-01 5.019608139991760254e-01 7.333333492279052734e-01 6.000000238418579102e-01
7.333333492279052734e-01 6.000000238418579102e-01 8.666666746139526367e-01 6.000000238418579102e-01
8.666666746139526367e-01 6.000000238418579102e-01 8.666666746139526367e-01 5.019608139991760254e-01
8.666666746139526367e-01 5.019608139991760254e-01 8.117647171020507812e-01 5.019608139991760254e-01
8.117647171020507812e-01 5.019608139991760254e-01 8.117647171020507812e-01 5.019608139991760254e-01
6.352941393852233887e-01 5.019608139991760254e-01 7.333333492279052734e-01 5.019608139991760254e-01
7.333333492279052734e-01 5.019608139991760254e-01 8.117647171020507812e-01 5.019608139991760254e-01
8.117647171020507812e-01 5.019608139991760254e-01 8.117647171020507812e-01 4.039215743541717529e-01
8.117647171020507812e-01 4.039215743541717529e-01 7.333333492279052734e-01 4.039215743541717529e-01
7.333333492279052734e-01 4.039215743541717529e-01 6.352941393852233887e-01 4.039215743541717529e-01
6.352941393852233887e-01 4.039215743541717529e-01 6.352941393852233887e-01 5.019608139991760254e-01
6.352941393852233887e-01 5.019608139991760254e-01 6.352941393852233887e-01 5.019608139991760254e-01
3.686274588108062744e-01 3.254902064800262451e-01 2.156862765550613403e-01 3.254902064800262451e-01
2.156862765550613403e-01 3.254902064800262451e-01 2.156862765550613403e-01 4.941176474094390869e-01
2.156862765550613403e-01 4.941176474094390869e-01 3.686274588108062744e-01 4.941176474094390869e-01
3.686274588108062744e-01 4.941176474094390869e-01 4.313725531101226807e-01 4.941176474094390869e-01
4.313725531101226807e-01 4.941176474094390869e-01 4.313725531101226807e-01 3.254902064800262451e-01
4.313725531101226807e-01 3.254902064800262451e-01 3.686274588108062744e-01 3.254902064800262451e-01
3.686274588108062744e-01 3.254902064800262451e-01 3.686274588108062744e-01 3.254902064800262451e-01
3.686274588108062744e-01 4.941176474094390869e-01 2.156862765550613403e-01 4.941176474094390869e-01
2.156862765550613403e-01 4.941176474094390869e-01 2.156862765550613403e-01 6.745098233222961426e-01
2.156862765550613403e-01 6.745098233222961426e-01 4.313725531101226807e-01 6.745098233222961426e-01
4.313725531101226807e-01 6.745098233222961426e-01 4.313725531101226807e-01 6.000000238418579102e-01
4.313725531101226807e-01 6.000000238418579102e-01 4.313725531101226807e-01 4.941176474094390869e-01
4.313725531101226807e-01 4.941176474094390869e-01 3.686274588108062744e-01 4.941176474094390869e-01
3.686274588108062744e-01 4.941176474094390869e-01 3.686274588108062744e-01 4.941176474094390869e-01
7.333333492279052734e-01 3.254902064800262451e-01 4.313725531101226807e-01 3.254902064800262451e-01
4.313725531101226807e-01 3.254902064800262451e-01 4.313725531101226807e-01 4.941176474094390869e-01
4.313725531101226807e-01 4.941176474094390869e-01 4.313725531101226807e-01 6.000000238418579102e-01
4.313725531101226807e-01 6.000000238418579102e-01 7.333333492279052734e-01 6.000000238418579102e-01
7.333333492279052734e-01 6.000000238418579102e-01 7.333333492279052734e-01 5.019608139991760254e-01
7.333333492279052734e-01 5.019608139991760254e-01 6.352941393852233887e-01 5.019608139991760254e-01
6.352941393852233887e-01 5.019608139991760254e-01 6.352941393852233887e-01 4.039215743541717529e-01
6.352941393852233887e-01 4.039215743541717529e-01 7.333333492279052734e-01 4.039215743541717529e-01
7.333333492279052734e-01 4.039215743541717529e-01 7.333333492279052734e-01 3.254902064800262451e-01
7.333333492279052734e-01 3.254902064800262451e-01 7.333333492279052734e-01 3.254902064800262451e-01
2.156862765550613403e-01 4.941176474094390869e-01 1.333333402872085571e-01 4.941176474094390869e-01
1.333333402872085571e-01 4.941176474094390869e-01 1.333333402872085571e-01 6.745098233222961426e-01
1.333333402872085571e-01 6.745098233222961426e-01 2.156862765550613403e-01 6.745098233222961426e-01
2.156862765550613403e-01 6.745098233222961426e-01 2.156862765550613403e-01 4.941176474094390869e-01
2.156862765550613403e-01 4.941176474094390869e-01 2.156862765550613403e-01 4.941176474094390869e-01
