5.490196347236633301e-01 2.156862765550613403e-01 4.078431427478790283e-01 2.156862765550613403e-01
4.078431427478790283e-01 2.156862765550613403e-01 4.078431427478790283e-01 3.294117748737335205e-01
4.078431427478790283e-01 3.294117748737335205e-01 5.490196347236633301e-01 3.294117748737335205e-01
5.490196347236633301e-01 3.294117748737335205e-01 5.490196347236633301e-01 2.901960909366607666e-01
5.490196347236633301e-01 2.901960909366607666e-01 5.490196347236633301e-01 2.156862765550613403e-01
5.490196347236633301e-01 2.156862765550613403e-01 5.490196347236633301e-01 2.156862765550613403e-01
1.647058874368667603e-01 7.882353067398071289e-01 2.509804069995880127e-01 7.882353067398071289e-01
2.509804069995880127e-01 7.882353067398071289e-01 2.509804069995880127e-01 5.686274766921997070e-01
2.509804069995880127e-01 5.686274766921997070e-01 1.647058874368667603e-01 5.686274766921997070e-01
1.647058874368667603e-01 5.686274766921997070e-01 1.647058874368667603e-01 7.882353067398071289e-01
1.647058874368667603e-01 7.882353067398071289e-01 1.647058874368667603e-01 7.882353067398071289e-01
2.509804069995880127e-01 4.078431427478790283e-01 2.509804069995880127e-01 5.686274766921997070e-01
2.509804069995880127e-01 5.686274766921997070e-01 4.705882370471954346e-01 5.686274766921997070e-01
4.705882370471954346e-01 5.686274766921997070e-01 4.705882370471954346e-01 4.078431427478790283e-01
4.705882370471954346e-01 4.078431427478790283e-01 4.078431427478790283e-01 4.078431427478790283e-01
4.078431427478790283e-01 4.078431427478790283e-01 2.509804069995880127e-01 4.078431427478790283e-01
2.509804069995880127e-01 4.078431427478790283e-01 2.509804069995880127e-01 4.078431427478790283e-01
4.078431427478790283e-01 2.156862765550613403e-01 2.509804069995880127e-01 2.156862765550613403e-01
2.509804069995880127e-01 2.156862765550613403e-01 2.509804069995880127e-01 3.294117748737335205e-01
2.509804069995880127e-01 3.294117748737335205e-01 2.509804069995880127e-01 4.078431427478790283e-01
2.509804069995880127e-01 4.078431427478790283e-01 4.078431427478790283e-01 4.078431427478790283e-01
4.078431427478790283e-01 4.078431427478790283e-01 4.078431427478790283e-01 3.294117748737335205e-01
4.078431427478790283e-01 3.294117748737335205e-01 4.078431427478790283e-01 2.156862765550613403e-01
4.078431427478790283e-01 2.156862765550613403e-01 4.078431427478790283e-01 2.156862765550613403e-01
5.490196347236633301e-01 3.294117748737335205e-01 4.078431427478790283e-01 3.294117748737335205e-01
4.078431427478790283e-01 3.294117748737335205e-01 4.078431427478790283e-01 4.078431427478790283e-01
4.078431427478790283e-01 4.078431427478790283e-01 4.705882370471954346e-01 4.078431427478790283e-01
4.705882370471954346e-01 4.078431427478790283e-01 4.705882370471954346e-01 5.686274766921997070e-01
4.705882370471954346e-01 5.686274766921997070e-01 2.509804069995880127e-01 5.686274766921997070e-01
2.509804069995880127e-01 5.686274766921997070e-01 2.509804069995880127e-01 7.882353067398071289e-01
2.509804069995880127e-01 7.882353067398071289e-01 8.352941274642944336e-01 7.882353067398071289e-01
8.352941274642944336e-01 7.882353067398071289e-01 8.352941274642944336e-01 3.294117748737335205e-01
8.352941274642944336e-01 3.294117748737335205e-01 7.098039388656616211e-01 3.294117748737335205e-01
7.098039388656616211e-01 3.294117748737335205e-01 7.098039388656616211e-01 4.549019634723663330e-01
7.098039388656616211e-01 4.549019634723663330e-01 7.098039388656616211e-01 5.686274766921997070e-01
7.098039388656616211e-01 5.686274766921997070e-01 5.490196347236633301e-01 5.686274766921997070e-01
5.490196347236633301e-01 5.686274766921997070e-01 5.490196347236633301e-01 4.549019634723663330e-01
5.490196347236633301e-01 4.549019634723663330e-01 5.490196347236633301e-01 3.294117748737335205e-01
5.490196347236633301e-01 3.294117748737335205e-01 5.490196347236633301e-01 3.294117748737335205e-01
5.490196347236633301e-01 4.549019634723663330e-01 5.490196347236633301e-01 5.686274766921997070e-01
5.490196347236633301e-01 5.686274766921997070e-01 7.098039388656616211e-01 5.686274766921997070e-01
7.098039388656616211e-01 5.686274766921997070e-01 7.098039388656616211e-01 4.549019634723663330e-01
7.098039388656616211e-01 4.549019634723663330e-01 5.490196347236633301e-01 4.549019634723663330e-01
5.490196347236633301e-01 4.549019634723663330e-01 5.490196347236633301e-01 4.549019634723663330e-01
7.098039388656616211e-01 3.294117748737335205e-01 7.098039388656616211e-01 2.901960909366607666e-01
7.098039388656616211e-01 2.901960909366607666e-01 5.490196347236633301e-01 2.901960909366607666e-01
5.490196347236633301e-01 2.901960909366607666e-01 5.490196347236633301e-01 3.294117748737335205e-01
5.490196347236633301e-01 3.294117748737335205e-01 5.490196347236633301e-01 4.549019634723663330e-01
5.490196347236633301e-01 4.549019634723663330e-01 7.098039388656616211e-01 4.549019634723663330e-01
7.098039388656616211e-01 4.549019634723663330e-01 7.098039388656616211e-01 3.294117748737335205e-01
7.098039388656616211e-01 3.294117748737335205e-01 7.098039388656616211e-01 3.294117748737335205e-01
