4.274509847164154053e-01 3.058823645114898682e-01 3.372549116611480713e-01 3.058823645114898682e-01
3.372549116611480713e-01 3.058823645114898682e-01 3.372549116611480713e-01 3.882353007793426514e-01
3.372549116611480713e-01 3.882353007793426514e-01 4.274509847164154053e-01 3.882353007793426514e-01
4.274509847164154053e-01 3.882353007793426514e-01 4.274509847164154053e-01 3.058823645114898682e-01
4.274509847164154053e-01 3.058823645114898682e-01 4.274509847164154053e-01 3.058823645114898682e-01
3.372549116611480713e-01 3.058823645114898682e-01 4.274509847164154053e-01 3.058823645114898682e-01
4.274509847164154053e-01 3.058823645114898682e-01 4.941176474094390869e-01 3.058823645114898682e-01
4.941176474094390869e-01 3.058823645114898682e-01 4.941176474094390869e-01 2.078431397676467896e-01
4.941176474094390869e-01 2.078431397676467896e-01 4.274509847164154053e-01 2.078431397676467896e-01
4.274509847164154053e-01 2.078431397676467896e-01 3.372549116611480713e-01 2.078431397676467896e-01
3.372549116611480713e-01 2.078431397676467896e-01 3.372549116611480713e-01 3.058823645114898682e-01
3.372549116611480713e-01 3.058823645114898682e-01 3.372549116611480713e-01 3.058823645114898682e-01
4.274509847164154053e-01 6.392157077789306641e-01 5.176470875740051270e-01 6.392157077789306641e-01
5.176470875740051270e-01 6.392157077789306641e-01 5.176470875740051270e-01 5.647059082984924316e-01
5.176470875740051270e-01 5.647059082984924316e-01 4.274509847164154053e-01 5.647059082984924316e-01
4.274509847164154053e-01 5.647059082984924316e-01 2.588235437870025635e-01 5.647059082984924316e-01
2.588235437870025635e-01 5.647059082984924316e-01 2.588235437870025635e-01 7.921568751335144043e-01
2.588235437870025635e-01 7.921568751335144043e-01 4.274509847164154053e-01 7.921568751335144043e-01
4.274509847164154053e-01 7.921568751335144043e-01 4.274509847164154053e-01 6.392157077789306641e-01
4.274509847164154053e-01 6.392157077789306641e-01 4.274509847164154053e-01 6.392157077789306641e-01
3.372549116611480713e-01 3.882353007793426514e-01 2.588235437870025635e-01 3.882353007793426514e-01
2.588235437870025635e-01 3.882353007793426514e-01 2.588235437870025635e-01 5.647059082984924316e-01
2.588235437870025635e-01 5.647059082984924316e-01 4.274509847164154053e-01 5.647059082984924316e-01
4.274509847164154053e-01 5.647059082984924316e-01 5.176470875740051270e-01 5.647059082984924316e-01
5.176470875740051270e-01 5.647059082984924316e-01 5.176470875740051270e-01 3.882353007793426514e-01
5.176470875740051270e-01 3.882353007793426514e-01 4.274509847164154053e-01 3.882353007793426514e-01
4.274509847164154053e-01 3.882353007793426514e-01 3.372549116611480713e-01 3.882353007793426514e-01
3.372549116611480713e-01 3.882353007793426514e-01 3.372549116611480713e-01 3.882353007793426514e-01
4.941176474094390869e-01 3.058823645114898682e-01 4.274509847164154053e-01 3.058823645114898682e-01
4.274509847164154053e-01 3.058823645114898682e-01 4.274509847164154053e-01 3.882353007793426514e-01
4.274509847164154053e-01 3.882353007793426514e-01 5.176470875740051270e-01 3.882353007793426514e-01
5.176470875740051270e-01 3.882353007793426514e-01 5.176470875740051270e-01 5.647059082984924316e-01
5.176470875740051270e-01 5.647059082984924316e-01 5.176470875740051270e-01 6.392157077789306641e-01
5.176470875740051270e-01 6.392157077789306641e-01 6.039215922355651855e-01 6.392157077789306641e-01
6.039215922355651855e-01 6.392157077789306641e-01 6.039215922355651855e-01 5.647059082984924316e-01
6.039215922355651855e-01 5.647059082984924316e-01 7.450980544090270996e-01 5.647059082984924316e-01
7.450980544090270996e-01 5.647059082984924316e-01 7.450980544090270996e-01 2.078431397676467896e-01
7.450980544090270996e-01 2.078431397676467896e-01 4.941176474094390869e-01 2.078431397676467896e-01
4.941176474094390869e-01 2.078431397676467896e-01 4.941176474094390869e-01 3.058823645114898682e-01
4.941176474094390869e-01 3.058823645114898682e-01 4.941176474094390869e-01 3.058823645114898682e-01
7.450980544090270996e-01 6.392157077789306641e-01 7.450980544090270996e-01 5.647059082984924316e-01
7.450980544090270996e-01 5.647059082984924316e-01 6.039215922355651855e-01 5.647059082984924316e-01
6.039215922355651855e-01 5.647059082984924316e-01 6.039215922355651855e-01 6.392157077789306641e-01
6.039215922355651855e-01 6.392157077789306641e-01 6.039215922355651855e-01 6.941176652908325195e-01
6.039215922355651855e-01 6.941176652908325195e-01 7.450980544090270996e-01 6.941176652908325195e-01
7.450980544090270996e-01 6.941176652908325195e-01 7.450980544090270996e-01 6.392157077789306641e-01
7.450980544090270996e-01 6.392157077789306641e-01 7.450980544090270996e-01 6.392157077789306641e-01
4.274509847164154053e-01 6.392157077789306641e-01 4.274509847164154053e-01 7.921568751335144043e-01
4.274509847164154053e-01 7.921568751335144043e-01 5.176470875740051270e-01 7.921568751335144043e-01
5.176470875740051270e-01 7.921568751335144043e-01 6.039215922355651855e-01 7.921568751335144043e-01
6.039215922355651855e-01 7.921568751335144043e-01 6.039215922355651855e-01 6.941176652908325195e-01
6.039215922355651855e-01 6.941176652908325195e-01 6.039215922355651855e-01 6.392157077789306641e-01
6.039215922355651855e-01 6.392157077789306641e-01 5.176470875740051270e-01 6.392157077789306641e-01
5.176470875740051270e-01 6.392157077789306641e-01 4.274509847164154053e-01 6.392157077789306641e-01
4.274509847164154053e-01 6.392157077789306641e-01 4.274509847164154053e-01 6.392157077789306641e-01
