5.254902243614196777e-01 4.549019634723663330e-01 3.568627536296844482e-01 4.549019634723663330e-01
3.568627536296844482e-01 4.549019634723663330e-01 3.568627536296844482e-01 5.568627715110778809e-01
3.568627536296844482e-01 5.568627715110778809e-01 5.254902243614196777e-01 5.568627715110778809e-01
5.254902243614196777e-01 5.568627715110778809e-01 5.254902243614196777e-01 4.549019634723663330e-01
5.254902243614196777e-01 4.549019634723663330e-01 5.254902243614196777e-01 4.549019634723663330e-01
5.254902243614196777e-01 2.901960909366607666e-01 5.960784554481506348e-01 2.901960909366607666e-01
5.960784554481506348e-01 2.901960909366607666e-01 5.960784554481506348e-01 1.921568661928176880e-01
5.960784554481506348e-01 1.921568661928176880e-01 5.254902243614196777e-01 1.921568661928176880e-01
5.254902243614196777e-01 1.921568661928176880e-01 4.784313738346099854e-01 1.921568661928176880e-01
4.784313738346099854e-01 1.921568661928176880e-01 4.784313738346099854e-01 2.901960909366607666e-01
4.784313738346099854e-01 2.901960909366607666e-01 5.254902243614196777e-01 2.901960909366607666e-01
5.254902243614196777e-01 2.901960909366607666e-01 5.254902243614196777e-01 2.901960909366607666e-01
2.666666805744171143e-01 8.117647171020507812e-01 3.882353007793426514e-01 8.117647171020507812e-01
3.882353007793426514e-01 8.117647171020507812e-01 3.882353007793426514e-01 6.705882549285888672e-01
3.882353007793426514e-01 6.705882549285888672e-01 2.666666805744171143e-01 6.705882549285888672e-01
2.666666805744171143e-01 6.705882549285888672e-01 2.666666805744171143e-01 8.117647171020507812e-01
2.666666805744171143e-01 8.117647171020507812e-01 2.666666805744171143e-01 8.117647171020507812e-01
5.254902243614196777e-01 2.901960909366607666e-01 5.254902243614196777e-01 3.921568691730499268e-01
5.254902243614196777e-01 3.921568691730499268e-01 6.000000238418579102e-01 3.921568691730499268e-01
6.000000238418579102e-01 3.921568691730499268e-01 7.960784435272216797e-01 3.921568691730499268e-01
7.960784435272216797e-01 3.921568691730499268e-01 7.960784435272216797e-01 1.921568661928176880e-01
7.960784435272216797e-01 1.921568661928176880e-01 5.960784554481506348e-01 1.921568661928176880e-01
5.960784554481506348e-01 1.921568661928176880e-01 5.960784554481506348e-01 2.901960909366607666e-01
5.960784554481506348e-01 2.901960909366607666e-01 5.254902243614196777e-01 2.901960909366607666e-01
5.254902243614196777e-01 2.901960909366607666e-01 5.254902243614196777e-01 2.901960909366607666e-01
7.960784435272216797e-01 3.921568691730499268e-01 6.000000238418579102e-01 3.921568691730499268e-01
6.000000238418579102e-01 3.921568691730499268e-01 6.000000238418579102e-01 5.607843399047851562e-01
6.000000238418579102e-01 5.607843399047851562e-01 7.960784435272216797e-01 5.607843399047851562e-01
7.960784435272216797e-01 5.607843399047851562e-01 7.960784435272216797e-01 3.921568691730499268e-01
7.960784435272216797e-01 3.921568691730499268e-01 7.960784435272216797e-01 3.921568691730499268e-01
5.254902243614196777e-01 5.568627715110778809e-01 3.568627536296844482e-01 5.568627715110778809e-01
3.568627536296844482e-01 5.568627715110778809e-01 3.568627536296844482e-01 4.549019634723663330e-01
3.568627536296844482e-01 4.549019634723663330e-01 3.568627536296844482e-01 3.921568691730499268e-01
3.568627536296844482e-01 3.921568691730499268e-01 1.098039224743843079e-01 3.921568691730499268e-01
1.098039224743843079e-01 3.921568691730499268e-01 1.098039224743843079e-01 8.117647171020507812e-01
1.098039224743843079e-01 8.117647171020507812e-01 2.666666805744171143e-01 8.117647171020507812e-01
2.666666805744171143e-01 8.117647171020507812e-01 2.666666805744171143e-01 6.705882549285888672e-01
2.666666805744171143e-01 6.705882549285888672e-01 3.882353007793426514e-01 6.705882549285888672e-01
3.882353007793426514e-01 6.705882549285888672e-01 3.882353007793426514e-01 8.117647171020507812e-01
3.882353007793426514e-01 8.117647171020507812e-01 7.960784435272216797e-01 8.117647171020507812e-01
7.960784435272216797e-01 8.117647171020507812e-01 7.960784435272216797e-01 5.607843399047851562e-01
7.960784435272216797e-01 5.607843399047851562e-01 6.000000238418579102e-01 5.607843399047851562e-01
6.000000238418579102e-01 5.607843399047851562e-01 6.000000238418579102e-01 3.921568691730499268e-01
6.000000238418579102e-01 3.921568691730499268e-01 5.254902243614196777e-01 3.921568691730499268e-01
5.254902243614196777e-01 3.921568691730499268e-01 5.254902243614196777e-01 4.549019634723663330e-01
5.254902243614196777e-01 4.549019634723663330e-01 5.254902243614196777e-01 5.568627715110778809e-01
5.254902243614196777e-01 5.568627715110778809e-01 5.254902243614196777e-01 5.568627715110778809e-01
7.960784435272216797e-01 8.117647171020507812e-01 8.941176533699035645e-01 8.117647171020507812e-01
8.941176533699035645e-01 8.117647171020507812e-01 8.941176533699035645e-01 5.607843399047851562e-01
8.941176533699035645e-01 5.607843399047851562e-01 7.960784435272216797e-01 5.607843399047851562e-01
7.960784435272216797e-01 5.607843399047851562e-01 7.960784435272216797e-01 8.117647171020507812e-01
7.960784435272216797e-01 8.117647171020507812e-01 7.960784435272216797e-01 8.117647171020507812e-01
3.568627536296844482e-01 4.549019634723663330e-01 5.254902243614196777e-01 4.549019634723663330e-01
5.254902243614196777e-01 4.549019634723663330e-01 5.254902243614196777e-01 3.921568691730499268e-01
5.254902243614196777e-01 3.921568691730499268e-01 5.254902243614196777e-01 2.901960909366607666e-01
5.254902243614196777e-01 2.901960909366607666e-01 4.784313738346099854e-01 2.901960909366607666e-01
4.784313738346099854e-01 2.901960909366607666e-01 3.568627536296844482e-01 2.901960909366607666e-01
3.568627536296844482e-01 2.901960909366607666e-01 3.568627536296844482e-01 3.921568691730499268e-01
3.568627536296844482e-01 3.921568691730499268e-01 3.568627536296844482e-01 4.549019634723663330e-01
3.568627536296844482e-01 4.549019634723663330e-01 3.568627536296844482e-01 4.549019634723663330e-01
