4.078431427478790283e-01 1.372549086809158325e-01 2.431372553110122681e-01 1.372549086809158325e-01
2.431372553110122681e-01 1.372549086809158325e-01 2.431372553110122681e-01 2.352941185235977173e-01
2.431372553110122681e-01 2.352941185235977173e-01 4.078431427478790283e-01 2.352941185235977173e-01
4.078431427478790283e-01 2.352941185235977173e-01 4.078431427478790283e-01 1.372549086809158325e-01
4.078431427478790283e-01 1.372549086809158325e-01 4.078431427478790283e-01 1.372549086809158325e-01
4.078431427478790283e-01 4.980392158031463623e-01 4.078431427478790283e-01 4.039215743541717529e-01
4.078431427478790283e-01 4.039215743541717529e-01 2.431372553110122681e-01 4.039215743541717529e-01
2.431372553110122681e-01 4.039215743541717529e-01 2.431372553110122681e-01 4.980392158031463623e-01
2.431372553110122681e-01 4.980392158031463623e-01 4.078431427478790283e-01 4.980392158031463623e-01
4.078431427478790283e-01 4.980392158031463623e-01 4.078431427478790283e-01 4.980392158031463623e-01
6.980392336845397949e-01 4.980392158031463623e-01 6.549019813537597656e-01 4.980392158031463623e-01
6.549019813537597656e-01 4.980392158031463623e-01 6.549019813537597656e-01 7.215686440467834473e-01
6.549019813537597656e-01 7.215686440467834473e-01 7.607843279838562012e-01 7.215686440467834473e-01
7.607843279838562012e-01 7.215686440467834473e-01 7.607843279838562012e-01 4.980392158031463623e-01
7.607843279838562012e-01 4.980392158031463623e-01 6.980392336845397949e-01 4.980392158031463623e-01
6.980392336845397949e-01 4.980392158031463623e-01 6.980392336845397949e-01 4.980392158031463623e-01
6.980392336845397949e-01 1.372549086809158325e-01 4.078431427478790283e-01 1.372549086809158325e-01
4.078431427478790283e-01 1.372549086809158325e-01 4.078431427478790283e-01 2.352941185235977173e-01
4.078431427478790283e-01 2.352941185235977173e-01 4.078431427478790283e-01 3.372549116611480713e-01
4.078431427478790283e-01 3.372549116611480713e-01 4.745098054409027100e-01 3.372549116611480713e-01
4.745098054409027100e-01 3.372549116611480713e-01 6.549019813537597656e-01 3.372549116611480713e-01
6.549019813537597656e-01 3.372549116611480713e-01 6.980392336845397949e-01 3.372549116611480713e-01
6.980392336845397949e-01 3.372549116611480713e-01 6.980392336845397949e-01 1.372549086809158325e-01
6.980392336845397949e-01 1.372549086809158325e-01 6.980392336845397949e-01 1.372549086809158325e-01
6.549019813537597656e-01 3.372549116611480713e-01 4.745098054409027100e-01 3.372549116611480713e-01
4.745098054409027100e-01 3.372549116611480713e-01 4.745098054409027100e-01 4.980392158031463623e-01
4.745098054409027100e-01 4.980392158031463623e-01 6.549019813537597656e-01 4.980392158031463623e-01
6.549019813537597656e-01 4.980392158031463623e-01 6.980392336845397949e-01 4.980392158031463623e-01
6.980392336845397949e-01 4.980392158031463623e-01 6.980392336845397949e-01 3.372549116611480713e-01
6.980392336845397949e-01 3.372549116611480713e-01 6.549019813537597656e-01 3.372549116611480713e-01
6.549019813537597656e-01 3.372549116611480713e-01 6.549019813537597656e-01 3.372549116611480713e-01
4.078431427478790283e-01 3.372549116611480713e-01 4.078431427478790283e-01 2.352941185235977173e-01
4.078431427478790283e-01 2.352941185235977173e-01 2.431372553110122681e-01 2.352941185235977173e-01
2.431372553110122681e-01 2.352941185235977173e-01 2.431372553110122681e-01 3.372549116611480713e-01
2.431372553110122681e-01 3.372549116611480713e-01 2.431372553110122681e-01 4.039215743541717529e-01
2.431372553110122681e-01 4.039215743541717529e-01 4.078431427478790283e-01 4.039215743541717529e-01
4.078431427478790283e-01 4.039215743541717529e-01 4.078431427478790283e-01 3.372549116611480713e-01
4.078431427478790283e-01 3.372549116611480713e-01 4.078431427478790283e-01 3.372549116611480713e-01
4.745098054409027100e-01 3.372549116611480713e-01 4.078431427478790283e-01 3.372549116611480713e-01
4.078431427478790283e-01 3.372549116611480713e-01 4.078431427478790283e-01 4.039215743541717529e-01
4.078431427478790283e-01 4.039215743541717529e-01 4.078431427478790283e-01 4.980392158031463623e-01
4.078431427478790283e-01 4.980392158031463623e-01 2.431372553110122681e-01 4.980392158031463623e-01
2.431372553110122681e-01 4.980392158031463623e-01 2.431372553110122681e-01 8.666666746139526367e-01
2.431372553110122681e-01 8.666666746139526367e-01 4.000000059604644775e-01 8.666666746139526367e-01
4.000000059604644775e-01 8.666666746139526367e-01 4.000000059604644775e-01 7.215686440467834473e-01
4.000000059604644775e-01 7.215686440467834473e-01 6.549019813537597656e-01 7.215686440467834473e-01
6.549019813537597656e-01 7.215686440467834473e-01 6.549019813537597656e-01 4.980392158031463623e-01
6.549019813537597656e-01 4.980392158031463623e-01 4.745098054409027100e-01 4.980392158031463623e-01
4.745098054409027100e-01 4.980392158031463623e-01 4.745098054409027100e-01 3.372549116611480713e-01
4.745098054409027100e-01 3.372549116611480713e-01 4.745098054409027100e-01 3.372549116611480713e-01
6.549019813537597656e-01 7.215686440467834473e-01 4.000000059604644775e-01 7.215686440467834473e-01
4.000000059604644775e-01 7.215686440467834473e-01 4.000000059604644775e-01 8.666666746139526367e-01
4.000000059604644775e-01 8.666666746139526367e-01 6.549019813537597656e-01 8.666666746139526367e-01
6.549019813537597656e-01 8.666666746139526367e-01 6.549019813537597656e-01 7.215686440467834473e-01
6.549019813537597656e-01 7.215686440467834473e-01 6.549019813537597656e-01 7.215686440467834473e-01
