6.235294342041015625e-01 3.215686380863189697e-01 2.862745225429534912e-01 3.215686380863189697e-01
2.862745225429534912e-01 3.215686380863189697e-01 2.862745225429534912e-01 4.274509847164154053e-01
2.862745225429534912e-01 4.274509847164154053e-01 3.960784375667572021e-01 4.274509847164154053e-01
3.960784375667572021e-01 4.274509847164154053e-01 3.960784375667572021e-01 6.784313917160034180e-01
3.960784375667572021e-01 6.784313917160034180e-01 5.686274766921997070e-01 6.784313917160034180e-01
5.686274766921997070e-01 6.784313917160034180e-01 5.686274766921997070e-01 4.392156898975372314e-01
5.686274766921997070e-01 4.392156898975372314e-01 6.235294342041015625e-01 4.392156898975372314e-01
6.235294342041015625e-01 4.392156898975372314e-01 6.235294342041015625e-01 3.215686380863189697e-01
6.235294342041015625e-01 3.215686380863189697e-01 6.235294342041015625e-01 3.215686380863189697e-01
7.490196228027343750e-01 3.215686380863189697e-01 6.235294342041015625e-01 3.215686380863189697e-01
6.235294342041015625e-01 3.215686380863189697e-01 6.235294342041015625e-01 4.392156898975372314e-01
6.235294342041015625e-01 4.392156898975372314e-01 7.490196228027343750e-01 4.392156898975372314e-01
7.490196228027343750e-01 4.392156898975372314e-01 7.490196228027343750e-01 3.215686380863189697e-01
7.490196228027343750e-01 3.215686380863189697e-01 7.490196228027343750e-01 3.215686380863189697e-01
6.235294342041015625e-01 4.392156898975372314e-01 5.686274766921997070e-01 4.392156898975372314e-01
5.686274766921997070e-01 4.392156898975372314e-01 5.686274766921997070e-01 6.784313917160034180e-01
5.686274766921997070e-01 6.784313917160034180e-01 6.235294342041015625e-01 6.784313917160034180e-01
6.235294342041015625e-01 6.784313917160034180e-01 7.490196228027343750e-01 6.784313917160034180e-01
7.490196228027343750e-01 6.784313917160034180e-01 7.490196228027343750e-01 4.392156898975372314e-01
7.490196228027343750e-01 4.392156898975372314e-01 6.235294342041015625e-01 4.392156898975372314e-01
6.235294342041015625e-01 4.392156898975372314e-01 6.235294342041015625e-01 4.392156898975372314e-01
2.509804069995880127e-01 6.784313917160034180e-01 2.862745225429534912e-01 6.784313917160034180e-01
2.862745225429534912e-01 6.784313917160034180e-01 3.960784375667572021e-01 6.784313917160034180e-01
3.960784375667572021e-01 6.784313917160034180e-01 3.960784375667572021e-01 4.274509847164154053e-01
3.960784375667572021e-01 4.274509847164154053e-01 2.862745225429534912e-01 4.274509847164154053e-01
2.862745225429534912e-01 4.274509847164154053e-01 2.509804069995880127e-01 4.274509847164154053e-01
2.509804069995880127e-01 4.274509847164154053e-01 2.509804069995880127e-01 6.784313917160034180e-01
2.509804069995880127e-01 6.784313917160034180e-01 2.509804069995880127e-01 6.784313917160034180e-01
