4.274509847164154053e-01 2.823529541492462158e-01 3.450980484485626221e-01 2.823529541492462158e-01
3.450980484485626221e-01 2.823529541492462158e-01 3.450980484485626221e-01 3.882353007793426514e-01
3.450980484485626221e-01 3.882353007793426514e-01 4.274509847164154053e-01 3.882353007793426514e-01
4.274509847164154053e-01 3.882353007793426514e-01 4.274509847164154053e-01 2.823529541492462158e-01
4.274509847164154053e-01 2.823529541492462158e-01 4.274509847164154053e-01 2.823529541492462158e-01
5.843137502670288086e-01 2.823529541492462158e-01 4.274509847164154053e-01 2.823529541492462158e-01
4.274509847164154053e-01 2.823529541492462158e-01 4.274509847164154053e-01 3.882353007793426514e-01
4.274509847164154053e-01 3.882353007793426514e-01 4.274509847164154053e-01 4.549019634723663330e-01
4.274509847164154053e-01 4.549019634723663330e-01 5.843137502670288086e-01 4.549019634723663330e-01
5.843137502670288086e-01 4.549019634723663330e-01 5.843137502670288086e-01 3.882353007793426514e-01
5.843137502670288086e-01 3.882353007793426514e-01 5.843137502670288086e-01 2.823529541492462158e-01
5.843137502670288086e-01 2.823529541492462158e-01 5.843137502670288086e-01 2.823529541492462158e-01
4.274509847164154053e-01 3.882353007793426514e-01 3.450980484485626221e-01 3.882353007793426514e-01
3.450980484485626221e-01 3.882353007793426514e-01 3.450980484485626221e-01 6.549019813537597656e-01
3.450980484485626221e-01 6.549019813537597656e-01 4.705882370471954346e-01 6.549019813537597656e-01
4.705882370471954346e-01 6.549019813537597656e-01 6.549019813537597656e-01 6.549019813537597656e-01
6.549019813537597656e-01 6.549019813537597656e-01 6.549019813537597656e-01 3.882353007793426514e-01
6.549019813537597656e-01 3.882353007793426514e-01 5.843137502670288086e-01 3.882353007793426514e-01
5.843137502670288086e-01 3.882353007793426514e-01 5.843137502670288086e-01 4.549019634723663330e-01
5.843137502670288086e-01 4.549019634723663330e-01 4.274509847164154053e-01 4.549019634723663330e-01
4.274509847164154053e-01 4.549019634723663330e-01 4.274509847164154053e-01 3.882353007793426514e-01
4.274509847164154053e-01 3.882353007793426514e-01 4.274509847164154053e-01 3.882353007793426514e-01
3.450980484485626221e-01 6.549019813537597656e-01 3.450980484485626221e-01 7.254902124404907227e-01
3.450980484485626221e-01 7.254902124404907227e-01 4.705882370471954346e-01 7.254902124404907227e-01
4.705882370471954346e-01 7.254902124404907227e-01 4.705882370471954346e-01 6.549019813537597656e-01
4.705882370471954346e-01 6.549019813537597656e-01 3.450980484485626221e-01 6.549019813537597656e-01
3.450980484485626221e-01 6.549019813537597656e-01 3.450980484485626221e-01 6.549019813537597656e-01
