6.980392336845397949e-01 5.058823823928833008e-01 5.843137502670288086e-01 5.058823823928833008e-01
5.843137502670288086e-01 5.058823823928833008e-01 5.843137502670288086e-01 5.450980663299560547e-01
5.843137502670288086e-01 5.450980663299560547e-01 5.843137502670288086e-01 6.000000238418579102e-01
5.843137502670288086e-01 6.000000238418579102e-01 7.529411911964416504e-01 6.000000238418579102e-01
7.529411911964416504e-01 6.000000238418579102e-01 7.529411911964416504e-01 5.058823823928833008e-01
7.529411911964416504e-01 5.058823823928833008e-01 6.980392336845397949e-01 5.058823823928833008e-01
6.980392336845397949e-01 5.058823823928833008e-01 6.980392336845397949e-01 5.058823823928833008e-01
5.176470875740051270e-01 2.745098173618316650e-01 3.176470696926116943e-01 2.745098173618316650e-01
3.176470696926116943e-01 2.745098173618316650e-01 3.176470696926116943e-01 3.607843220233917236e-01
3.176470696926116943e-01 3.607843220233917236e-01 5.176470875740051270e-01 3.607843220233917236e-01
5.176470875740051270e-01 3.607843220233917236e-01 5.176470875740051270e-01 2.745098173618316650e-01
5.176470875740051270e-01 2.745098173618316650e-01 5.176470875740051270e-01 2.745098173618316650e-01
6.980392336845397949e-01 2.745098173618316650e-01 5.176470875740051270e-01 2.745098173618316650e-01
5.176470875740051270e-01 2.745098173618316650e-01 5.176470875740051270e-01 3.607843220233917236e-01
5.176470875740051270e-01 3.607843220233917236e-01 5.176470875740051270e-01 5.450980663299560547e-01
5.176470875740051270e-01 5.450980663299560547e-01 5.843137502670288086e-01 5.450980663299560547e-01
5.843137502670288086e-01 5.450980663299560547e-01 5.843137502670288086e-01 5.058823823928833008e-01
5.843137502670288086e-01 5.058823823928833008e-01 6.980392336845397949e-01 5.058823823928833008e-01
6.980392336845397949e-01 5.058823823928833008e-01 6.980392336845397949e-01 2.745098173618316650e-01
6.980392336845397949e-01 2.745098173618316650e-01 6.980392336845397949e-01 2.745098173618316650e-01
3.176470696926116943e-01 5.176470875740051270e-01 2.509804069995880127e-01 5.176470875740051270e-01
2.509804069995880127e-01 5.176470875740051270e-01 2.509804069995880127e-01 7.294117808341979980e-01
2.509804069995880127e-01 7.294117808341979980e-01 3.176470696926116943e-01 7.294117808341979980e-01
3.176470696926116943e-01 7.294117808341979980e-01 4.156862795352935791e-01 7.294117808341979980e-01
4.156862795352935791e-01 7.294117808341979980e-01 4.156862795352935791e-01 5.176470875740051270e-01
4.156862795352935791e-01 5.176470875740051270e-01 3.176470696926116943e-01 5.176470875740051270e-01
3.176470696926116943e-01 5.176470875740051270e-01 3.176470696926116943e-01 5.176470875740051270e-01
5.843137502670288086e-01 5.450980663299560547e-01 5.176470875740051270e-01 5.450980663299560547e-01
5.176470875740051270e-01 5.450980663299560547e-01 5.176470875740051270e-01 3.607843220233917236e-01
5.176470875740051270e-01 3.607843220233917236e-01 3.176470696926116943e-01 3.607843220233917236e-01
3.176470696926116943e-01 3.607843220233917236e-01 3.176470696926116943e-01 5.176470875740051270e-01
3.176470696926116943e-01 5.176470875740051270e-01 4.156862795352935791e-01 5.176470875740051270e-01
4.156862795352935791e-01 5.176470875740051270e-01 4.156862795352935791e-01 7.294117808341979980e-01
4.156862795352935791e-01 7.294117808341979980e-01 5.843137502670288086e-01 7.294117808341979980e-01
5.843137502670288086e-01 7.294117808341979980e-01 5.843137502670288086e-01 6.000000238418579102e-01
5.843137502670288086e-01 6.000000238418579102e-01 5.843137502670288086e-01 5.450980663299560547e-01
5.843137502670288086e-01 5.450980663299560547e-01 5.843137502670288086e-01 5.450980663299560547e-01
5.843137502670288086e-01 7.294117808341979980e-01 7.529411911964416504e-01 7.294117808341979980e-01
7.529411911964416504e-01 7.294117808341979980e-01 7.529411911964416504e-01 6.000000238418579102e-01
7.529411911964416504e-01 6.000000238418579102e-01 5.843137502670288086e-01 6.000000238418579102e-01
5.843137502670288086e-01 6.000000238418579102e-01 5.843137502670288086e-01 7.294117808341979980e-01
5.843137502670288086e-01 7.294117808341979980e-01 5.843137502670288086e-01 7.294117808341979980e-01
