7.372549176216125488e-01 3.411764800548553467e-01 6.235294342041015625e-01 3.411764800548553467e-01
6.235294342041015625e-01 3.411764800548553467e-01 6.235294342041015625e-01 4.352941215038299561e-01
6.235294342041015625e-01 4.352941215038299561e-01 6.235294342041015625e-01 4.705882370471954346e-01
6.235294342041015625e-01 4.705882370471954346e-01 6.784313917160034180e-01 4.705882370471954346e-01
6.784313917160034180e-01 4.705882370471954346e-01 7.372549176216125488e-01 4.705882370471954346e-01
7.372549176216125488e-01 4.705882370471954346e-01 7.372549176216125488e-01 4.352941215038299561e-01
7.372549176216125488e-01 4.352941215038299561e-01 7.372549176216125488e-01 3.411764800548553467e-01
7.372549176216125488e-01 3.411764800548553467e-01 7.372549176216125488e-01 3.411764800548553467e-01
7.372549176216125488e-01 4.705882370471954346e-01 6.784313917160034180e-01 4.705882370471954346e-01
6.784313917160034180e-01 4.705882370471954346e-01 6.784313917160034180e-01 5.725490450859069824e-01
6.784313917160034180e-01 5.725490450859069824e-01 8.039215803146362305e-01 5.725490450859069824e-01
8.039215803146362305e-01 5.725490450859069824e-01 8.039215803146362305e-01 4.705882370471954346e-01
8.039215803146362305e-01 4.705882370471954346e-01 8.039215803146362305e-01 4.352941215038299561e-01
8.039215803146362305e-01 4.352941215038299561e-01 7.372549176216125488e-01 4.352941215038299561e-01
7.372549176216125488e-01 4.352941215038299561e-01 7.372549176216125488e-01 4.705882370471954346e-01
7.372549176216125488e-01 4.705882370471954346e-01 7.372549176216125488e-01 4.705882370471954346e-01
6.784313917160034180e-01 4.705882370471954346e-01 6.235294342041015625e-01 4.705882370471954346e-01
6.235294342041015625e-01 4.705882370471954346e-01 6.235294342041015625e-01 8.000000119209289551e-01
6.235294342041015625e-01 8.000000119209289551e-01 8.039215803146362305e-01 8.000000119209289551e-01
8.039215803146362305e-01 8.000000119209289551e-01 8.039215803146362305e-01 5.725490450859069824e-01
8.039215803146362305e-01 5.725490450859069824e-01 6.784313917160034180e-01 5.725490450859069824e-01
6.784313917160034180e-01 5.725490450859069824e-01 6.784313917160034180e-01 4.705882370471954346e-01
6.784313917160034180e-01 4.705882370471954346e-01 6.784313917160034180e-01 4.705882370471954346e-01
3.803921639919281006e-01 8.000000119209289551e-01 3.803921639919281006e-01 5.764706134796142578e-01
3.803921639919281006e-01 5.764706134796142578e-01 1.960784345865249634e-01 5.764706134796142578e-01
1.960784345865249634e-01 5.764706134796142578e-01 1.960784345865249634e-01 8.000000119209289551e-01
1.960784345865249634e-01 8.000000119209289551e-01 3.803921639919281006e-01 8.000000119209289551e-01
3.803921639919281006e-01 8.000000119209289551e-01 3.803921639919281006e-01 8.000000119209289551e-01
5.607843399047851562e-01 3.411764800548553467e-01 6.235294342041015625e-01 3.411764800548553467e-01
6.235294342041015625e-01 3.411764800548553467e-01 7.372549176216125488e-01 3.411764800548553467e-01
7.372549176216125488e-01 3.411764800548553467e-01 7.372549176216125488e-01 1.098039224743843079e-01
7.372549176216125488e-01 1.098039224743843079e-01 6.235294342041015625e-01 1.098039224743843079e-01
6.235294342041015625e-01 1.098039224743843079e-01 5.607843399047851562e-01 1.098039224743843079e-01
5.607843399047851562e-01 1.098039224743843079e-01 5.607843399047851562e-01 3.411764800548553467e-01
5.607843399047851562e-01 3.411764800548553467e-01 5.607843399047851562e-01 3.411764800548553467e-01
6.235294342041015625e-01 3.411764800548553467e-01 5.607843399047851562e-01 3.411764800548553467e-01
5.607843399047851562e-01 3.411764800548553467e-01 5.607843399047851562e-01 1.098039224743843079e-01
5.607843399047851562e-01 1.098039224743843079e-01 3.803921639919281006e-01 1.098039224743843079e-01
3.803921639919281006e-01 1.098039224743843079e-01 3.803921639919281006e-01 2.901960909366607666e-01
3.803921639919281006e-01 2.901960909366607666e-01 3.803921639919281006e-01 5.764706134796142578e-01
3.803921639919281006e-01 5.764706134796142578e-01 3.803921639919281006e-01 8.000000119209289551e-01
3.803921639919281006e-01 8.000000119209289551e-01 5.647059082984924316e-01 8.000000119209289551e-01
5.647059082984924316e-01 8.000000119209289551e-01 6.235294342041015625e-01 8.000000119209289551e-01
6.235294342041015625e-01 8.000000119209289551e-01 6.235294342041015625e-01 4.705882370471954346e-01
6.235294342041015625e-01 4.705882370471954346e-01 6.235294342041015625e-01 4.352941215038299561e-01
6.235294342041015625e-01 4.352941215038299561e-01 6.235294342041015625e-01 3.411764800548553467e-01
6.235294342041015625e-01 3.411764800548553467e-01 6.235294342041015625e-01 3.411764800548553467e-01
3.803921639919281006e-01 8.000000119209289551e-01 1.960784345865249634e-01 8.000000119209289551e-01
1.960784345865249634e-01 8.000000119209289551e-01 1.960784345865249634e-01 8.901960849761962891e-01
1.960784345865249634e-01 8.901960849761962891e-01 5.647059082984924316e-01 8.901960849761962891e-01
5.647059082984924316e-01 8.901960849761962891e-01 5.647059082984924316e-01 8.000000119209289551e-01
5.647059082984924316e-01 8.000000119209289551e-01 3.803921639919281006e-01 8.000000119209289551e-01
3.803921639919281006e-01 8.000000119209289551e-01 3.803921639919281006e-01 8.000000119209289551e-01
3.803921639919281006e-01 1.098039224743843079e-01 2.705882489681243896e-01 1.098039224743843079e-01
2.705882489681243896e-01 1.098039224743843079e-01 2.705882489681243896e-01 2.901960909366607666e-01
2.705882489681243896e-01 2.901960909366607666e-01 3.803921639919281006e-01 2.901960909366607666e-01
3.803921639919281006e-01 2.901960909366607666e-01 3.803921639919281006e-01 1.098039224743843079e-01
3.803921639919281006e-01 1.098039224743843079e-01 3.803921639919281006e-01 1.098039224743843079e-01
