5.176470875740051270e-01 6.941176652908325195e-01 4.745098054409027100e-01 6.941176652908325195e-01
4.745098054409027100e-01 6.941176652908325195e-01 4.745098054409027100e-01 8.196078538894653320e-01
4.745098054409027100e-01 8.196078538894653320e-01 5.176470875740051270e-01 8.196078538894653320e-01
5.176470875740051270e-01 8.196078538894653320e-01 5.803921818733215332e-01 8.196078538894653320e-01
5.803921818733215332e-01 8.196078538894653320e-01 5.803921818733215332e-01 6.941176652908325195e-01
5.803921818733215332e-01 6.941176652908325195e-01 5.176470875740051270e-01 6.941176652908325195e-01
5.176470875740051270e-01 6.941176652908325195e-01 5.176470875740051270e-01 6.941176652908325195e-01
7.529411911964416504e-01 4.745098054409027100e-01 6.745098233222961426e-01 4.745098054409027100e-01
6.745098233222961426e-01 4.745098054409027100e-01 6.745098233222961426e-01 5.686274766921997070e-01
6.745098233222961426e-01 5.686274766921997070e-01 7.529411911964416504e-01 5.686274766921997070e-01
7.529411911964416504e-01 5.686274766921997070e-01 7.529411911964416504e-01 4.745098054409027100e-01
7.529411911964416504e-01 4.745098054409027100e-01 7.529411911964416504e-01 4.745098054409027100e-01
5.803921818733215332e-01 4.745098054409027100e-01 5.803921818733215332e-01 5.686274766921997070e-01
5.803921818733215332e-01 5.686274766921997070e-01 6.745098233222961426e-01 5.686274766921997070e-01
6.745098233222961426e-01 5.686274766921997070e-01 6.745098233222961426e-01 4.745098054409027100e-01
6.745098233222961426e-01 4.745098054409027100e-01 5.803921818733215332e-01 4.745098054409027100e-01
5.803921818733215332e-01 4.745098054409027100e-01 5.803921818733215332e-01 4.745098054409027100e-01
4.745098054409027100e-01 6.941176652908325195e-01 5.176470875740051270e-01 6.941176652908325195e-01
5.176470875740051270e-01 6.941176652908325195e-01 5.176470875740051270e-01 6.313725709915161133e-01
5.176470875740051270e-01 6.313725709915161133e-01 2.509804069995880127e-01 6.313725709915161133e-01
2.509804069995880127e-01 6.313725709915161133e-01 2.509804069995880127e-01 6.941176652908325195e-01
2.509804069995880127e-01 6.941176652908325195e-01 2.509804069995880127e-01 8.196078538894653320e-01
2.509804069995880127e-01 8.196078538894653320e-01 4.745098054409027100e-01 8.196078538894653320e-01
4.745098054409027100e-01 8.196078538894653320e-01 4.745098054409027100e-01 6.941176652908325195e-01
4.745098054409027100e-01 6.941176652908325195e-01 4.745098054409027100e-01 6.941176652908325195e-01
2.509804069995880127e-01 4.745098054409027100e-01 2.509804069995880127e-01 6.313725709915161133e-01
2.509804069995880127e-01 6.313725709915161133e-01 5.176470875740051270e-01 6.313725709915161133e-01
5.176470875740051270e-01 6.313725709915161133e-01 5.176470875740051270e-01 4.745098054409027100e-01
5.176470875740051270e-01 4.745098054409027100e-01 2.509804069995880127e-01 4.745098054409027100e-01
2.509804069995880127e-01 4.745098054409027100e-01 2.509804069995880127e-01 4.745098054409027100e-01
7.529411911964416504e-01 6.941176652908325195e-01 7.529411911964416504e-01 6.352941393852233887e-01
7.529411911964416504e-01 6.352941393852233887e-01 5.803921818733215332e-01 6.352941393852233887e-01
5.803921818733215332e-01 6.352941393852233887e-01 5.803921818733215332e-01 6.941176652908325195e-01
5.803921818733215332e-01 6.941176652908325195e-01 5.803921818733215332e-01 8.196078538894653320e-01
5.803921818733215332e-01 8.196078538894653320e-01 7.529411911964416504e-01 8.196078538894653320e-01
7.529411911964416504e-01 8.196078538894653320e-01 7.529411911964416504e-01 6.941176652908325195e-01
7.529411911964416504e-01 6.941176652908325195e-01 7.529411911964416504e-01 6.941176652908325195e-01
5.176470875740051270e-01 6.941176652908325195e-01 5.803921818733215332e-01 6.941176652908325195e-01
5.803921818733215332e-01 6.941176652908325195e-01 5.803921818733215332e-01 6.352941393852233887e-01
5.803921818733215332e-01 6.352941393852233887e-01 5.803921818733215332e-01 5.686274766921997070e-01
5.803921818733215332e-01 5.686274766921997070e-01 5.803921818733215332e-01 4.745098054409027100e-01
5.803921818733215332e-01 4.745098054409027100e-01 6.745098233222961426e-01 4.745098054409027100e-01
6.745098233222961426e-01 4.745098054409027100e-01 7.529411911964416504e-01 4.745098054409027100e-01
7.529411911964416504e-01 4.745098054409027100e-01 8.470588326454162598e-01 4.745098054409027100e-01
8.470588326454162598e-01 4.745098054409027100e-01 8.470588326454162598e-01 3.215686380863189697e-01
8.470588326454162598e-01 3.215686380863189697e-01 6.156862974166870117e-01 3.215686380863189697e-01
6.156862974166870117e-01 3.215686380863189697e-01 6.156862974166870117e-01 1.803921610116958618e-01
6.156862974166870117e-01 1.803921610116958618e-01 2.509804069995880127e-01 1.803921610116958618e-01
2.509804069995880127e-01 1.803921610116958618e-01 2.509804069995880127e-01 2.509804069995880127e-01
2.509804069995880127e-01 2.509804069995880127e-01 2.509804069995880127e-01 4.745098054409027100e-01
2.509804069995880127e-01 4.745098054409027100e-01 5.176470875740051270e-01 4.745098054409027100e-01
5.176470875740051270e-01 4.745098054409027100e-01 5.176470875740051270e-01 6.313725709915161133e-01
5.176470875740051270e-01 6.313725709915161133e-01 5.176470875740051270e-01 6.941176652908325195e-01
5.176470875740051270e-01 6.941176652908325195e-01 5.176470875740051270e-01 6.941176652908325195e-01
2.509804069995880127e-01 4.745098054409027100e-01 2.509804069995880127e-01 2.509804069995880127e-01
2.509804069995880127e-01 2.509804069995880127e-01 1.529411822557449341e-01 2.509804069995880127e-01
1.529411822557449341e-01 2.509804069995880127e-01 1.529411822557449341e-01 6.313725709915161133e-01
1.529411822557449341e-01 6.313725709915161133e-01 2.509804069995880127e-01 6.313725709915161133e-01
2.509804069995880127e-01 6.313725709915161133e-01 2.509804069995880127e-01 4.745098054409027100e-01
2.509804069995880127e-01 4.745098054409027100e-01 2.509804069995880127e-01 4.745098054409027100e-01
7.529411911964416504e-01 6.941176652908325195e-01 8.470588326454162598e-01 6.941176652908325195e-01
8.470588326454162598e-01 6.941176652908325195e-01 8.470588326454162598e-01 6.352941393852233887e-01
8.470588326454162598e-01 6.352941393852233887e-01 8.470588326454162598e-01 4.745098054409027100e-01
8.470588326454162598e-01 4.745098054409027100e-01 7.529411911964416504e-01 4.745098054409027100e-01
7.529411911964416504e-01 4.745098054409027100e-01 7.529411911964416504e-01 5.686274766921997070e-01
7.529411911964416504e-01 5.686274766921997070e-01 7.529411911964416504e-01 6.352941393852233887e-01
7.529411911964416504e-01 6.352941393852233887e-01 7.529411911964416504e-01 6.941176652908325195e-01
7.529411911964416504e-01 6.941176652908325195e-01 7.529411911964416504e-01 6.941176652908325195e-01
5.803921818733215332e-01 5.686274766921997070e-01 5.803921818733215332e-01 6.352941393852233887e-01
5.803921818733215332e-01 6.352941393852233887e-01 7.529411911964416504e-01 6.352941393852233887e-01
7.529411911964416504e-01 6.352941393852233887e-01 7.529411911964416504e-01 5.686274766921997070e-01
7.529411911964416504e-01 5.686274766921997070e-01 6.745098233222961426e-01 5.686274766921997070e-01
6.745098233222961426e-01 5.686274766921997070e-01 5.803921818733215332e-01 5.686274766921997070e-01
5.803921818733215332e-01 5.686274766921997070e-01 5.803921818733215332e-01 5.686274766921997070e-01
8.470588326454162598e-01 1.803921610116958618e-01 6.156862974166870117e-01 1.803921610116958618e-01
6.156862974166870117e-01 1.803921610116958618e-01 6.156862974166870117e-01 3.215686380863189697e-01
6.156862974166870117e-01 3.215686380863189697e-01 8.470588326454162598e-01 3.215686380863189697e-01
8.470588326454162598e-01 3.215686380863189697e-01 8.470588326454162598e-01 1.803921610116958618e-01
8.470588326454162598e-01 1.803921610116958618e-01 8.470588326454162598e-01 1.803921610116958618e-01
