5.137255191802978516e-01 2.000000029802322388e-01 3.882353007793426514e-01 2.000000029802322388e-01
3.882353007793426514e-01 2.000000029802322388e-01 3.882353007793426514e-01 3.450980484485626221e-01
3.882353007793426514e-01 3.450980484485626221e-01 5.137255191802978516e-01 3.450980484485626221e-01
5.137255191802978516e-01 3.450980484485626221e-01 5.137255191802978516e-01 2.470588237047195435e-01
5.137255191802978516e-01 2.470588237047195435e-01 5.137255191802978516e-01 2.000000029802322388e-01
5.137255191802978516e-01 2.000000029802322388e-01 5.137255191802978516e-01 2.000000029802322388e-01
5.137255191802978516e-01 2.470588237047195435e-01 5.137255191802978516e-01 3.450980484485626221e-01
5.137255191802978516e-01 3.450980484485626221e-01 6.431372761726379395e-01 3.450980484485626221e-01
6.431372761726379395e-01 3.450980484485626221e-01 6.431372761726379395e-01 2.470588237047195435e-01
6.431372761726379395e-01 2.470588237047195435e-01 5.137255191802978516e-01 2.470588237047195435e-01
5.137255191802978516e-01 2.470588237047195435e-01 5.137255191802978516e-01 2.470588237047195435e-01
1.568627506494522095e-01 4.000000059604644775e-01 1.058823540806770325e-01 4.000000059604644775e-01
1.058823540806770325e-01 4.000000059604644775e-01 1.058823540806770325e-01 6.313725709915161133e-01
1.058823540806770325e-01 6.313725709915161133e-01 2.156862765550613403e-01 6.313725709915161133e-01
2.156862765550613403e-01 6.313725709915161133e-01 2.156862765550613403e-01 4.000000059604644775e-01
2.156862765550613403e-01 4.000000059604644775e-01 1.568627506494522095e-01 4.000000059604644775e-01
1.568627506494522095e-01 4.000000059604644775e-01 1.568627506494522095e-01 4.000000059604644775e-01
3.882353007793426514e-01 2.000000029802322388e-01 1.568627506494522095e-01 2.000000029802322388e-01
1.568627506494522095e-01 2.000000029802322388e-01 1.568627506494522095e-01 4.000000059604644775e-01
1.568627506494522095e-01 4.000000059604644775e-01 2.156862765550613403e-01 4.000000059604644775e-01
2.156862765550613403e-01 4.000000059604644775e-01 5.137255191802978516e-01 4.000000059604644775e-01
5.137255191802978516e-01 4.000000059604644775e-01 5.137255191802978516e-01 3.450980484485626221e-01
5.137255191802978516e-01 3.450980484485626221e-01 3.882353007793426514e-01 3.450980484485626221e-01
3.882353007793426514e-01 3.450980484485626221e-01 3.882353007793426514e-01 2.000000029802322388e-01
3.882353007793426514e-01 2.000000029802322388e-01 3.882353007793426514e-01 2.000000029802322388e-01
4.470588266849517822e-01 6.352941393852233887e-01 2.156862765550613403e-01 6.352941393852233887e-01
2.156862765550613403e-01 6.352941393852233887e-01 2.156862765550613403e-01 7.019608020782470703e-01
2.156862765550613403e-01 7.019608020782470703e-01 2.156862765550613403e-01 8.000000119209289551e-01
2.156862765550613403e-01 8.000000119209289551e-01 4.470588266849517822e-01 8.000000119209289551e-01
4.470588266849517822e-01 8.000000119209289551e-01 4.470588266849517822e-01 7.019608020782470703e-01
4.470588266849517822e-01 7.019608020782470703e-01 4.470588266849517822e-01 6.352941393852233887e-01
4.470588266849517822e-01 6.352941393852233887e-01 4.470588266849517822e-01 6.352941393852233887e-01
7.960784435272216797e-01 2.470588237047195435e-01 6.431372761726379395e-01 2.470588237047195435e-01
6.431372761726379395e-01 2.470588237047195435e-01 6.431372761726379395e-01 3.450980484485626221e-01
6.431372761726379395e-01 3.450980484485626221e-01 6.431372761726379395e-01 4.039215743541717529e-01
6.431372761726379395e-01 4.039215743541717529e-01 6.784313917160034180e-01 4.039215743541717529e-01
6.784313917160034180e-01 4.039215743541717529e-01 7.960784435272216797e-01 4.039215743541717529e-01
7.960784435272216797e-01 4.039215743541717529e-01 7.960784435272216797e-01 2.470588237047195435e-01
7.960784435272216797e-01 2.470588237047195435e-01 7.960784435272216797e-01 2.470588237047195435e-01
5.137255191802978516e-01 4.000000059604644775e-01 2.156862765550613403e-01 4.000000059604644775e-01
2.156862765550613403e-01 4.000000059604644775e-01 2.156862765550613403e-01 6.313725709915161133e-01
2.156862765550613403e-01 6.313725709915161133e-01 2.156862765550613403e-01 6.352941393852233887e-01
2.156862765550613403e-01 6.352941393852233887e-01 4.470588266849517822e-01 6.352941393852233887e-01
4.470588266849517822e-01 6.352941393852233887e-01 4.470588266849517822e-01 7.019608020782470703e-01
4.470588266849517822e-01 7.019608020782470703e-01 6.784313917160034180e-01 7.019608020782470703e-01
6.784313917160034180e-01 7.019608020782470703e-01 6.784313917160034180e-01 6.039215922355651855e-01
6.784313917160034180e-01 6.039215922355651855e-01 6.784313917160034180e-01 4.039215743541717529e-01
6.784313917160034180e-01 4.039215743541717529e-01 6.431372761726379395e-01 4.039215743541717529e-01
6.431372761726379395e-01 4.039215743541717529e-01 6.431372761726379395e-01 3.450980484485626221e-01
6.431372761726379395e-01 3.450980484485626221e-01 5.137255191802978516e-01 3.450980484485626221e-01
5.137255191802978516e-01 3.450980484485626221e-01 5.137255191802978516e-01 4.000000059604644775e-01
5.137255191802978516e-01 4.000000059604644775e-01 5.137255191802978516e-01 4.000000059604644775e-01
7.960784435272216797e-01 4.039215743541717529e-01 6.784313917160034180e-01 4.039215743541717529e-01
6.784313917160034180e-01 4.039215743541717529e-01 6.784313917160034180e-01 6.039215922355651855e-01
6.784313917160034180e-01 6.039215922355651855e-01 8.980392217636108398e-01 6.039215922355651855e-01
8.980392217636108398e-01 6.039215922355651855e-01 8.980392217636108398e-01 4.039215743541717529e-01
8.980392217636108398e-01 4.039215743541717529e-01 7.960784435272216797e-01 4.039215743541717529e-01
7.960784435272216797e-01 4.039215743541717529e-01 7.960784435272216797e-01 4.039215743541717529e-01
