5.137255191802978516e-01 3.921568691730499268e-01 6.313725709915161133e-01 3.921568691730499268e-01
6.313725709915161133e-01 3.921568691730499268e-01 6.745098233222961426e-01 3.921568691730499268e-01
6.745098233222961426e-01 3.921568691730499268e-01 6.745098233222961426e-01 2.509804069995880127e-01
6.745098233222961426e-01 2.509804069995880127e-01 6.313725709915161133e-01 2.509804069995880127e-01
6.313725709915161133e-01 2.509804069995880127e-01 5.137255191802978516e-01 2.509804069995880127e-01
5.137255191802978516e-01 2.509804069995880127e-01 5.137255191802978516e-01 3.921568691730499268e-01
5.137255191802978516e-01 3.921568691730499268e-01 5.137255191802978516e-01 3.921568691730499268e-01
4.039215743541717529e-01 2.509804069995880127e-01 4.470588266849517822e-01 2.509804069995880127e-01
4.470588266849517822e-01 2.509804069995880127e-01 4.470588266849517822e-01 1.372549086809158325e-01
4.470588266849517822e-01 1.372549086809158325e-01 4.039215743541717529e-01 1.372549086809158325e-01
4.039215743541717529e-01 1.372549086809158325e-01 3.450980484485626221e-01 1.372549086809158325e-01
3.450980484485626221e-01 1.372549086809158325e-01 3.450980484485626221e-01 2.509804069995880127e-01
3.450980484485626221e-01 2.509804069995880127e-01 4.039215743541717529e-01 2.509804069995880127e-01
4.039215743541717529e-01 2.509804069995880127e-01 4.039215743541717529e-01 2.509804069995880127e-01
7.333333492279052734e-01 8.274509906768798828e-01 5.568627715110778809e-01 8.274509906768798828e-01
5.568627715110778809e-01 8.274509906768798828e-01 5.568627715110778809e-01 9.058823585510253906e-01
5.568627715110778809e-01 9.058823585510253906e-01 7.333333492279052734e-01 9.058823585510253906e-01
7.333333492279052734e-01 9.058823585510253906e-01 7.333333492279052734e-01 8.274509906768798828e-01
7.333333492279052734e-01 8.274509906768798828e-01 7.333333492279052734e-01 8.274509906768798828e-01
6.745098233222961426e-01 7.058823853731155396e-02 4.039215743541717529e-01 7.058823853731155396e-02
4.039215743541717529e-01 7.058823853731155396e-02 4.039215743541717529e-01 1.372549086809158325e-01
4.039215743541717529e-01 1.372549086809158325e-01 4.470588266849517822e-01 1.372549086809158325e-01
4.470588266849517822e-01 1.372549086809158325e-01 4.470588266849517822e-01 2.509804069995880127e-01
4.470588266849517822e-01 2.509804069995880127e-01 4.039215743541717529e-01 2.509804069995880127e-01
4.039215743541717529e-01 2.509804069995880127e-01 4.039215743541717529e-01 3.921568691730499268e-01
4.039215743541717529e-01 3.921568691730499268e-01 5.137255191802978516e-01 3.921568691730499268e-01
5.137255191802978516e-01 3.921568691730499268e-01 5.137255191802978516e-01 2.509804069995880127e-01
5.137255191802978516e-01 2.509804069995880127e-01 6.313725709915161133e-01 2.509804069995880127e-01
6.313725709915161133e-01 2.509804069995880127e-01 6.745098233222961426e-01 2.509804069995880127e-01
6.745098233222961426e-01 2.509804069995880127e-01 6.745098233222961426e-01 7.058823853731155396e-02
6.745098233222961426e-01 7.058823853731155396e-02 6.745098233222961426e-01 7.058823853731155396e-02
3.450980484485626221e-01 1.372549086809158325e-01 1.450980454683303833e-01 1.372549086809158325e-01
1.450980454683303833e-01 1.372549086809158325e-01 1.450980454683303833e-01 3.294117748737335205e-01
1.450980454683303833e-01 3.294117748737335205e-01 3.450980484485626221e-01 3.294117748737335205e-01
3.450980484485626221e-01 3.294117748737335205e-01 3.450980484485626221e-01 2.509804069995880127e-01
3.450980484485626221e-01 2.509804069995880127e-01 3.450980484485626221e-01 1.372549086809158325e-01
3.450980484485626221e-01 1.372549086809158325e-01 3.450980484485626221e-01 1.372549086809158325e-01
3.450980484485626221e-01 3.294117748737335205e-01 1.450980454683303833e-01 3.294117748737335205e-01
1.450980454683303833e-01 3.294117748737335205e-01 1.450980454683303833e-01 4.862745106220245361e-01
1.450980454683303833e-01 4.862745106220245361e-01 3.450980484485626221e-01 4.862745106220245361e-01
3.450980484485626221e-01 4.862745106220245361e-01 3.450980484485626221e-01 3.294117748737335205e-01
3.450980484485626221e-01 3.294117748737335205e-01 3.450980484485626221e-01 3.294117748737335205e-01
5.137255191802978516e-01 3.921568691730499268e-01 4.039215743541717529e-01 3.921568691730499268e-01
4.039215743541717529e-01 3.921568691730499268e-01 4.039215743541717529e-01 2.509804069995880127e-01
4.039215743541717529e-01 2.509804069995880127e-01 3.450980484485626221e-01 2.509804069995880127e-01
3.450980484485626221e-01 2.509804069995880127e-01 3.450980484485626221e-01 3.294117748737335205e-01
3.450980484485626221e-01 3.294117748737335205e-01 3.450980484485626221e-01 4.862745106220245361e-01
3.450980484485626221e-01 4.862745106220245361e-01 3.450980484485626221e-01 9.058823585510253906e-01
3.450980484485626221e-01 9.058823585510253906e-01 5.568627715110778809e-01 9.058823585510253906e-01
5.568627715110778809e-01 9.058823585510253906e-01 5.568627715110778809e-01 8.274509906768798828e-01
5.568627715110778809e-01 8.274509906768798828e-01 7.333333492279052734e-01 8.274509906768798828e-01
7.333333492279052734e-01 8.274509906768798828e-01 7.725490331649780273e-01 8.274509906768798828e-01
7.725490331649780273e-01 8.274509906768798828e-01 7.725490331649780273e-01 2.509804069995880127e-01
7.725490331649780273e-01 2.509804069995880127e-01 6.745098233222961426e-01 2.509804069995880127e-01
6.745098233222961426e-01 2.509804069995880127e-01 6.745098233222961426e-01 3.921568691730499268e-01
6.745098233222961426e-01 3.921568691730499268e-01 6.313725709915161133e-01 3.921568691730499268e-01
6.313725709915161133e-01 3.921568691730499268e-01 5.137255191802978516e-01 3.921568691730499268e-01
5.137255191802978516e-01 3.921568691730499268e-01 5.137255191802978516e-01 3.921568691730499268e-01
7.725490331649780273e-01 8.274509906768798828e-01 7.333333492279052734e-01 8.274509906768798828e-01
7.333333492279052734e-01 8.274509906768798828e-01 7.333333492279052734e-01 9.058823585510253906e-01
7.333333492279052734e-01 9.058823585510253906e-01 7.725490331649780273e-01 9.058823585510253906e-01
7.725490331649780273e-01 9.058823585510253906e-01 8.549019694328308105e-01 9.058823585510253906e-01
8.549019694328308105e-01 9.058823585510253906e-01 8.549019694328308105e-01 8.274509906768798828e-01
8.549019694328308105e-01 8.274509906768798828e-01 7.725490331649780273e-01 8.274509906768798828e-01
7.725490331649780273e-01 8.274509906768798828e-01 7.725490331649780273e-01 8.274509906768798828e-01
