5.333333611488342285e-01 1.764705926179885864e-01 4.470588266849517822e-01 1.764705926179885864e-01
4.470588266849517822e-01 1.764705926179885864e-01 4.470588266849517822e-01 2.392156869173049927e-01
4.470588266849517822e-01 2.392156869173049927e-01 4.470588266849517822e-01 3.294117748737335205e-01
4.470588266849517822e-01 3.294117748737335205e-01 5.333333611488342285e-01 3.294117748737335205e-01
5.333333611488342285e-01 3.294117748737335205e-01 5.843137502670288086e-01 3.294117748737335205e-01
5.843137502670288086e-01 3.294117748737335205e-01 5.843137502670288086e-01 1.764705926179885864e-01
5.843137502670288086e-01 1.764705926179885864e-01 5.333333611488342285e-01 1.764705926179885864e-01
5.333333611488342285e-01 1.764705926179885864e-01 5.333333611488342285e-01 1.764705926179885864e-01
2.039215713739395142e-01 4.039215743541717529e-01 1.254902034997940063e-01 4.039215743541717529e-01
1.254902034997940063e-01 4.039215743541717529e-01 1.254902034997940063e-01 5.176470875740051270e-01
1.254902034997940063e-01 5.176470875740051270e-01 2.666666805744171143e-01 5.176470875740051270e-01
2.666666805744171143e-01 5.176470875740051270e-01 2.666666805744171143e-01 4.039215743541717529e-01
2.666666805744171143e-01 4.039215743541717529e-01 2.039215713739395142e-01 4.039215743541717529e-01
2.039215713739395142e-01 4.039215743541717529e-01 2.039215713739395142e-01 4.039215743541717529e-01
2.666666805744171143e-01 5.176470875740051270e-01 1.254902034997940063e-01 5.176470875740051270e-01
1.254902034997940063e-01 5.176470875740051270e-01 1.254902034997940063e-01 6.941176652908325195e-01
1.254902034997940063e-01 6.941176652908325195e-01 2.666666805744171143e-01 6.941176652908325195e-01
2.666666805744171143e-01 6.941176652908325195e-01 2.666666805744171143e-01 5.176470875740051270e-01
2.666666805744171143e-01 5.176470875740051270e-01 2.666666805744171143e-01 5.176470875740051270e-01
8.627451062202453613e-01 1.764705926179885864e-01 5.843137502670288086e-01 1.764705926179885864e-01
5.843137502670288086e-01 1.764705926179885864e-01 5.843137502670288086e-01 3.294117748737335205e-01
5.843137502670288086e-01 3.294117748737335205e-01 5.333333611488342285e-01 3.294117748737335205e-01
5.333333611488342285e-01 3.294117748737335205e-01 5.333333611488342285e-01 3.921568691730499268e-01
5.333333611488342285e-01 3.921568691730499268e-01 7.803921699523925781e-01 3.921568691730499268e-01
7.803921699523925781e-01 3.921568691730499268e-01 8.627451062202453613e-01 3.921568691730499268e-01
8.627451062202453613e-01 3.921568691730499268e-01 8.627451062202453613e-01 1.764705926179885864e-01
8.627451062202453613e-01 1.764705926179885864e-01 8.627451062202453613e-01 1.764705926179885864e-01
4.470588266849517822e-01 3.294117748737335205e-01 4.470588266849517822e-01 2.392156869173049927e-01
4.470588266849517822e-01 2.392156869173049927e-01 2.039215713739395142e-01 2.392156869173049927e-01
2.039215713739395142e-01 2.392156869173049927e-01 2.039215713739395142e-01 4.039215743541717529e-01
2.039215713739395142e-01 4.039215743541717529e-01 2.666666805744171143e-01 4.039215743541717529e-01
2.666666805744171143e-01 4.039215743541717529e-01 4.470588266849517822e-01 4.039215743541717529e-01
4.470588266849517822e-01 4.039215743541717529e-01 4.470588266849517822e-01 3.294117748737335205e-01
4.470588266849517822e-01 3.294117748737335205e-01 4.470588266849517822e-01 3.294117748737335205e-01
5.333333611488342285e-01 3.294117748737335205e-01 4.470588266849517822e-01 3.294117748737335205e-01
4.470588266849517822e-01 3.294117748737335205e-01 4.470588266849517822e-01 4.039215743541717529e-01
4.470588266849517822e-01 4.039215743541717529e-01 2.666666805744171143e-01 4.039215743541717529e-01
2.666666805744171143e-01 4.039215743541717529e-01 2.666666805744171143e-01 5.176470875740051270e-01
2.666666805744171143e-01 5.176470875740051270e-01 2.666666805744171143e-01 6.941176652908325195e-01
2.666666805744171143e-01 6.941176652908325195e-01 2.666666805744171143e-01 8.235294222831726074e-01
2.666666805744171143e-01 8.235294222831726074e-01 7.803921699523925781e-01 8.235294222831726074e-01
7.803921699523925781e-01 8.235294222831726074e-01 7.803921699523925781e-01 5.882353186607360840e-01
7.803921699523925781e-01 5.882353186607360840e-01 5.333333611488342285e-01 5.882353186607360840e-01
5.333333611488342285e-01 5.882353186607360840e-01 5.333333611488342285e-01 3.921568691730499268e-01
5.333333611488342285e-01 3.921568691730499268e-01 5.333333611488342285e-01 3.294117748737335205e-01
5.333333611488342285e-01 3.294117748737335205e-01 5.333333611488342285e-01 3.294117748737335205e-01
7.803921699523925781e-01 8.235294222831726074e-01 8.784313797950744629e-01 8.235294222831726074e-01
8.784313797950744629e-01 8.235294222831726074e-01 8.784313797950744629e-01 5.882353186607360840e-01
8.784313797950744629e-01 5.882353186607360840e-01 7.803921699523925781e-01 5.882353186607360840e-01
7.803921699523925781e-01 5.882353186607360840e-01 7.803921699523925781e-01 8.235294222831726074e-01
7.803921699523925781e-01 8.235294222831726074e-01 7.803921699523925781e-01 8.235294222831726074e-01
7.803921699523925781e-01 5.882353186607360840e-01 7.803921699523925781e-01 3.921568691730499268e-01
7.803921699523925781e-01 3.921568691730499268e-01 5.333333611488342285e-01 3.921568691730499268e-01
5.333333611488342285e-01 3.921568691730499268e-01 5.333333611488342285e-01 5.882353186607360840e-01
5.333333611488342285e-01 5.882353186607360840e-01 7.803921699523925781e-01 5.882353186607360840e-01
7.803921699523925781e-01 5.882353186607360840e-01 7.803921699523925781e-01 5.882353186607360840e-01
