6.980392336845397949e-01 8.705882430076599121e-01 6.980392336845397949e-01 6.705882549285888672e-01
6.980392336845397949e-01 6.705882549285888672e-01 6.039215922355651855e-01 6.705882549285888672e-01
6.039215922355651855e-01 6.705882549285888672e-01 6.039215922355651855e-01 8.705882430076599121e-01
6.039215922355651855e-01 8.705882430076599121e-01 6.980392336845397949e-01 8.705882430076599121e-01
6.980392336845397949e-01 8.705882430076599121e-01 6.980392336845397949e-01 8.705882430076599121e-01
6.980392336845397949e-01 1.333333402872085571e-01 5.372549295425415039e-01 1.333333402872085571e-01
5.372549295425415039e-01 1.333333402872085571e-01 5.372549295425415039e-01 2.078431397676467896e-01
5.372549295425415039e-01 2.078431397676467896e-01 6.980392336845397949e-01 2.078431397676467896e-01
6.980392336845397949e-01 2.078431397676467896e-01 6.980392336845397949e-01 1.333333402872085571e-01
6.980392336845397949e-01 1.333333402872085571e-01 6.980392336845397949e-01 1.333333402872085571e-01
5.372549295425415039e-01 1.333333402872085571e-01 3.019607961177825928e-01 1.333333402872085571e-01
3.019607961177825928e-01 1.333333402872085571e-01 3.019607961177825928e-01 3.176470696926116943e-01
3.019607961177825928e-01 3.176470696926116943e-01 4.352941215038299561e-01 3.176470696926116943e-01
4.352941215038299561e-01 3.176470696926116943e-01 4.352941215038299561e-01 3.843137323856353760e-01
4.352941215038299561e-01 3.843137323856353760e-01 5.372549295425415039e-01 3.843137323856353760e-01
5.372549295425415039e-01 3.843137323856353760e-01 5.372549295425415039e-01 2.078431397676467896e-01
5.372549295425415039e-01 2.078431397676467896e-01 5.372549295425415039e-01 1.333333402872085571e-01
5.372549295425415039e-01 1.333333402872085571e-01 5.372549295425415039e-01 1.333333402872085571e-01
6.980392336845397949e-01 3.843137323856353760e-01 6.980392336845397949e-01 2.078431397676467896e-01
6.980392336845397949e-01 2.078431397676467896e-01 5.372549295425415039e-01 2.078431397676467896e-01
5.372549295425415039e-01 2.078431397676467896e-01 5.372549295425415039e-01 3.843137323856353760e-01
5.372549295425415039e-01 3.843137323856353760e-01 5.372549295425415039e-01 4.784313738346099854e-01
5.372549295425415039e-01 4.784313738346099854e-01 6.980392336845397949e-01 4.784313738346099854e-01
6.980392336845397949e-01 4.784313738346099854e-01 6.980392336845397949e-01 3.843137323856353760e-01
6.980392336845397949e-01 3.843137323856353760e-01 6.980392336845397949e-01 3.843137323856353760e-01
4.352941215038299561e-01 3.843137323856353760e-01 4.352941215038299561e-01 3.176470696926116943e-01
4.352941215038299561e-01 3.176470696926116943e-01 3.019607961177825928e-01 3.176470696926116943e-01
3.019607961177825928e-01 3.176470696926116943e-01 3.019607961177825928e-01 3.843137323856353760e-01
3.019607961177825928e-01 3.843137323856353760e-01 3.019607961177825928e-01 4.784313738346099854e-01
3.019607961177825928e-01 4.784313738346099854e-01 4.352941215038299561e-01 4.784313738346099854e-01
4.352941215038299561e-01 4.784313738346099854e-01 4.352941215038299561e-01 3.843137323856353760e-01
4.352941215038299561e-01 3.843137323856353760e-01 4.352941215038299561e-01 3.843137323856353760e-01
5.372549295425415039e-01 3.843137323856353760e-01 4.352941215038299561e-01 3.843137323856353760e-01
4.352941215038299561e-01 3.843137323856353760e-01 4.352941215038299561e-01 4.784313738346099854e-01
4.352941215038299561e-01 4.784313738346099854e-01 4.352941215038299561e-01 6.705882549285888672e-01
4.352941215038299561e-01 6.705882549285888672e-01 4.352941215038299561e-01 8.705882430076599121e-01
4.352941215038299561e-01 8.705882430076599121e-01 6.039215922355651855e-01 8.705882430076599121e-01
6.039215922355651855e-01 8.705882430076599121e-01 6.039215922355651855e-01 6.705882549285888672e-01
6.039215922355651855e-01 6.705882549285888672e-01 6.980392336845397949e-01 6.705882549285888672e-01
6.980392336845397949e-01 6.705882549285888672e-01 6.980392336845397949e-01 4.784313738346099854e-01
6.980392336845397949e-01 4.784313738346099854e-01 5.372549295425415039e-01 4.784313738346099854e-01
5.372549295425415039e-01 4.784313738346099854e-01 5.372549295425415039e-01 3.843137323856353760e-01
5.372549295425415039e-01 3.843137323856353760e-01 5.372549295425415039e-01 3.843137323856353760e-01
4.352941215038299561e-01 8.705882430076599121e-01 4.352941215038299561e-01 6.705882549285888672e-01
4.352941215038299561e-01 6.705882549285888672e-01 3.176470696926116943e-01 6.705882549285888672e-01
3.176470696926116943e-01 6.705882549285888672e-01 3.176470696926116943e-01 8.705882430076599121e-01
3.176470696926116943e-01 8.705882430076599121e-01 4.352941215038299561e-01 8.705882430076599121e-01
4.352941215038299561e-01 8.705882430076599121e-01 4.352941215038299561e-01 8.705882430076599121e-01
