4.862745106220245361e-01 5.647059082984924316e-01 3.764705955982208252e-01 5.647059082984924316e-01
3.764705955982208252e-01 5.647059082984924316e-01 3.764705955982208252e-01 6.941176652908325195e-01
3.764705955982208252e-01 6.941176652908325195e-01 4.862745106220245361e-01 6.941176652908325195e-01
4.862745106220245361e-01 6.941176652908325195e-01 4.862745106220245361e-01 5.647059082984924316e-01
4.862745106220245361e-01 5.647059082984924316e-01 4.862745106220245361e-01 5.647059082984924316e-01
4.980392158031463623e-01 3.058823645114898682e-01 3.960784375667572021e-01 3.058823645114898682e-01
3.960784375667572021e-01 3.058823645114898682e-01 3.960784375667572021e-01 5.019608139991760254e-01
3.960784375667572021e-01 5.019608139991760254e-01 4.980392158031463623e-01 5.019608139991760254e-01
4.980392158031463623e-01 5.019608139991760254e-01 4.980392158031463623e-01 3.058823645114898682e-01
4.980392158031463623e-01 3.058823645114898682e-01 4.980392158031463623e-01 3.058823645114898682e-01
5.647059082984924316e-01 6.941176652908325195e-01 7.921568751335144043e-01 6.941176652908325195e-01
7.921568751335144043e-01 6.941176652908325195e-01 7.921568751335144043e-01 5.019608139991760254e-01
7.921568751335144043e-01 5.019608139991760254e-01 7.411764860153198242e-01 5.019608139991760254e-01
7.411764860153198242e-01 5.019608139991760254e-01 6.784313917160034180e-01 5.019608139991760254e-01
6.784313917160034180e-01 5.019608139991760254e-01 5.647059082984924316e-01 5.019608139991760254e-01
5.647059082984924316e-01 5.019608139991760254e-01 5.647059082984924316e-01 5.647059082984924316e-01
5.647059082984924316e-01 5.647059082984924316e-01 5.647059082984924316e-01 6.941176652908325195e-01
5.647059082984924316e-01 6.941176652908325195e-01 5.647059082984924316e-01 6.941176652908325195e-01
5.647059082984924316e-01 3.058823645114898682e-01 4.980392158031463623e-01 3.058823645114898682e-01
4.980392158031463623e-01 3.058823645114898682e-01 4.980392158031463623e-01 5.019608139991760254e-01
4.980392158031463623e-01 5.019608139991760254e-01 5.647059082984924316e-01 5.019608139991760254e-01
5.647059082984924316e-01 5.019608139991760254e-01 6.784313917160034180e-01 5.019608139991760254e-01
6.784313917160034180e-01 5.019608139991760254e-01 6.784313917160034180e-01 3.058823645114898682e-01
6.784313917160034180e-01 3.058823645114898682e-01 5.647059082984924316e-01 3.058823645114898682e-01
5.647059082984924316e-01 3.058823645114898682e-01 5.647059082984924316e-01 3.058823645114898682e-01
3.764705955982208252e-01 5.647059082984924316e-01 4.862745106220245361e-01 5.647059082984924316e-01
4.862745106220245361e-01 5.647059082984924316e-01 5.647059082984924316e-01 5.647059082984924316e-01
5.647059082984924316e-01 5.647059082984924316e-01 5.647059082984924316e-01 5.019608139991760254e-01
5.647059082984924316e-01 5.019608139991760254e-01 4.980392158031463623e-01 5.019608139991760254e-01
4.980392158031463623e-01 5.019608139991760254e-01 3.960784375667572021e-01 5.019608139991760254e-01
3.960784375667572021e-01 5.019608139991760254e-01 3.960784375667572021e-01 3.058823645114898682e-01
3.960784375667572021e-01 3.058823645114898682e-01 2.117647081613540649e-01 3.058823645114898682e-01
2.117647081613540649e-01 3.058823645114898682e-01 2.117647081613540649e-01 6.941176652908325195e-01
2.117647081613540649e-01 6.941176652908325195e-01 3.764705955982208252e-01 6.941176652908325195e-01
3.764705955982208252e-01 6.941176652908325195e-01 3.764705955982208252e-01 5.647059082984924316e-01
3.764705955982208252e-01 5.647059082984924316e-01 3.764705955982208252e-01 5.647059082984924316e-01
7.411764860153198242e-01 3.058823645114898682e-01 6.784313917160034180e-01 3.058823645114898682e-01
6.784313917160034180e-01 3.058823645114898682e-01 6.784313917160034180e-01 5.019608139991760254e-01
6.784313917160034180e-01 5.019608139991760254e-01 7.411764860153198242e-01 5.019608139991760254e-01
7.411764860153198242e-01 5.019608139991760254e-01 7.411764860153198242e-01 3.058823645114898682e-01
7.411764860153198242e-01 3.058823645114898682e-01 7.411764860153198242e-01 3.058823645114898682e-01
5.647059082984924316e-01 5.647059082984924316e-01 4.862745106220245361e-01 5.647059082984924316e-01
4.862745106220245361e-01 5.647059082984924316e-01 4.862745106220245361e-01 6.941176652908325195e-01
4.862745106220245361e-01 6.941176652908325195e-01 5.647059082984924316e-01 6.941176652908325195e-01
5.647059082984924316e-01 6.941176652908325195e-01 5.647059082984924316e-01 5.647059082984924316e-01
5.647059082984924316e-01 5.647059082984924316e-01 5.647059082984924316e-01 5.647059082984924316e-01
