8.392156958580017090e-01 6.823529601097106934e-01 8.392156958580017090e-01 5.803921818733215332e-01
8.392156958580017090e-01 5.803921818733215332e-01 6.980392336845397949e-01 5.803921818733215332e-01
6.980392336845397949e-01 5.803921818733215332e-01 6.980392336845397949e-01 6.823529601097106934e-01
6.980392336845397949e-01 6.823529601097106934e-01 8.392156958580017090e-01 6.823529601097106934e-01
8.392156958580017090e-01 6.823529601097106934e-01 8.392156958580017090e-01 6.823529601097106934e-01
6.980392336845397949e-01 5.803921818733215332e-01 6.078431606292724609e-01 5.803921818733215332e-01
6.078431606292724609e-01 5.803921818733215332e-01 6.078431606292724609e-01 6.823529601097106934e-01
6.078431606292724609e-01 6.823529601097106934e-01 6.980392336845397949e-01 6.823529601097106934e-01
6.980392336845397949e-01 6.823529601097106934e-01 6.980392336845397949e-01 5.803921818733215332e-01
6.980392336845397949e-01 5.803921818733215332e-01 6.980392336845397949e-01 5.803921818733215332e-01
2.509804069995880127e-01 6.823529601097106934e-01 2.509804069995880127e-01 6.078431606292724609e-01
2.509804069995880127e-01 6.078431606292724609e-01 1.607843190431594849e-01 6.078431606292724609e-01
1.607843190431594849e-01 6.078431606292724609e-01 1.607843190431594849e-01 7.490196228027343750e-01
1.607843190431594849e-01 7.490196228027343750e-01 2.509804069995880127e-01 7.490196228027343750e-01
2.509804069995880127e-01 7.490196228027343750e-01 2.509804069995880127e-01 6.823529601097106934e-01
2.509804069995880127e-01 6.823529601097106934e-01 2.509804069995880127e-01 6.823529601097106934e-01
5.686274766921997070e-01 2.549019753932952881e-01 2.509804069995880127e-01 2.549019753932952881e-01
2.509804069995880127e-01 2.549019753932952881e-01 2.509804069995880127e-01 3.450980484485626221e-01
2.509804069995880127e-01 3.450980484485626221e-01 2.509804069995880127e-01 4.117647111415863037e-01
2.509804069995880127e-01 4.117647111415863037e-01 5.686274766921997070e-01 4.117647111415863037e-01
5.686274766921997070e-01 4.117647111415863037e-01 5.686274766921997070e-01 3.450980484485626221e-01
5.686274766921997070e-01 3.450980484485626221e-01 5.686274766921997070e-01 2.549019753932952881e-01
5.686274766921997070e-01 2.549019753932952881e-01 5.686274766921997070e-01 2.549019753932952881e-01
8.392156958580017090e-01 2.549019753932952881e-01 5.686274766921997070e-01 2.549019753932952881e-01
5.686274766921997070e-01 2.549019753932952881e-01 5.686274766921997070e-01 3.450980484485626221e-01
5.686274766921997070e-01 3.450980484485626221e-01 5.686274766921997070e-01 4.117647111415863037e-01
5.686274766921997070e-01 4.117647111415863037e-01 6.078431606292724609e-01 4.117647111415863037e-01
6.078431606292724609e-01 4.117647111415863037e-01 8.392156958580017090e-01 4.117647111415863037e-01
8.392156958580017090e-01 4.117647111415863037e-01 8.392156958580017090e-01 2.549019753932952881e-01
8.392156958580017090e-01 2.549019753932952881e-01 8.392156958580017090e-01 2.549019753932952881e-01
2.509804069995880127e-01 6.078431606292724609e-01 2.509804069995880127e-01 6.823529601097106934e-01
2.509804069995880127e-01 6.823529601097106934e-01 2.509804069995880127e-01 7.490196228027343750e-01
2.509804069995880127e-01 7.490196228027343750e-01 4.823529422283172607e-01 7.490196228027343750e-01
4.823529422283172607e-01 7.490196228027343750e-01 4.823529422283172607e-01 6.823529601097106934e-01
4.823529422283172607e-01 6.823529601097106934e-01 4.823529422283172607e-01 6.078431606292724609e-01
4.823529422283172607e-01 6.078431606292724609e-01 2.509804069995880127e-01 6.078431606292724609e-01
2.509804069995880127e-01 6.078431606292724609e-01 2.509804069995880127e-01 6.078431606292724609e-01
5.686274766921997070e-01 4.117647111415863037e-01 2.509804069995880127e-01 4.117647111415863037e-01
2.509804069995880127e-01 4.117647111415863037e-01 2.509804069995880127e-01 6.078431606292724609e-01
2.509804069995880127e-01 6.078431606292724609e-01 4.823529422283172607e-01 6.078431606292724609e-01
4.823529422283172607e-01 6.078431606292724609e-01 4.823529422283172607e-01 6.823529601097106934e-01
4.823529422283172607e-01 6.823529601097106934e-01 6.078431606292724609e-01 6.823529601097106934e-01
6.078431606292724609e-01 6.823529601097106934e-01 6.078431606292724609e-01 5.803921818733215332e-01
6.078431606292724609e-01 5.803921818733215332e-01 6.078431606292724609e-01 4.117647111415863037e-01
6.078431606292724609e-01 4.117647111415863037e-01 5.686274766921997070e-01 4.117647111415863037e-01
5.686274766921997070e-01 4.117647111415863037e-01 5.686274766921997070e-01 4.117647111415863037e-01
8.392156958580017090e-01 4.117647111415863037e-01 6.078431606292724609e-01 4.117647111415863037e-01
6.078431606292724609e-01 4.117647111415863037e-01 6.078431606292724609e-01 5.803921818733215332e-01
6.078431606292724609e-01 5.803921818733215332e-01 6.980392336845397949e-01 5.803921818733215332e-01
6.980392336845397949e-01 5.803921818733215332e-01 8.392156958580017090e-01 5.803921818733215332e-01
8.392156958580017090e-01 5.803921818733215332e-01 8.392156958580017090e-01 4.117647111415863037e-01
8.392156958580017090e-01 4.117647111415863037e-01 8.392156958580017090e-01 4.117647111415863037e-01
