7.960784435272216797e-01 4.627451002597808838e-01 6.705882549285888672e-01 4.627451002597808838e-01
6.705882549285888672e-01 4.627451002597808838e-01 6.705882549285888672e-01 5.686274766921997070e-01
6.705882549285888672e-01 5.686274766921997070e-01 7.960784435272216797e-01 5.686274766921997070e-01
7.960784435272216797e-01 5.686274766921997070e-01 7.960784435272216797e-01 4.627451002597808838e-01
7.960784435272216797e-01 4.627451002597808838e-01 7.960784435272216797e-01 4.627451002597808838e-01
6.705882549285888672e-01 4.627451002597808838e-01 7.960784435272216797e-01 4.627451002597808838e-01
7.960784435272216797e-01 4.627451002597808838e-01 7.960784435272216797e-01 3.411764800548553467e-01
7.960784435272216797e-01 3.411764800548553467e-01 7.098039388656616211e-01 3.411764800548553467e-01
7.098039388656616211e-01 3.411764800548553467e-01 6.705882549285888672e-01 3.411764800548553467e-01
6.705882549285888672e-01 3.411764800548553467e-01 6.705882549285888672e-01 3.882353007793426514e-01
6.705882549285888672e-01 3.882353007793426514e-01 6.705882549285888672e-01 4.627451002597808838e-01
6.705882549285888672e-01 4.627451002597808838e-01 6.705882549285888672e-01 4.627451002597808838e-01
3.764705955982208252e-01 8.196078538894653320e-01 6.000000238418579102e-01 8.196078538894653320e-01
6.000000238418579102e-01 8.196078538894653320e-01 6.000000238418579102e-01 7.137255072593688965e-01
6.000000238418579102e-01 7.137255072593688965e-01 3.764705955982208252e-01 7.137255072593688965e-01
3.764705955982208252e-01 7.137255072593688965e-01 3.764705955982208252e-01 8.196078538894653320e-01
3.764705955982208252e-01 8.196078538894653320e-01 3.764705955982208252e-01 8.196078538894653320e-01
6.705882549285888672e-01 4.627451002597808838e-01 6.000000238418579102e-01 4.627451002597808838e-01
6.000000238418579102e-01 4.627451002597808838e-01 6.000000238418579102e-01 7.137255072593688965e-01
6.000000238418579102e-01 7.137255072593688965e-01 6.000000238418579102e-01 8.196078538894653320e-01
6.000000238418579102e-01 8.196078538894653320e-01 7.960784435272216797e-01 8.196078538894653320e-01
7.960784435272216797e-01 8.196078538894653320e-01 7.960784435272216797e-01 5.686274766921997070e-01
7.960784435272216797e-01 5.686274766921997070e-01 6.705882549285888672e-01 5.686274766921997070e-01
6.705882549285888672e-01 5.686274766921997070e-01 6.705882549285888672e-01 4.627451002597808838e-01
6.705882549285888672e-01 4.627451002597808838e-01 6.705882549285888672e-01 4.627451002597808838e-01
7.098039388656616211e-01 1.843137294054031372e-01 5.294117927551269531e-01 1.843137294054031372e-01
5.294117927551269531e-01 1.843137294054031372e-01 5.294117927551269531e-01 2.784313857555389404e-01
5.294117927551269531e-01 2.784313857555389404e-01 5.294117927551269531e-01 3.882353007793426514e-01
5.294117927551269531e-01 3.882353007793426514e-01 6.705882549285888672e-01 3.882353007793426514e-01
6.705882549285888672e-01 3.882353007793426514e-01 6.705882549285888672e-01 3.411764800548553467e-01
6.705882549285888672e-01 3.411764800548553467e-01 7.098039388656616211e-01 3.411764800548553467e-01
7.098039388656616211e-01 3.411764800548553467e-01 7.098039388656616211e-01 1.843137294054031372e-01
7.098039388656616211e-01 1.843137294054031372e-01 7.098039388656616211e-01 1.843137294054031372e-01
3.725490272045135498e-01 1.843137294054031372e-01 2.078431397676467896e-01 1.843137294054031372e-01
2.078431397676467896e-01 1.843137294054031372e-01 2.078431397676467896e-01 2.784313857555389404e-01
2.078431397676467896e-01 2.784313857555389404e-01 2.078431397676467896e-01 3.882353007793426514e-01
2.078431397676467896e-01 3.882353007793426514e-01 3.725490272045135498e-01 3.882353007793426514e-01
3.725490272045135498e-01 3.882353007793426514e-01 3.725490272045135498e-01 2.784313857555389404e-01
3.725490272045135498e-01 2.784313857555389404e-01 3.725490272045135498e-01 1.843137294054031372e-01
3.725490272045135498e-01 1.843137294054031372e-01 3.725490272045135498e-01 1.843137294054031372e-01
6.000000238418579102e-01 4.627451002597808838e-01 6.705882549285888672e-01 4.627451002597808838e-01
6.705882549285888672e-01 4.627451002597808838e-01 6.705882549285888672e-01 3.882353007793426514e-01
6.705882549285888672e-01 3.882353007793426514e-01 5.294117927551269531e-01 3.882353007793426514e-01
5.294117927551269531e-01 3.882353007793426514e-01 5.294117927551269531e-01 2.784313857555389404e-01
5.294117927551269531e-01 2.784313857555389404e-01 3.725490272045135498e-01 2.784313857555389404e-01
3.725490272045135498e-01 2.784313857555389404e-01 3.725490272045135498e-01 3.882353007793426514e-01
3.725490272045135498e-01 3.882353007793426514e-01 2.078431397676467896e-01 3.882353007793426514e-01
2.078431397676467896e-01 3.882353007793426514e-01 2.078431397676467896e-01 7.137255072593688965e-01
2.078431397676467896e-01 7.137255072593688965e-01 3.764705955982208252e-01 7.137255072593688965e-01
3.764705955982208252e-01 7.137255072593688965e-01 6.000000238418579102e-01 7.137255072593688965e-01
6.000000238418579102e-01 7.137255072593688965e-01 6.000000238418579102e-01 4.627451002597808838e-01
6.000000238418579102e-01 4.627451002597808838e-01 6.000000238418579102e-01 4.627451002597808838e-01
5.294117927551269531e-01 1.843137294054031372e-01 3.725490272045135498e-01 1.843137294054031372e-01
3.725490272045135498e-01 1.843137294054031372e-01 3.725490272045135498e-01 2.784313857555389404e-01
3.725490272045135498e-01 2.784313857555389404e-01 5.294117927551269531e-01 2.784313857555389404e-01
5.294117927551269531e-01 2.784313857555389404e-01 5.294117927551269531e-01 1.843137294054031372e-01
5.294117927551269531e-01 1.843137294054031372e-01 5.294117927551269531e-01 1.843137294054031372e-01
