4.000000059604644775e-01 5.098039507865905762e-01 3.098039329051971436e-01 5.098039507865905762e-01
3.098039329051971436e-01 5.098039507865905762e-01 3.098039329051971436e-01 6.392157077789306641e-01
3.098039329051971436e-01 6.392157077789306641e-01 4.000000059604644775e-01 6.392157077789306641e-01
4.000000059604644775e-01 6.392157077789306641e-01 4.000000059604644775e-01 5.098039507865905762e-01
4.000000059604644775e-01 5.098039507865905762e-01 4.000000059604644775e-01 5.098039507865905762e-01
5.843137502670288086e-01 5.098039507865905762e-01 4.941176474094390869e-01 5.098039507865905762e-01
4.941176474094390869e-01 5.098039507865905762e-01 4.941176474094390869e-01 5.960784554481506348e-01
4.941176474094390869e-01 5.960784554481506348e-01 5.843137502670288086e-01 5.960784554481506348e-01
5.843137502670288086e-01 5.960784554481506348e-01 5.843137502670288086e-01 5.098039507865905762e-01
5.843137502670288086e-01 5.098039507865905762e-01 5.843137502670288086e-01 5.098039507865905762e-01
8.392156958580017090e-01 5.098039507865905762e-01 8.980392217636108398e-01 5.098039507865905762e-01
8.980392217636108398e-01 5.098039507865905762e-01 8.980392217636108398e-01 3.411764800548553467e-01
8.980392217636108398e-01 3.411764800548553467e-01 8.392156958580017090e-01 3.411764800548553467e-01
8.392156958580017090e-01 3.411764800548553467e-01 8.392156958580017090e-01 5.098039507865905762e-01
8.392156958580017090e-01 5.098039507865905762e-01 8.392156958580017090e-01 5.098039507865905762e-01
6.588235497474670410e-01 5.098039507865905762e-01 5.843137502670288086e-01 5.098039507865905762e-01
5.843137502670288086e-01 5.098039507865905762e-01 5.843137502670288086e-01 5.960784554481506348e-01
5.843137502670288086e-01 5.960784554481506348e-01 5.843137502670288086e-01 6.392157077789306641e-01
5.843137502670288086e-01 6.392157077789306641e-01 5.843137502670288086e-01 7.137255072593688965e-01
5.843137502670288086e-01 7.137255072593688965e-01 8.980392217636108398e-01 7.137255072593688965e-01
8.980392217636108398e-01 7.137255072593688965e-01 8.980392217636108398e-01 5.098039507865905762e-01
8.980392217636108398e-01 5.098039507865905762e-01 8.392156958580017090e-01 5.098039507865905762e-01
8.392156958580017090e-01 5.098039507865905762e-01 6.588235497474670410e-01 5.098039507865905762e-01
6.588235497474670410e-01 5.098039507865905762e-01 6.588235497474670410e-01 5.098039507865905762e-01
6.588235497474670410e-01 5.098039507865905762e-01 8.392156958580017090e-01 5.098039507865905762e-01
8.392156958580017090e-01 5.098039507865905762e-01 8.392156958580017090e-01 3.411764800548553467e-01
8.392156958580017090e-01 3.411764800548553467e-01 6.588235497474670410e-01 3.411764800548553467e-01
6.588235497474670410e-01 3.411764800548553467e-01 6.588235497474670410e-01 4.431372582912445068e-01
6.588235497474670410e-01 4.431372582912445068e-01 6.588235497474670410e-01 5.098039507865905762e-01
6.588235497474670410e-01 5.098039507865905762e-01 6.588235497474670410e-01 5.098039507865905762e-01
6.588235497474670410e-01 3.411764800548553467e-01 6.588235497474670410e-01 2.901960909366607666e-01
6.588235497474670410e-01 2.901960909366607666e-01 4.941176474094390869e-01 2.901960909366607666e-01
4.941176474094390869e-01 2.901960909366607666e-01 4.941176474094390869e-01 4.431372582912445068e-01
4.941176474094390869e-01 4.431372582912445068e-01 6.588235497474670410e-01 4.431372582912445068e-01
6.588235497474670410e-01 4.431372582912445068e-01 6.588235497474670410e-01 3.411764800548553467e-01
6.588235497474670410e-01 3.411764800548553467e-01 6.588235497474670410e-01 3.411764800548553467e-01
4.941176474094390869e-01 5.098039507865905762e-01 5.843137502670288086e-01 5.098039507865905762e-01
5.843137502670288086e-01 5.098039507865905762e-01 6.588235497474670410e-01 5.098039507865905762e-01
6.588235497474670410e-01 5.098039507865905762e-01 6.588235497474670410e-01 4.431372582912445068e-01
6.588235497474670410e-01 4.431372582912445068e-01 4.941176474094390869e-01 4.431372582912445068e-01
4.941176474094390869e-01 4.431372582912445068e-01 4.941176474094390869e-01 2.901960909366607666e-01
4.941176474094390869e-01 2.901960909366607666e-01 1.019607856869697571e-01 2.901960909366607666e-01
1.019607856869697571e-01 2.901960909366607666e-01 1.019607856869697571e-01 5.098039507865905762e-01
1.019607856869697571e-01 5.098039507865905762e-01 2.431372553110122681e-01 5.098039507865905762e-01
2.431372553110122681e-01 5.098039507865905762e-01 2.431372553110122681e-01 6.392157077789306641e-01
2.431372553110122681e-01 6.392157077789306641e-01 3.098039329051971436e-01 6.392157077789306641e-01
3.098039329051971436e-01 6.392157077789306641e-01 3.098039329051971436e-01 5.098039507865905762e-01
3.098039329051971436e-01 5.098039507865905762e-01 4.000000059604644775e-01 5.098039507865905762e-01
4.000000059604644775e-01 5.098039507865905762e-01 4.000000059604644775e-01 6.392157077789306641e-01
4.000000059604644775e-01 6.392157077789306641e-01 5.843137502670288086e-01 6.392157077789306641e-01
5.843137502670288086e-01 6.392157077789306641e-01 5.843137502670288086e-01 5.960784554481506348e-01
5.843137502670288086e-01 5.960784554481506348e-01 4.941176474094390869e-01 5.960784554481506348e-01
4.941176474094390869e-01 5.960784554481506348e-01 4.941176474094390869e-01 5.098039507865905762e-01
4.941176474094390869e-01 5.098039507865905762e-01 4.941176474094390869e-01 5.098039507865905762e-01
1.019607856869697571e-01 6.392157077789306641e-01 2.431372553110122681e-01 6.392157077789306641e-01
2.431372553110122681e-01 6.392157077789306641e-01 2.431372553110122681e-01 5.098039507865905762e-01
2.431372553110122681e-01 5.098039507865905762e-01 1.019607856869697571e-01 5.098039507865905762e-01
1.019607856869697571e-01 5.098039507865905762e-01 1.019607856869697571e-01 6.392157077789306641e-01
1.019607856869697571e-01 6.392157077789306641e-01 1.019607856869697571e-01 6.392157077789306641e-01
