4.313725531101226807e-01 3.921568691730499268e-01 3.098039329051971436e-01 3.921568691730499268e-01
3.098039329051971436e-01 3.921568691730499268e-01 3.098039329051971436e-01 5.098039507865905762e-01
3.098039329051971436e-01 5.098039507865905762e-01 4.313725531101226807e-01 5.098039507865905762e-01
4.313725531101226807e-01 5.098039507865905762e-01 4.313725531101226807e-01 3.921568691730499268e-01
4.313725531101226807e-01 3.921568691730499268e-01 4.313725531101226807e-01 3.921568691730499268e-01
4.313725531101226807e-01 1.725490242242813110e-01 4.313725531101226807e-01 2.431372553110122681e-01
4.313725531101226807e-01 2.431372553110122681e-01 4.313725531101226807e-01 2.901960909366607666e-01
4.313725531101226807e-01 2.901960909366607666e-01 4.901960790157318115e-01 2.901960909366607666e-01
4.901960790157318115e-01 2.901960909366607666e-01 6.117647290229797363e-01 2.901960909366607666e-01
6.117647290229797363e-01 2.901960909366607666e-01 6.117647290229797363e-01 1.725490242242813110e-01
6.117647290229797363e-01 1.725490242242813110e-01 4.313725531101226807e-01 1.725490242242813110e-01
4.313725531101226807e-01 1.725490242242813110e-01 4.313725531101226807e-01 1.725490242242813110e-01
3.098039329051971436e-01 6.313725709915161133e-01 3.098039329051971436e-01 8.313725590705871582e-01
3.098039329051971436e-01 8.313725590705871582e-01 5.058823823928833008e-01 8.313725590705871582e-01
5.058823823928833008e-01 8.313725590705871582e-01 5.058823823928833008e-01 7.294117808341979980e-01
5.058823823928833008e-01 7.294117808341979980e-01 5.058823823928833008e-01 6.313725709915161133e-01
5.058823823928833008e-01 6.313725709915161133e-01 4.313725531101226807e-01 6.313725709915161133e-01
4.313725531101226807e-01 6.313725709915161133e-01 3.098039329051971436e-01 6.313725709915161133e-01
3.098039329051971436e-01 6.313725709915161133e-01 3.098039329051971436e-01 6.313725709915161133e-01
3.098039329051971436e-01 3.921568691730499268e-01 4.313725531101226807e-01 3.921568691730499268e-01
4.313725531101226807e-01 3.921568691730499268e-01 4.901960790157318115e-01 3.921568691730499268e-01
4.901960790157318115e-01 3.921568691730499268e-01 4.901960790157318115e-01 2.901960909366607666e-01
4.901960790157318115e-01 2.901960909366607666e-01 4.313725531101226807e-01 2.901960909366607666e-01
4.313725531101226807e-01 2.901960909366607666e-01 4.313725531101226807e-01 2.431372553110122681e-01
4.313725531101226807e-01 2.431372553110122681e-01 3.098039329051971436e-01 2.431372553110122681e-01
3.098039329051971436e-01 2.431372553110122681e-01 3.098039329051971436e-01 3.921568691730499268e-01
3.098039329051971436e-01 3.921568691730499268e-01 3.098039329051971436e-01 3.921568691730499268e-01
4.901960790157318115e-01 3.921568691730499268e-01 4.313725531101226807e-01 3.921568691730499268e-01
4.313725531101226807e-01 3.921568691730499268e-01 4.313725531101226807e-01 5.098039507865905762e-01
4.313725531101226807e-01 5.098039507865905762e-01 4.313725531101226807e-01 6.313725709915161133e-01
4.313725531101226807e-01 6.313725709915161133e-01 5.058823823928833008e-01 6.313725709915161133e-01
5.058823823928833008e-01 6.313725709915161133e-01 6.901960968971252441e-01 6.313725709915161133e-01
6.901960968971252441e-01 6.313725709915161133e-01 6.901960968971252441e-01 1.725490242242813110e-01
6.901960968971252441e-01 1.725490242242813110e-01 6.117647290229797363e-01 1.725490242242813110e-01
6.117647290229797363e-01 1.725490242242813110e-01 6.117647290229797363e-01 2.901960909366607666e-01
6.117647290229797363e-01 2.901960909366607666e-01 4.901960790157318115e-01 2.901960909366607666e-01
4.901960790157318115e-01 2.901960909366607666e-01 4.901960790157318115e-01 3.921568691730499268e-01
4.901960790157318115e-01 3.921568691730499268e-01 4.901960790157318115e-01 3.921568691730499268e-01
6.901960968971252441e-01 6.313725709915161133e-01 5.058823823928833008e-01 6.313725709915161133e-01
5.058823823928833008e-01 6.313725709915161133e-01 5.058823823928833008e-01 7.294117808341979980e-01
5.058823823928833008e-01 7.294117808341979980e-01 6.901960968971252441e-01 7.294117808341979980e-01
6.901960968971252441e-01 7.294117808341979980e-01 6.901960968971252441e-01 6.313725709915161133e-01
6.901960968971252441e-01 6.313725709915161133e-01 6.901960968971252441e-01 6.313725709915161133e-01
4.313725531101226807e-01 5.098039507865905762e-01 3.098039329051971436e-01 5.098039507865905762e-01
3.098039329051971436e-01 5.098039507865905762e-01 3.098039329051971436e-01 6.313725709915161133e-01
3.098039329051971436e-01 6.313725709915161133e-01 4.313725531101226807e-01 6.313725709915161133e-01
4.313725531101226807e-01 6.313725709915161133e-01 4.313725531101226807e-01 5.098039507865905762e-01
4.313725531101226807e-01 5.098039507865905762e-01 4.313725531101226807e-01 5.098039507865905762e-01
