7.764706015586853027e-01 5.647059082984924316e-01 7.764706015586853027e-01 5.058823823928833008e-01
7.764706015586853027e-01 5.058823823928833008e-01 7.333333492279052734e-01 5.058823823928833008e-01
7.333333492279052734e-01 5.058823823928833008e-01 6.392157077789306641e-01 5.058823823928833008e-01
6.392157077789306641e-01 5.058823823928833008e-01 6.392157077789306641e-01 5.647059082984924316e-01
6.392157077789306641e-01 5.647059082984924316e-01 6.392157077789306641e-01 6.039215922355651855e-01
6.392157077789306641e-01 6.039215922355651855e-01 7.764706015586853027e-01 6.039215922355651855e-01
7.764706015586853027e-01 6.039215922355651855e-01 7.764706015586853027e-01 5.647059082984924316e-01
7.764706015586853027e-01 5.647059082984924316e-01 7.764706015586853027e-01 5.647059082984924316e-01
7.333333492279052734e-01 3.607843220233917236e-01 6.392157077789306641e-01 3.607843220233917236e-01
6.392157077789306641e-01 3.607843220233917236e-01 6.392157077789306641e-01 5.058823823928833008e-01
6.392157077789306641e-01 5.058823823928833008e-01 7.333333492279052734e-01 5.058823823928833008e-01
7.333333492279052734e-01 5.058823823928833008e-01 7.333333492279052734e-01 3.607843220233917236e-01
7.333333492279052734e-01 3.607843220233917236e-01 7.333333492279052734e-01 3.607843220233917236e-01
2.235294133424758911e-01 1.686274558305740356e-01 4.000000059604644775e-01 1.686274558305740356e-01
4.000000059604644775e-01 1.686274558305740356e-01 4.000000059604644775e-01 1.333333402872085571e-01
4.000000059604644775e-01 1.333333402872085571e-01 4.000000059604644775e-01 9.803921729326248169e-02
4.000000059604644775e-01 9.803921729326248169e-02 2.235294133424758911e-01 9.803921729326248169e-02
2.235294133424758911e-01 9.803921729326248169e-02 2.235294133424758911e-01 1.686274558305740356e-01
2.235294133424758911e-01 1.686274558305740356e-01 2.235294133424758911e-01 1.686274558305740356e-01
6.392157077789306641e-01 5.647059082984924316e-01 5.803921818733215332e-01 5.647059082984924316e-01
5.803921818733215332e-01 5.647059082984924316e-01 5.803921818733215332e-01 8.549019694328308105e-01
5.803921818733215332e-01 8.549019694328308105e-01 5.803921818733215332e-01 9.019607901573181152e-01
5.803921818733215332e-01 9.019607901573181152e-01 7.764706015586853027e-01 9.019607901573181152e-01
7.764706015586853027e-01 9.019607901573181152e-01 7.764706015586853027e-01 6.039215922355651855e-01
7.764706015586853027e-01 6.039215922355651855e-01 6.392157077789306641e-01 6.039215922355651855e-01
6.392157077789306641e-01 6.039215922355651855e-01 6.392157077789306641e-01 5.647059082984924316e-01
6.392157077789306641e-01 5.647059082984924316e-01 6.392157077789306641e-01 5.647059082984924316e-01
4.000000059604644775e-01 1.686274558305740356e-01 2.235294133424758911e-01 1.686274558305740356e-01
2.235294133424758911e-01 1.686274558305740356e-01 2.235294133424758911e-01 4.666666686534881592e-01
2.235294133424758911e-01 4.666666686534881592e-01 2.784313857555389404e-01 4.666666686534881592e-01
2.784313857555389404e-01 4.666666686534881592e-01 4.000000059604644775e-01 4.666666686534881592e-01
4.000000059604644775e-01 4.666666686534881592e-01 4.000000059604644775e-01 3.019607961177825928e-01
4.000000059604644775e-01 3.019607961177825928e-01 4.000000059604644775e-01 1.686274558305740356e-01
4.000000059604644775e-01 1.686274558305740356e-01 4.000000059604644775e-01 1.686274558305740356e-01
7.333333492279052734e-01 1.333333402872085571e-01 5.529412031173706055e-01 1.333333402872085571e-01
5.529412031173706055e-01 1.333333402872085571e-01 5.529412031173706055e-01 3.019607961177825928e-01
5.529412031173706055e-01 3.019607961177825928e-01 5.529412031173706055e-01 3.607843220233917236e-01
5.529412031173706055e-01 3.607843220233917236e-01 6.392157077789306641e-01 3.607843220233917236e-01
6.392157077789306641e-01 3.607843220233917236e-01 7.333333492279052734e-01 3.607843220233917236e-01
7.333333492279052734e-01 3.607843220233917236e-01 7.333333492279052734e-01 1.333333402872085571e-01
7.333333492279052734e-01 1.333333402872085571e-01 7.333333492279052734e-01 1.333333402872085571e-01
5.803921818733215332e-01 5.647059082984924316e-01 6.392157077789306641e-01 5.647059082984924316e-01
6.392157077789306641e-01 5.647059082984924316e-01 6.392157077789306641e-01 5.058823823928833008e-01
6.392157077789306641e-01 5.058823823928833008e-01 6.392157077789306641e-01 3.607843220233917236e-01
6.392157077789306641e-01 3.607843220233917236e-01 5.529412031173706055e-01 3.607843220233917236e-01
5.529412031173706055e-01 3.607843220233917236e-01 5.529412031173706055e-01 3.019607961177825928e-01
5.529412031173706055e-01 3.019607961177825928e-01 4.000000059604644775e-01 3.019607961177825928e-01
4.000000059604644775e-01 3.019607961177825928e-01 4.000000059604644775e-01 4.666666686534881592e-01
4.000000059604644775e-01 4.666666686534881592e-01 2.784313857555389404e-01 4.666666686534881592e-01
2.784313857555389404e-01 4.666666686534881592e-01 2.784313857555389404e-01 8.549019694328308105e-01
2.784313857555389404e-01 8.549019694328308105e-01 3.568627536296844482e-01 8.549019694328308105e-01
3.568627536296844482e-01 8.549019694328308105e-01 5.803921818733215332e-01 8.549019694328308105e-01
5.803921818733215332e-01 8.549019694328308105e-01 5.803921818733215332e-01 5.647059082984924316e-01
5.803921818733215332e-01 5.647059082984924316e-01 5.803921818733215332e-01 5.647059082984924316e-01
4.000000059604644775e-01 1.333333402872085571e-01 4.000000059604644775e-01 1.686274558305740356e-01
4.000000059604644775e-01 1.686274558305740356e-01 4.000000059604644775e-01 3.019607961177825928e-01
4.000000059604644775e-01 3.019607961177825928e-01 5.529412031173706055e-01 3.019607961177825928e-01
5.529412031173706055e-01 3.019607961177825928e-01 5.529412031173706055e-01 1.333333402872085571e-01
5.529412031173706055e-01 1.333333402872085571e-01 4.000000059604644775e-01 1.333333402872085571e-01
4.000000059604644775e-01 1.333333402872085571e-01 4.000000059604644775e-01 1.333333402872085571e-01
3.568627536296844482e-01 9.019607901573181152e-01 5.803921818733215332e-01 9.019607901573181152e-01
5.803921818733215332e-01 9.019607901573181152e-01 5.803921818733215332e-01 8.549019694328308105e-01
5.803921818733215332e-01 8.549019694328308105e-01 3.568627536296844482e-01 8.549019694328308105e-01
3.568627536296844482e-01 8.549019694328308105e-01 3.568627536296844482e-01 9.019607901573181152e-01
3.568627536296844482e-01 9.019607901573181152e-01 3.568627536296844482e-01 9.019607901573181152e-01
