5.568627715110778809e-01 1.725490242242813110e-01 4.549019634723663330e-01 1.725490242242813110e-01
4.549019634723663330e-01 1.725490242242813110e-01 4.549019634723663330e-01 2.392156869173049927e-01
4.549019634723663330e-01 2.392156869173049927e-01 4.549019634723663330e-01 3.372549116611480713e-01
4.549019634723663330e-01 3.372549116611480713e-01 5.568627715110778809e-01 3.372549116611480713e-01
5.568627715110778809e-01 3.372549116611480713e-01 5.568627715110778809e-01 1.725490242242813110e-01
5.568627715110778809e-01 1.725490242242813110e-01 5.568627715110778809e-01 1.725490242242813110e-01
4.549019634723663330e-01 1.725490242242813110e-01 4.039215743541717529e-01 1.725490242242813110e-01
4.039215743541717529e-01 1.725490242242813110e-01 4.039215743541717529e-01 2.392156869173049927e-01
4.039215743541717529e-01 2.392156869173049927e-01 3.333333432674407959e-01 2.392156869173049927e-01
3.333333432674407959e-01 2.392156869173049927e-01 3.333333432674407959e-01 3.372549116611480713e-01
3.333333432674407959e-01 3.372549116611480713e-01 4.039215743541717529e-01 3.372549116611480713e-01
4.039215743541717529e-01 3.372549116611480713e-01 4.549019634723663330e-01 3.372549116611480713e-01
4.549019634723663330e-01 3.372549116611480713e-01 4.549019634723663330e-01 2.392156869173049927e-01
4.549019634723663330e-01 2.392156869173049927e-01 4.549019634723663330e-01 1.725490242242813110e-01
4.549019634723663330e-01 1.725490242242813110e-01 4.549019634723663330e-01 1.725490242242813110e-01
3.333333432674407959e-01 5.882353186607360840e-01 2.196078449487686157e-01 5.882353186607360840e-01
2.196078449487686157e-01 5.882353186607360840e-01 2.196078449487686157e-01 7.450980544090270996e-01
2.196078449487686157e-01 7.450980544090270996e-01 3.333333432674407959e-01 7.450980544090270996e-01
3.333333432674407959e-01 7.450980544090270996e-01 4.235294163227081299e-01 7.450980544090270996e-01
4.235294163227081299e-01 7.450980544090270996e-01 4.235294163227081299e-01 5.882353186607360840e-01
4.235294163227081299e-01 5.882353186607360840e-01 3.333333432674407959e-01 5.882353186607360840e-01
3.333333432674407959e-01 5.882353186607360840e-01 3.333333432674407959e-01 5.882353186607360840e-01
7.882353067398071289e-01 1.725490242242813110e-01 5.568627715110778809e-01 1.725490242242813110e-01
5.568627715110778809e-01 1.725490242242813110e-01 5.568627715110778809e-01 3.372549116611480713e-01
5.568627715110778809e-01 3.372549116611480713e-01 4.549019634723663330e-01 3.372549116611480713e-01
4.549019634723663330e-01 3.372549116611480713e-01 4.039215743541717529e-01 3.372549116611480713e-01
4.039215743541717529e-01 3.372549116611480713e-01 4.039215743541717529e-01 4.000000059604644775e-01
4.039215743541717529e-01 4.000000059604644775e-01 7.882353067398071289e-01 4.000000059604644775e-01
7.882353067398071289e-01 4.000000059604644775e-01 7.882353067398071289e-01 3.372549116611480713e-01
7.882353067398071289e-01 3.372549116611480713e-01 7.882353067398071289e-01 1.725490242242813110e-01
7.882353067398071289e-01 1.725490242242813110e-01 7.882353067398071289e-01 1.725490242242813110e-01
3.333333432674407959e-01 4.000000059604644775e-01 1.254902034997940063e-01 4.000000059604644775e-01
1.254902034997940063e-01 4.000000059604644775e-01 1.254902034997940063e-01 5.882353186607360840e-01
1.254902034997940063e-01 5.882353186607360840e-01 2.196078449487686157e-01 5.882353186607360840e-01
2.196078449487686157e-01 5.882353186607360840e-01 3.333333432674407959e-01 5.882353186607360840e-01
3.333333432674407959e-01 5.882353186607360840e-01 3.333333432674407959e-01 4.000000059604644775e-01
3.333333432674407959e-01 4.000000059604644775e-01 3.333333432674407959e-01 4.000000059604644775e-01
1.254902034997940063e-01 4.000000059604644775e-01 3.333333432674407959e-01 4.000000059604644775e-01
3.333333432674407959e-01 4.000000059604644775e-01 3.333333432674407959e-01 3.372549116611480713e-01
3.333333432674407959e-01 3.372549116611480713e-01 3.333333432674407959e-01 2.392156869173049927e-01
3.333333432674407959e-01 2.392156869173049927e-01 1.254902034997940063e-01 2.392156869173049927e-01
1.254902034997940063e-01 2.392156869173049927e-01 1.254902034997940063e-01 4.000000059604644775e-01
1.254902034997940063e-01 4.000000059604644775e-01 1.254902034997940063e-01 4.000000059604644775e-01
7.882353067398071289e-01 4.000000059604644775e-01 4.039215743541717529e-01 4.000000059604644775e-01
4.039215743541717529e-01 4.000000059604644775e-01 4.039215743541717529e-01 3.372549116611480713e-01
4.039215743541717529e-01 3.372549116611480713e-01 3.333333432674407959e-01 3.372549116611480713e-01
3.333333432674407959e-01 3.372549116611480713e-01 3.333333432674407959e-01 4.000000059604644775e-01
3.333333432674407959e-01 4.000000059604644775e-01 3.333333432674407959e-01 5.882353186607360840e-01
3.333333432674407959e-01 5.882353186607360840e-01 4.235294163227081299e-01 5.882353186607360840e-01
4.235294163227081299e-01 5.882353186607360840e-01 4.235294163227081299e-01 7.450980544090270996e-01
4.235294163227081299e-01 7.450980544090270996e-01 5.647059082984924316e-01 7.450980544090270996e-01
5.647059082984924316e-01 7.450980544090270996e-01 5.647059082984924316e-01 6.588235497474670410e-01
5.647059082984924316e-01 6.588235497474670410e-01 9.098039269447326660e-01 6.588235497474670410e-01
9.098039269447326660e-01 6.588235497474670410e-01 9.098039269447326660e-01 3.372549116611480713e-01
9.098039269447326660e-01 3.372549116611480713e-01 7.882353067398071289e-01 3.372549116611480713e-01
7.882353067398071289e-01 3.372549116611480713e-01 7.882353067398071289e-01 4.000000059604644775e-01
7.882353067398071289e-01 4.000000059604644775e-01 7.882353067398071289e-01 4.000000059604644775e-01
9.098039269447326660e-01 6.588235497474670410e-01 5.647059082984924316e-01 6.588235497474670410e-01
5.647059082984924316e-01 6.588235497474670410e-01 5.647059082984924316e-01 7.450980544090270996e-01
5.647059082984924316e-01 7.450980544090270996e-01 5.647059082984924316e-01 8.274509906768798828e-01
5.647059082984924316e-01 8.274509906768798828e-01 9.098039269447326660e-01 8.274509906768798828e-01
9.098039269447326660e-01 8.274509906768798828e-01 9.098039269447326660e-01 7.450980544090270996e-01
9.098039269447326660e-01 7.450980544090270996e-01 9.098039269447326660e-01 6.588235497474670410e-01
9.098039269447326660e-01 6.588235497474670410e-01 9.098039269447326660e-01 6.588235497474670410e-01
1.254902034997940063e-01 5.882353186607360840e-01 8.627451211214065552e-02 5.882353186607360840e-01
8.627451211214065552e-02 5.882353186607360840e-01 8.627451211214065552e-02 7.450980544090270996e-01
8.627451211214065552e-02 7.450980544090270996e-01 2.196078449487686157e-01 7.450980544090270996e-01
2.196078449487686157e-01 7.450980544090270996e-01 2.196078449487686157e-01 5.882353186607360840e-01
2.196078449487686157e-01 5.882353186607360840e-01 1.254902034997940063e-01 5.882353186607360840e-01
1.254902034997940063e-01 5.882353186607360840e-01 1.254902034997940063e-01 5.882353186607360840e-01
