7.294117808341979980e-01 6.000000238418579102e-01 6.039215922355651855e-01 6.000000238418579102e-01
6.039215922355651855e-01 6.000000238418579102e-01 6.039215922355651855e-01 7.098039388656616211e-01
6.039215922355651855e-01 7.098039388656616211e-01 7.294117808341979980e-01 7.098039388656616211e-01
7.294117808341979980e-01 7.098039388656616211e-01 7.921568751335144043e-01 7.098039388656616211e-01
7.921568751335144043e-01 7.098039388656616211e-01 7.921568751335144043e-01 6.000000238418579102e-01
7.921568751335144043e-01 6.000000238418579102e-01 7.294117808341979980e-01 6.000000238418579102e-01
7.294117808341979980e-01 6.000000238418579102e-01 7.294117808341979980e-01 6.000000238418579102e-01
1.725490242242813110e-01 7.098039388656616211e-01 4.470588266849517822e-01 7.098039388656616211e-01
4.470588266849517822e-01 7.098039388656616211e-01 4.470588266849517822e-01 4.980392158031463623e-01
4.470588266849517822e-01 4.980392158031463623e-01 2.392156869173049927e-01 4.980392158031463623e-01
2.392156869173049927e-01 4.980392158031463623e-01 1.725490242242813110e-01 4.980392158031463623e-01
1.725490242242813110e-01 4.980392158031463623e-01 1.725490242242813110e-01 7.098039388656616211e-01
1.725490242242813110e-01 7.098039388656616211e-01 1.725490242242813110e-01 7.098039388656616211e-01
4.470588266849517822e-01 2.862745225429534912e-01 2.392156869173049927e-01 2.862745225429534912e-01
2.392156869173049927e-01 2.862745225429534912e-01 2.392156869173049927e-01 4.980392158031463623e-01
2.392156869173049927e-01 4.980392158031463623e-01 4.470588266849517822e-01 4.980392158031463623e-01
4.470588266849517822e-01 4.980392158031463623e-01 4.470588266849517822e-01 2.862745225429534912e-01
4.470588266849517822e-01 2.862745225429534912e-01 4.470588266849517822e-01 2.862745225429534912e-01
6.039215922355651855e-01 6.000000238418579102e-01 7.294117808341979980e-01 6.000000238418579102e-01
7.294117808341979980e-01 6.000000238418579102e-01 7.294117808341979980e-01 4.470588266849517822e-01
7.294117808341979980e-01 4.470588266849517822e-01 6.705882549285888672e-01 4.470588266849517822e-01
6.705882549285888672e-01 4.470588266849517822e-01 6.705882549285888672e-01 2.862745225429534912e-01
6.705882549285888672e-01 2.862745225429534912e-01 4.470588266849517822e-01 2.862745225429534912e-01
4.470588266849517822e-01 2.862745225429534912e-01 4.470588266849517822e-01 4.980392158031463623e-01
4.470588266849517822e-01 4.980392158031463623e-01 4.470588266849517822e-01 7.098039388656616211e-01
4.470588266849517822e-01 7.098039388656616211e-01 6.039215922355651855e-01 7.098039388656616211e-01
6.039215922355651855e-01 7.098039388656616211e-01 6.039215922355651855e-01 6.000000238418579102e-01
6.039215922355651855e-01 6.000000238418579102e-01 6.039215922355651855e-01 6.000000238418579102e-01
7.294117808341979980e-01 6.000000238418579102e-01 7.921568751335144043e-01 6.000000238418579102e-01
7.921568751335144043e-01 6.000000238418579102e-01 8.274509906768798828e-01 6.000000238418579102e-01
8.274509906768798828e-01 6.000000238418579102e-01 8.274509906768798828e-01 4.470588266849517822e-01
8.274509906768798828e-01 4.470588266849517822e-01 7.294117808341979980e-01 4.470588266849517822e-01
7.294117808341979980e-01 4.470588266849517822e-01 7.294117808341979980e-01 6.000000238418579102e-01
7.294117808341979980e-01 6.000000238418579102e-01 7.294117808341979980e-01 6.000000238418579102e-01
7.294117808341979980e-01 2.862745225429534912e-01 6.705882549285888672e-01 2.862745225429534912e-01
6.705882549285888672e-01 2.862745225429534912e-01 6.705882549285888672e-01 4.470588266849517822e-01
6.705882549285888672e-01 4.470588266849517822e-01 7.294117808341979980e-01 4.470588266849517822e-01
7.294117808341979980e-01 4.470588266849517822e-01 8.274509906768798828e-01 4.470588266849517822e-01
8.274509906768798828e-01 4.470588266849517822e-01 8.274509906768798828e-01 2.862745225429534912e-01
8.274509906768798828e-01 2.862745225429534912e-01 7.294117808341979980e-01 2.862745225429534912e-01
7.294117808341979980e-01 2.862745225429534912e-01 7.294117808341979980e-01 2.862745225429534912e-01
