4.980392158031463623e-01 2.196078449487686157e-01 4.980392158031463623e-01 1.686274558305740356e-01
4.980392158031463623e-01 1.686274558305740356e-01 4.235294163227081299e-01 1.686274558305740356e-01
4.235294163227081299e-01 1.686274558305740356e-01 4.235294163227081299e-01 2.196078449487686157e-01
4.235294163227081299e-01 2.196078449487686157e-01 4.235294163227081299e-01 3.333333432674407959e-01
4.235294163227081299e-01 3.333333432674407959e-01 4.980392158031463623e-01 3.333333432674407959e-01
4.980392158031463623e-01 3.333333432674407959e-01 4.980392158031463623e-01 2.196078449487686157e-01
4.980392158031463623e-01 2.196078449487686157e-01 4.980392158031463623e-01 2.196078449487686157e-01
4.980392158031463623e-01 1.686274558305740356e-01 4.980392158031463623e-01 2.196078449487686157e-01
4.980392158031463623e-01 2.196078449487686157e-01 4.980392158031463623e-01 3.333333432674407959e-01
4.980392158031463623e-01 3.333333432674407959e-01 6.117647290229797363e-01 3.333333432674407959e-01
6.117647290229797363e-01 3.333333432674407959e-01 6.117647290229797363e-01 2.352941185235977173e-01
6.117647290229797363e-01 2.352941185235977173e-01 6.117647290229797363e-01 1.686274558305740356e-01
6.117647290229797363e-01 1.686274558305740356e-01 4.980392158031463623e-01 1.686274558305740356e-01
4.980392158031463623e-01 1.686274558305740356e-01 4.980392158031463623e-01 1.686274558305740356e-01
5.843137502670288086e-01 6.705882549285888672e-01 7.607843279838562012e-01 6.705882549285888672e-01
7.607843279838562012e-01 6.705882549285888672e-01 7.607843279838562012e-01 5.529412031173706055e-01
7.607843279838562012e-01 5.529412031173706055e-01 5.843137502670288086e-01 5.529412031173706055e-01
5.843137502670288086e-01 5.529412031173706055e-01 5.843137502670288086e-01 6.705882549285888672e-01
5.843137502670288086e-01 6.705882549285888672e-01 5.843137502670288086e-01 6.705882549285888672e-01
4.235294163227081299e-01 2.196078449487686157e-01 1.843137294054031372e-01 2.196078449487686157e-01
1.843137294054031372e-01 2.196078449487686157e-01 1.843137294054031372e-01 3.960784375667572021e-01
1.843137294054031372e-01 3.960784375667572021e-01 2.823529541492462158e-01 3.960784375667572021e-01
2.823529541492462158e-01 3.960784375667572021e-01 4.980392158031463623e-01 3.960784375667572021e-01
4.980392158031463623e-01 3.960784375667572021e-01 4.980392158031463623e-01 3.333333432674407959e-01
4.980392158031463623e-01 3.333333432674407959e-01 4.235294163227081299e-01 3.333333432674407959e-01
4.235294163227081299e-01 3.333333432674407959e-01 4.235294163227081299e-01 2.196078449487686157e-01
4.235294163227081299e-01 2.196078449487686157e-01 4.235294163227081299e-01 2.196078449487686157e-01
7.607843279838562012e-01 6.705882549285888672e-01 5.843137502670288086e-01 6.705882549285888672e-01
5.843137502670288086e-01 6.705882549285888672e-01 5.843137502670288086e-01 7.686274647712707520e-01
5.843137502670288086e-01 7.686274647712707520e-01 5.843137502670288086e-01 8.313725590705871582e-01
5.843137502670288086e-01 8.313725590705871582e-01 8.235294222831726074e-01 8.313725590705871582e-01
8.235294222831726074e-01 8.313725590705871582e-01 8.235294222831726074e-01 7.686274647712707520e-01
8.235294222831726074e-01 7.686274647712707520e-01 8.235294222831726074e-01 6.705882549285888672e-01
8.235294222831726074e-01 6.705882549285888672e-01 7.607843279838562012e-01 6.705882549285888672e-01
7.607843279838562012e-01 6.705882549285888672e-01 7.607843279838562012e-01 6.705882549285888672e-01
8.235294222831726074e-01 3.333333432674407959e-01 8.235294222831726074e-01 2.352941185235977173e-01
8.235294222831726074e-01 2.352941185235977173e-01 6.117647290229797363e-01 2.352941185235977173e-01
6.117647290229797363e-01 2.352941185235977173e-01 6.117647290229797363e-01 3.333333432674407959e-01
6.117647290229797363e-01 3.333333432674407959e-01 6.117647290229797363e-01 3.960784375667572021e-01
6.117647290229797363e-01 3.960784375667572021e-01 8.235294222831726074e-01 3.960784375667572021e-01
8.235294222831726074e-01 3.960784375667572021e-01 8.235294222831726074e-01 3.333333432674407959e-01
8.235294222831726074e-01 3.333333432674407959e-01 8.235294222831726074e-01 3.333333432674407959e-01
4.980392158031463623e-01 3.960784375667572021e-01 2.823529541492462158e-01 3.960784375667572021e-01
2.823529541492462158e-01 3.960784375667572021e-01 2.823529541492462158e-01 6.156862974166870117e-01
2.823529541492462158e-01 6.156862974166870117e-01 2.823529541492462158e-01 7.686274647712707520e-01
2.823529541492462158e-01 7.686274647712707520e-01 5.843137502670288086e-01 7.686274647712707520e-01
5.843137502670288086e-01 7.686274647712707520e-01 5.843137502670288086e-01 6.705882549285888672e-01
5.843137502670288086e-01 6.705882549285888672e-01 5.843137502670288086e-01 5.529412031173706055e-01
5.843137502670288086e-01 5.529412031173706055e-01 7.607843279838562012e-01 5.529412031173706055e-01
7.607843279838562012e-01 5.529412031173706055e-01 7.607843279838562012e-01 6.705882549285888672e-01
7.607843279838562012e-01 6.705882549285888672e-01 8.235294222831726074e-01 6.705882549285888672e-01
8.235294222831726074e-01 6.705882549285888672e-01 8.235294222831726074e-01 3.960784375667572021e-01
8.235294222831726074e-01 3.960784375667572021e-01 6.117647290229797363e-01 3.960784375667572021e-01
6.117647290229797363e-01 3.960784375667572021e-01 6.117647290229797363e-01 3.333333432674407959e-01
6.117647290229797363e-01 3.333333432674407959e-01 4.980392158031463623e-01 3.333333432674407959e-01
4.980392158031463623e-01 3.333333432674407959e-01 4.980392158031463623e-01 3.960784375667572021e-01
4.980392158031463623e-01 3.960784375667572021e-01 4.980392158031463623e-01 3.960784375667572021e-01
2.823529541492462158e-01 3.960784375667572021e-01 1.843137294054031372e-01 3.960784375667572021e-01
1.843137294054031372e-01 3.960784375667572021e-01 1.843137294054031372e-01 6.156862974166870117e-01
1.843137294054031372e-01 6.156862974166870117e-01 2.823529541492462158e-01 6.156862974166870117e-01
2.823529541492462158e-01 6.156862974166870117e-01 2.823529541492462158e-01 3.960784375667572021e-01
2.823529541492462158e-01 3.960784375667572021e-01 2.823529541492462158e-01 3.960784375667572021e-01
