5.019608139991760254e-01 3.058823645114898682e-01 3.764705955982208252e-01 3.058823645114898682e-01
3.764705955982208252e-01 3.058823645114898682e-01 3.764705955982208252e-01 3.529411852359771729e-01
3.764705955982208252e-01 3.529411852359771729e-01 3.764705955982208252e-01 4.235294163227081299e-01
3.764705955982208252e-01 4.235294163227081299e-01 5.019608139991760254e-01 4.235294163227081299e-01
5.019608139991760254e-01 4.235294163227081299e-01 5.019608139991760254e-01 3.058823645114898682e-01
5.019608139991760254e-01 3.058823645114898682e-01 5.019608139991760254e-01 3.058823645114898682e-01
2.039215713739395142e-01 4.862745106220245361e-01 1.647058874368667603e-01 4.862745106220245361e-01
1.647058874368667603e-01 4.862745106220245361e-01 1.647058874368667603e-01 6.235294342041015625e-01
1.647058874368667603e-01 6.235294342041015625e-01 2.941176593303680420e-01 6.235294342041015625e-01
2.941176593303680420e-01 6.235294342041015625e-01 2.941176593303680420e-01 4.862745106220245361e-01
2.941176593303680420e-01 4.862745106220245361e-01 2.039215713739395142e-01 4.862745106220245361e-01
2.039215713739395142e-01 4.862745106220245361e-01 2.039215713739395142e-01 4.862745106220245361e-01
7.803921699523925781e-01 3.058823645114898682e-01 5.019608139991760254e-01 3.058823645114898682e-01
5.019608139991760254e-01 3.058823645114898682e-01 5.019608139991760254e-01 4.235294163227081299e-01
5.019608139991760254e-01 4.235294163227081299e-01 5.019608139991760254e-01 4.862745106220245361e-01
5.019608139991760254e-01 4.862745106220245361e-01 7.372549176216125488e-01 4.862745106220245361e-01
7.372549176216125488e-01 4.862745106220245361e-01 7.803921699523925781e-01 4.862745106220245361e-01
7.803921699523925781e-01 4.862745106220245361e-01 7.803921699523925781e-01 3.058823645114898682e-01
7.803921699523925781e-01 3.058823645114898682e-01 7.803921699523925781e-01 3.058823645114898682e-01
3.764705955982208252e-01 3.529411852359771729e-01 2.039215713739395142e-01 3.529411852359771729e-01
2.039215713739395142e-01 3.529411852359771729e-01 2.039215713739395142e-01 4.862745106220245361e-01
2.039215713739395142e-01 4.862745106220245361e-01 2.941176593303680420e-01 4.862745106220245361e-01
2.941176593303680420e-01 4.862745106220245361e-01 3.764705955982208252e-01 4.862745106220245361e-01
3.764705955982208252e-01 4.862745106220245361e-01 3.764705955982208252e-01 4.235294163227081299e-01
3.764705955982208252e-01 4.235294163227081299e-01 3.764705955982208252e-01 3.529411852359771729e-01
3.764705955982208252e-01 3.529411852359771729e-01 3.764705955982208252e-01 3.529411852359771729e-01
7.372549176216125488e-01 4.862745106220245361e-01 5.019608139991760254e-01 4.862745106220245361e-01
5.019608139991760254e-01 4.862745106220245361e-01 5.019608139991760254e-01 4.235294163227081299e-01
5.019608139991760254e-01 4.235294163227081299e-01 3.764705955982208252e-01 4.235294163227081299e-01
3.764705955982208252e-01 4.235294163227081299e-01 3.764705955982208252e-01 4.862745106220245361e-01
3.764705955982208252e-01 4.862745106220245361e-01 2.941176593303680420e-01 4.862745106220245361e-01
2.941176593303680420e-01 4.862745106220245361e-01 2.941176593303680420e-01 6.235294342041015625e-01
2.941176593303680420e-01 6.235294342041015625e-01 2.941176593303680420e-01 6.980392336845397949e-01
2.941176593303680420e-01 6.980392336845397949e-01 7.372549176216125488e-01 6.980392336845397949e-01
7.372549176216125488e-01 6.980392336845397949e-01 7.372549176216125488e-01 4.862745106220245361e-01
7.372549176216125488e-01 4.862745106220245361e-01 7.372549176216125488e-01 4.862745106220245361e-01
7.803921699523925781e-01 4.862745106220245361e-01 7.372549176216125488e-01 4.862745106220245361e-01
7.372549176216125488e-01 4.862745106220245361e-01 7.372549176216125488e-01 6.980392336845397949e-01
7.372549176216125488e-01 6.980392336845397949e-01 8.352941274642944336e-01 6.980392336845397949e-01
8.352941274642944336e-01 6.980392336845397949e-01 8.352941274642944336e-01 4.862745106220245361e-01
8.352941274642944336e-01 4.862745106220245361e-01 7.803921699523925781e-01 4.862745106220245361e-01
7.803921699523925781e-01 4.862745106220245361e-01 7.803921699523925781e-01 4.862745106220245361e-01
