5.568627715110778809e-01 2.823529541492462158e-01 5.215686559677124023e-01 2.823529541492462158e-01
5.215686559677124023e-01 2.823529541492462158e-01 5.215686559677124023e-01 3.176470696926116943e-01
5.215686559677124023e-01 3.176470696926116943e-01 4.588235318660736084e-01 3.176470696926116943e-01
4.588235318660736084e-01 3.176470696926116943e-01 4.588235318660736084e-01 4.274509847164154053e-01
4.588235318660736084e-01 4.274509847164154053e-01 5.215686559677124023e-01 4.274509847164154053e-01
5.215686559677124023e-01 4.274509847164154053e-01 5.568627715110778809e-01 4.274509847164154053e-01
5.568627715110778809e-01 4.274509847164154053e-01 5.568627715110778809e-01 3.176470696926116943e-01
5.568627715110778809e-01 3.176470696926116943e-01 5.568627715110778809e-01 2.823529541492462158e-01
5.568627715110778809e-01 2.823529541492462158e-01 5.568627715110778809e-01 2.823529541492462158e-01
2.980392277240753174e-01 4.980392158031463623e-01 2.980392277240753174e-01 4.274509847164154053e-01
2.980392277240753174e-01 4.274509847164154053e-01 1.921568661928176880e-01 4.274509847164154053e-01
1.921568661928176880e-01 4.274509847164154053e-01 1.921568661928176880e-01 4.980392158031463623e-01
1.921568661928176880e-01 4.980392158031463623e-01 1.921568661928176880e-01 6.352941393852233887e-01
1.921568661928176880e-01 6.352941393852233887e-01 2.980392277240753174e-01 6.352941393852233887e-01
2.980392277240753174e-01 6.352941393852233887e-01 2.980392277240753174e-01 4.980392158031463623e-01
2.980392277240753174e-01 4.980392158031463623e-01 2.980392277240753174e-01 4.980392158031463623e-01
8.117647171020507812e-01 2.823529541492462158e-01 5.568627715110778809e-01 2.823529541492462158e-01
5.568627715110778809e-01 2.823529541492462158e-01 5.568627715110778809e-01 3.176470696926116943e-01
5.568627715110778809e-01 3.176470696926116943e-01 5.568627715110778809e-01 4.274509847164154053e-01
5.568627715110778809e-01 4.274509847164154053e-01 5.215686559677124023e-01 4.274509847164154053e-01
5.215686559677124023e-01 4.274509847164154053e-01 5.215686559677124023e-01 4.980392158031463623e-01
5.215686559677124023e-01 4.980392158031463623e-01 7.019608020782470703e-01 4.980392158031463623e-01
7.019608020782470703e-01 4.980392158031463623e-01 8.117647171020507812e-01 4.980392158031463623e-01
8.117647171020507812e-01 4.980392158031463623e-01 8.117647171020507812e-01 2.823529541492462158e-01
8.117647171020507812e-01 2.823529541492462158e-01 8.117647171020507812e-01 2.823529541492462158e-01
4.588235318660736084e-01 3.176470696926116943e-01 2.980392277240753174e-01 3.176470696926116943e-01
2.980392277240753174e-01 3.176470696926116943e-01 2.980392277240753174e-01 4.274509847164154053e-01
2.980392277240753174e-01 4.274509847164154053e-01 2.980392277240753174e-01 4.980392158031463623e-01
2.980392277240753174e-01 4.980392158031463623e-01 4.588235318660736084e-01 4.980392158031463623e-01
4.588235318660736084e-01 4.980392158031463623e-01 4.588235318660736084e-01 4.274509847164154053e-01
4.588235318660736084e-01 4.274509847164154053e-01 4.588235318660736084e-01 3.176470696926116943e-01
4.588235318660736084e-01 3.176470696926116943e-01 4.588235318660736084e-01 3.176470696926116943e-01
7.019608020782470703e-01 4.980392158031463623e-01 5.215686559677124023e-01 4.980392158031463623e-01
5.215686559677124023e-01 4.980392158031463623e-01 5.215686559677124023e-01 4.274509847164154053e-01
5.215686559677124023e-01 4.274509847164154053e-01 4.588235318660736084e-01 4.274509847164154053e-01
4.588235318660736084e-01 4.274509847164154053e-01 4.588235318660736084e-01 4.980392158031463623e-01
4.588235318660736084e-01 4.980392158031463623e-01 2.980392277240753174e-01 4.980392158031463623e-01
2.980392277240753174e-01 4.980392158031463623e-01 2.980392277240753174e-01 6.352941393852233887e-01
2.980392277240753174e-01 6.352941393852233887e-01 1.921568661928176880e-01 6.352941393852233887e-01
1.921568661928176880e-01 6.352941393852233887e-01 1.921568661928176880e-01 7.137255072593688965e-01
1.921568661928176880e-01 7.137255072593688965e-01 7.019608020782470703e-01 7.137255072593688965e-01
7.019608020782470703e-01 7.137255072593688965e-01 7.019608020782470703e-01 4.980392158031463623e-01
7.019608020782470703e-01 4.980392158031463623e-01 7.019608020782470703e-01 4.980392158031463623e-01
8.117647171020507812e-01 4.980392158031463623e-01 7.019608020782470703e-01 4.980392158031463623e-01
7.019608020782470703e-01 4.980392158031463623e-01 7.019608020782470703e-01 7.137255072593688965e-01
7.019608020782470703e-01 7.137255072593688965e-01 8.117647171020507812e-01 7.137255072593688965e-01
8.117647171020507812e-01 7.137255072593688965e-01 8.117647171020507812e-01 4.980392158031463623e-01
8.117647171020507812e-01 4.980392158031463623e-01 8.117647171020507812e-01 4.980392158031463623e-01
