8.156862854957580566e-01 5.725490450859069824e-01 8.156862854957580566e-01 4.980392158031463623e-01
8.156862854957580566e-01 4.980392158031463623e-01 7.176470756530761719e-01 4.980392158031463623e-01
7.176470756530761719e-01 4.980392158031463623e-01 7.176470756530761719e-01 5.725490450859069824e-01
7.176470756530761719e-01 5.725490450859069824e-01 7.176470756530761719e-01 6.392157077789306641e-01
7.176470756530761719e-01 6.392157077789306641e-01 8.156862854957580566e-01 6.392157077789306641e-01
8.156862854957580566e-01 6.392157077789306641e-01 8.156862854957580566e-01 5.725490450859069824e-01
8.156862854957580566e-01 5.725490450859069824e-01 8.156862854957580566e-01 5.725490450859069824e-01
4.313725531101226807e-01 7.725490331649780273e-01 5.372549295425415039e-01 7.725490331649780273e-01
5.372549295425415039e-01 7.725490331649780273e-01 5.372549295425415039e-01 7.019608020782470703e-01
5.372549295425415039e-01 7.019608020782470703e-01 5.372549295425415039e-01 6.666666865348815918e-01
5.372549295425415039e-01 6.666666865348815918e-01 4.313725531101226807e-01 6.666666865348815918e-01
4.313725531101226807e-01 6.666666865348815918e-01 4.313725531101226807e-01 7.019608020782470703e-01
4.313725531101226807e-01 7.019608020782470703e-01 4.313725531101226807e-01 7.725490331649780273e-01
4.313725531101226807e-01 7.725490331649780273e-01 4.313725531101226807e-01 7.725490331649780273e-01
1.843137294054031372e-01 2.509804069995880127e-01 4.352941215038299561e-01 2.509804069995880127e-01
4.352941215038299561e-01 2.509804069995880127e-01 4.352941215038299561e-01 1.607843190431594849e-01
4.352941215038299561e-01 1.607843190431594849e-01 1.843137294054031372e-01 1.607843190431594849e-01
1.843137294054031372e-01 1.607843190431594849e-01 1.843137294054031372e-01 2.509804069995880127e-01
1.843137294054031372e-01 2.509804069995880127e-01 1.843137294054031372e-01 2.509804069995880127e-01
8.156862854957580566e-01 2.509804069995880127e-01 6.156862974166870117e-01 2.509804069995880127e-01
6.156862974166870117e-01 2.509804069995880127e-01 6.156862974166870117e-01 4.941176474094390869e-01
6.156862974166870117e-01 4.941176474094390869e-01 6.156862974166870117e-01 5.725490450859069824e-01
6.156862974166870117e-01 5.725490450859069824e-01 7.176470756530761719e-01 5.725490450859069824e-01
7.176470756530761719e-01 5.725490450859069824e-01 7.176470756530761719e-01 4.980392158031463623e-01
7.176470756530761719e-01 4.980392158031463623e-01 8.156862854957580566e-01 4.980392158031463623e-01
8.156862854957580566e-01 4.980392158031463623e-01 8.156862854957580566e-01 2.509804069995880127e-01
8.156862854957580566e-01 2.509804069995880127e-01 8.156862854957580566e-01 2.509804069995880127e-01
6.156862974166870117e-01 2.509804069995880127e-01 4.352941215038299561e-01 2.509804069995880127e-01
4.352941215038299561e-01 2.509804069995880127e-01 4.352941215038299561e-01 4.941176474094390869e-01
4.352941215038299561e-01 4.941176474094390869e-01 6.156862974166870117e-01 4.941176474094390869e-01
6.156862974166870117e-01 4.941176474094390869e-01 6.156862974166870117e-01 2.509804069995880127e-01
6.156862974166870117e-01 2.509804069995880127e-01 6.156862974166870117e-01 2.509804069995880127e-01
6.156862974166870117e-01 5.725490450859069824e-01 5.372549295425415039e-01 5.725490450859069824e-01
5.372549295425415039e-01 5.725490450859069824e-01 5.372549295425415039e-01 6.666666865348815918e-01
5.372549295425415039e-01 6.666666865348815918e-01 5.372549295425415039e-01 7.019608020782470703e-01
5.372549295425415039e-01 7.019608020782470703e-01 5.372549295425415039e-01 7.725490331649780273e-01
5.372549295425415039e-01 7.725490331649780273e-01 7.176470756530761719e-01 7.725490331649780273e-01
7.176470756530761719e-01 7.725490331649780273e-01 7.176470756530761719e-01 6.392157077789306641e-01
7.176470756530761719e-01 6.392157077789306641e-01 7.176470756530761719e-01 5.725490450859069824e-01
7.176470756530761719e-01 5.725490450859069824e-01 6.156862974166870117e-01 5.725490450859069824e-01
6.156862974166870117e-01 5.725490450859069824e-01 6.156862974166870117e-01 5.725490450859069824e-01
4.352941215038299561e-01 2.509804069995880127e-01 1.843137294054031372e-01 2.509804069995880127e-01
1.843137294054031372e-01 2.509804069995880127e-01 1.843137294054031372e-01 7.019608020782470703e-01
1.843137294054031372e-01 7.019608020782470703e-01 2.666666805744171143e-01 7.019608020782470703e-01
2.666666805744171143e-01 7.019608020782470703e-01 4.313725531101226807e-01 7.019608020782470703e-01
4.313725531101226807e-01 7.019608020782470703e-01 4.313725531101226807e-01 6.666666865348815918e-01
4.313725531101226807e-01 6.666666865348815918e-01 5.372549295425415039e-01 6.666666865348815918e-01
5.372549295425415039e-01 6.666666865348815918e-01 5.372549295425415039e-01 5.725490450859069824e-01
5.372549295425415039e-01 5.725490450859069824e-01 6.156862974166870117e-01 5.725490450859069824e-01
6.156862974166870117e-01 5.725490450859069824e-01 6.156862974166870117e-01 4.941176474094390869e-01
6.156862974166870117e-01 4.941176474094390869e-01 4.352941215038299561e-01 4.941176474094390869e-01
4.352941215038299561e-01 4.941176474094390869e-01 4.352941215038299561e-01 2.509804069995880127e-01
4.352941215038299561e-01 2.509804069995880127e-01 4.352941215038299561e-01 2.509804069995880127e-01
4.313725531101226807e-01 7.725490331649780273e-01 4.313725531101226807e-01 7.019608020782470703e-01
4.313725531101226807e-01 7.019608020782470703e-01 2.666666805744171143e-01 7.019608020782470703e-01
2.666666805744171143e-01 7.019608020782470703e-01 2.666666805744171143e-01 8.392156958580017090e-01
2.666666805744171143e-01 8.392156958580017090e-01 4.313725531101226807e-01 8.392156958580017090e-01
4.313725531101226807e-01 8.392156958580017090e-01 4.313725531101226807e-01 7.725490331649780273e-01
4.313725531101226807e-01 7.725490331649780273e-01 4.313725531101226807e-01 7.725490331649780273e-01
8.156862854957580566e-01 7.725490331649780273e-01 8.156862854957580566e-01 6.392157077789306641e-01
8.156862854957580566e-01 6.392157077789306641e-01 7.176470756530761719e-01 6.392157077789306641e-01
7.176470756530761719e-01 6.392157077789306641e-01 7.176470756530761719e-01 7.725490331649780273e-01
7.176470756530761719e-01 7.725490331649780273e-01 8.156862854957580566e-01 7.725490331649780273e-01
8.156862854957580566e-01 7.725490331649780273e-01 8.156862854957580566e-01 7.725490331649780273e-01
