7.921568751335144043e-01 3.882353007793426514e-01 6.705882549285888672e-01 3.882353007793426514e-01
6.705882549285888672e-01 3.882353007793426514e-01 6.705882549285888672e-01 5.411764979362487793e-01
6.705882549285888672e-01 5.411764979362487793e-01 7.921568751335144043e-01 5.411764979362487793e-01
7.921568751335144043e-01 5.411764979362487793e-01 7.921568751335144043e-01 3.882353007793426514e-01
7.921568751335144043e-01 3.882353007793426514e-01 7.921568751335144043e-01 3.882353007793426514e-01
7.921568751335144043e-01 5.411764979362487793e-01 6.705882549285888672e-01 5.411764979362487793e-01
6.705882549285888672e-01 5.411764979362487793e-01 6.705882549285888672e-01 6.392157077789306641e-01
6.705882549285888672e-01 6.392157077789306641e-01 7.294117808341979980e-01 6.392157077789306641e-01
7.294117808341979980e-01 6.392157077789306641e-01 7.921568751335144043e-01 6.392157077789306641e-01
7.921568751335144043e-01 6.392157077789306641e-01 7.921568751335144043e-01 5.411764979362487793e-01
7.921568751335144043e-01 5.411764979362487793e-01 7.921568751335144043e-01 5.411764979362487793e-01
6.705882549285888672e-01 3.882353007793426514e-01 7.921568751335144043e-01 3.882353007793426514e-01
7.921568751335144043e-01 3.882353007793426514e-01 7.921568751335144043e-01 1.176470592617988586e-01
7.921568751335144043e-01 1.176470592617988586e-01 6.705882549285888672e-01 1.176470592617988586e-01
6.705882549285888672e-01 1.176470592617988586e-01 5.686274766921997070e-01 1.176470592617988586e-01
5.686274766921997070e-01 1.176470592617988586e-01 5.686274766921997070e-01 5.411764979362487793e-01
5.686274766921997070e-01 5.411764979362487793e-01 6.705882549285888672e-01 5.411764979362487793e-01
6.705882549285888672e-01 5.411764979362487793e-01 6.705882549285888672e-01 3.882353007793426514e-01
6.705882549285888672e-01 3.882353007793426514e-01 6.705882549285888672e-01 3.882353007793426514e-01
3.921568691730499268e-01 1.176470592617988586e-01 2.117647081613540649e-01 1.176470592617988586e-01
2.117647081613540649e-01 1.176470592617988586e-01 2.117647081613540649e-01 4.392156898975372314e-01
2.117647081613540649e-01 4.392156898975372314e-01 3.921568691730499268e-01 4.392156898975372314e-01
3.921568691730499268e-01 4.392156898975372314e-01 3.921568691730499268e-01 1.176470592617988586e-01
3.921568691730499268e-01 1.176470592617988586e-01 3.921568691730499268e-01 1.176470592617988586e-01
6.705882549285888672e-01 8.823529481887817383e-01 7.294117808341979980e-01 8.823529481887817383e-01
7.294117808341979980e-01 8.823529481887817383e-01 7.294117808341979980e-01 6.392157077789306641e-01
7.294117808341979980e-01 6.392157077789306641e-01 6.705882549285888672e-01 6.392157077789306641e-01
6.705882549285888672e-01 6.392157077789306641e-01 5.686274766921997070e-01 6.392157077789306641e-01
5.686274766921997070e-01 6.392157077789306641e-01 5.686274766921997070e-01 8.823529481887817383e-01
5.686274766921997070e-01 8.823529481887817383e-01 6.705882549285888672e-01 8.823529481887817383e-01
6.705882549285888672e-01 8.823529481887817383e-01 6.705882549285888672e-01 8.823529481887817383e-01
6.705882549285888672e-01 5.411764979362487793e-01 5.686274766921997070e-01 5.411764979362487793e-01
5.686274766921997070e-01 5.411764979362487793e-01 5.686274766921997070e-01 1.176470592617988586e-01
5.686274766921997070e-01 1.176470592617988586e-01 3.921568691730499268e-01 1.176470592617988586e-01
3.921568691730499268e-01 1.176470592617988586e-01 3.921568691730499268e-01 4.392156898975372314e-01
3.921568691730499268e-01 4.392156898975372314e-01 3.921568691730499268e-01 7.098039388656616211e-01
3.921568691730499268e-01 7.098039388656616211e-01 3.921568691730499268e-01 8.823529481887817383e-01
3.921568691730499268e-01 8.823529481887817383e-01 5.686274766921997070e-01 8.823529481887817383e-01
5.686274766921997070e-01 8.823529481887817383e-01 5.686274766921997070e-01 6.392157077789306641e-01
5.686274766921997070e-01 6.392157077789306641e-01 6.705882549285888672e-01 6.392157077789306641e-01
6.705882549285888672e-01 6.392157077789306641e-01 6.705882549285888672e-01 5.411764979362487793e-01
6.705882549285888672e-01 5.411764979362487793e-01 6.705882549285888672e-01 5.411764979362487793e-01
3.921568691730499268e-01 8.823529481887817383e-01 3.921568691730499268e-01 7.098039388656616211e-01
3.921568691730499268e-01 7.098039388656616211e-01 2.823529541492462158e-01 7.098039388656616211e-01
2.823529541492462158e-01 7.098039388656616211e-01 2.823529541492462158e-01 8.823529481887817383e-01
2.823529541492462158e-01 8.823529481887817383e-01 3.921568691730499268e-01 8.823529481887817383e-01
3.921568691730499268e-01 8.823529481887817383e-01 3.921568691730499268e-01 8.823529481887817383e-01
