8.274509906768798828e-01 3.882353007793426514e-01 6.980392336845397949e-01 3.882353007793426514e-01
6.980392336845397949e-01 3.882353007793426514e-01 6.980392336845397949e-01 4.862745106220245361e-01
6.980392336845397949e-01 4.862745106220245361e-01 8.274509906768798828e-01 4.862745106220245361e-01
8.274509906768798828e-01 4.862745106220245361e-01 8.274509906768798828e-01 3.882353007793426514e-01
8.274509906768798828e-01 3.882353007793426514e-01 8.274509906768798828e-01 3.882353007793426514e-01
5.333333611488342285e-01 3.882353007793426514e-01 6.313725709915161133e-01 3.882353007793426514e-01
6.313725709915161133e-01 3.882353007793426514e-01 6.313725709915161133e-01 2.745098173618316650e-01
6.313725709915161133e-01 2.745098173618316650e-01 5.333333611488342285e-01 2.745098173618316650e-01
5.333333611488342285e-01 2.745098173618316650e-01 5.333333611488342285e-01 3.882353007793426514e-01
5.333333611488342285e-01 3.882353007793426514e-01 5.333333611488342285e-01 3.882353007793426514e-01
2.666666805744171143e-01 3.882353007793426514e-01 1.764705926179885864e-01 3.882353007793426514e-01
1.764705926179885864e-01 3.882353007793426514e-01 1.764705926179885864e-01 6.156862974166870117e-01
1.764705926179885864e-01 6.156862974166870117e-01 2.666666805744171143e-01 6.156862974166870117e-01
2.666666805744171143e-01 6.156862974166870117e-01 2.666666805744171143e-01 3.882353007793426514e-01
2.666666805744171143e-01 3.882353007793426514e-01 2.666666805744171143e-01 3.882353007793426514e-01
2.666666805744171143e-01 3.882353007793426514e-01 5.333333611488342285e-01 3.882353007793426514e-01
5.333333611488342285e-01 3.882353007793426514e-01 5.333333611488342285e-01 2.745098173618316650e-01
5.333333611488342285e-01 2.745098173618316650e-01 5.333333611488342285e-01 1.803921610116958618e-01
5.333333611488342285e-01 1.803921610116958618e-01 2.666666805744171143e-01 1.803921610116958618e-01
2.666666805744171143e-01 1.803921610116958618e-01 2.666666805744171143e-01 3.882353007793426514e-01
2.666666805744171143e-01 3.882353007793426514e-01 2.666666805744171143e-01 3.882353007793426514e-01
6.980392336845397949e-01 4.862745106220245361e-01 6.274510025978088379e-01 4.862745106220245361e-01
6.274510025978088379e-01 4.862745106220245361e-01 6.274510025978088379e-01 7.058823704719543457e-01
6.274510025978088379e-01 7.058823704719543457e-01 6.980392336845397949e-01 7.058823704719543457e-01
6.980392336845397949e-01 7.058823704719543457e-01 8.274509906768798828e-01 7.058823704719543457e-01
8.274509906768798828e-01 7.058823704719543457e-01 8.274509906768798828e-01 4.862745106220245361e-01
8.274509906768798828e-01 4.862745106220245361e-01 6.980392336845397949e-01 4.862745106220245361e-01
6.980392336845397949e-01 4.862745106220245361e-01 6.980392336845397949e-01 4.862745106220245361e-01
6.313725709915161133e-01 3.882353007793426514e-01 6.980392336845397949e-01 3.882353007793426514e-01
6.980392336845397949e-01 3.882353007793426514e-01 8.274509906768798828e-01 3.882353007793426514e-01
8.274509906768798828e-01 3.882353007793426514e-01 8.274509906768798828e-01 1.803921610116958618e-01
8.274509906768798828e-01 1.803921610116958618e-01 6.313725709915161133e-01 1.803921610116958618e-01
6.313725709915161133e-01 1.803921610116958618e-01 6.313725709915161133e-01 2.745098173618316650e-01
6.313725709915161133e-01 2.745098173618316650e-01 6.313725709915161133e-01 3.882353007793426514e-01
6.313725709915161133e-01 3.882353007793426514e-01 6.313725709915161133e-01 3.882353007793426514e-01
5.333333611488342285e-01 3.882353007793426514e-01 2.666666805744171143e-01 3.882353007793426514e-01
2.666666805744171143e-01 3.882353007793426514e-01 2.666666805744171143e-01 6.156862974166870117e-01
2.666666805744171143e-01 6.156862974166870117e-01 2.666666805744171143e-01 8.196078538894653320e-01
2.666666805744171143e-01 8.196078538894653320e-01 4.274509847164154053e-01 8.196078538894653320e-01
4.274509847164154053e-01 8.196078538894653320e-01 4.274509847164154053e-01 7.058823704719543457e-01
4.274509847164154053e-01 7.058823704719543457e-01 6.274510025978088379e-01 7.058823704719543457e-01
6.274510025978088379e-01 7.058823704719543457e-01 6.274510025978088379e-01 4.862745106220245361e-01
6.274510025978088379e-01 4.862745106220245361e-01 6.980392336845397949e-01 4.862745106220245361e-01
6.980392336845397949e-01 4.862745106220245361e-01 6.980392336845397949e-01 3.882353007793426514e-01
6.980392336845397949e-01 3.882353007793426514e-01 6.313725709915161133e-01 3.882353007793426514e-01
6.313725709915161133e-01 3.882353007793426514e-01 5.333333611488342285e-01 3.882353007793426514e-01
5.333333611488342285e-01 3.882353007793426514e-01 5.333333611488342285e-01 3.882353007793426514e-01
6.980392336845397949e-01 8.196078538894653320e-01 6.980392336845397949e-01 7.058823704719543457e-01
6.980392336845397949e-01 7.058823704719543457e-01 6.274510025978088379e-01 7.058823704719543457e-01
6.274510025978088379e-01 7.058823704719543457e-01 4.274509847164154053e-01 7.058823704719543457e-01
4.274509847164154053e-01 7.058823704719543457e-01 4.274509847164154053e-01 8.196078538894653320e-01
4.274509847164154053e-01 8.196078538894653320e-01 6.274510025978088379e-01 8.196078538894653320e-01
6.274510025978088379e-01 8.196078538894653320e-01 6.980392336845397949e-01 8.196078538894653320e-01
6.980392336845397949e-01 8.196078538894653320e-01 6.980392336845397949e-01 8.196078538894653320e-01
5.333333611488342285e-01 2.745098173618316650e-01 6.313725709915161133e-01 2.745098173618316650e-01
6.313725709915161133e-01 2.745098173618316650e-01 6.313725709915161133e-01 1.803921610116958618e-01
6.313725709915161133e-01 1.803921610116958618e-01 5.333333611488342285e-01 1.803921610116958618e-01
5.333333611488342285e-01 1.803921610116958618e-01 5.333333611488342285e-01 2.745098173618316650e-01
5.333333611488342285e-01 2.745098173618316650e-01 5.333333611488342285e-01 2.745098173618316650e-01
