6.000000238418579102e-01 5.568627715110778809e-01 5.098039507865905762e-01 5.568627715110778809e-01
5.098039507865905762e-01 5.568627715110778809e-01 5.098039507865905762e-01 6.549019813537597656e-01
5.098039507865905762e-01 6.549019813537597656e-01 6.000000238418579102e-01 6.549019813537597656e-01
6.000000238418579102e-01 6.549019813537597656e-01 6.000000238418579102e-01 5.568627715110778809e-01
6.000000238418579102e-01 5.568627715110778809e-01 6.000000238418579102e-01 5.568627715110778809e-01
5.098039507865905762e-01 5.568627715110778809e-01 4.392156898975372314e-01 5.568627715110778809e-01
4.392156898975372314e-01 5.568627715110778809e-01 4.392156898975372314e-01 6.549019813537597656e-01
4.392156898975372314e-01 6.549019813537597656e-01 5.098039507865905762e-01 6.549019813537597656e-01
5.098039507865905762e-01 6.549019813537597656e-01 5.098039507865905762e-01 5.568627715110778809e-01
5.098039507865905762e-01 5.568627715110778809e-01 5.098039507865905762e-01 5.568627715110778809e-01
4.392156898975372314e-01 6.549019813537597656e-01 3.372549116611480713e-01 6.549019813537597656e-01
3.372549116611480713e-01 6.549019813537597656e-01 3.372549116611480713e-01 7.764706015586853027e-01
3.372549116611480713e-01 7.764706015586853027e-01 6.000000238418579102e-01 7.764706015586853027e-01
6.000000238418579102e-01 7.764706015586853027e-01 6.000000238418579102e-01 6.549019813537597656e-01
6.000000238418579102e-01 6.549019813537597656e-01 5.098039507865905762e-01 6.549019813537597656e-01
5.098039507865905762e-01 6.549019813537597656e-01 4.392156898975372314e-01 6.549019813537597656e-01
4.392156898975372314e-01 6.549019813537597656e-01 4.392156898975372314e-01 6.549019813537597656e-01
6.000000238418579102e-01 5.568627715110778809e-01 6.784313917160034180e-01 5.568627715110778809e-01
6.784313917160034180e-01 5.568627715110778809e-01 7.764706015586853027e-01 5.568627715110778809e-01
7.764706015586853027e-01 5.568627715110778809e-01 7.764706015586853027e-01 3.098039329051971436e-01
7.764706015586853027e-01 3.098039329051971436e-01 6.784313917160034180e-01 3.098039329051971436e-01
6.784313917160034180e-01 3.098039329051971436e-01 6.431372761726379395e-01 3.098039329051971436e-01
6.431372761726379395e-01 3.098039329051971436e-01 6.000000238418579102e-01 3.098039329051971436e-01
6.000000238418579102e-01 3.098039329051971436e-01 6.000000238418579102e-01 4.823529422283172607e-01
6.000000238418579102e-01 4.823529422283172607e-01 6.000000238418579102e-01 5.568627715110778809e-01
6.000000238418579102e-01 5.568627715110778809e-01 6.000000238418579102e-01 5.568627715110778809e-01
6.000000238418579102e-01 4.823529422283172607e-01 6.000000238418579102e-01 3.098039329051971436e-01
6.000000238418579102e-01 3.098039329051971436e-01 4.392156898975372314e-01 3.098039329051971436e-01
4.392156898975372314e-01 3.098039329051971436e-01 4.392156898975372314e-01 4.823529422283172607e-01
4.392156898975372314e-01 4.823529422283172607e-01 6.000000238418579102e-01 4.823529422283172607e-01
6.000000238418579102e-01 4.823529422283172607e-01 6.000000238418579102e-01 4.823529422283172607e-01
4.392156898975372314e-01 5.568627715110778809e-01 5.098039507865905762e-01 5.568627715110778809e-01
5.098039507865905762e-01 5.568627715110778809e-01 6.000000238418579102e-01 5.568627715110778809e-01
6.000000238418579102e-01 5.568627715110778809e-01 6.000000238418579102e-01 4.823529422283172607e-01
6.000000238418579102e-01 4.823529422283172607e-01 4.392156898975372314e-01 4.823529422283172607e-01
4.392156898975372314e-01 4.823529422283172607e-01 4.392156898975372314e-01 3.098039329051971436e-01
4.392156898975372314e-01 3.098039329051971436e-01 6.000000238418579102e-01 3.098039329051971436e-01
6.000000238418579102e-01 3.098039329051971436e-01 6.431372761726379395e-01 3.098039329051971436e-01
6.431372761726379395e-01 3.098039329051971436e-01 6.431372761726379395e-01 2.313725501298904419e-01
6.431372761726379395e-01 2.313725501298904419e-01 2.274509817361831665e-01 2.313725501298904419e-01
2.274509817361831665e-01 2.313725501298904419e-01 2.274509817361831665e-01 6.549019813537597656e-01
2.274509817361831665e-01 6.549019813537597656e-01 3.372549116611480713e-01 6.549019813537597656e-01
3.372549116611480713e-01 6.549019813537597656e-01 4.392156898975372314e-01 6.549019813537597656e-01
4.392156898975372314e-01 6.549019813537597656e-01 4.392156898975372314e-01 5.568627715110778809e-01
4.392156898975372314e-01 5.568627715110778809e-01 4.392156898975372314e-01 5.568627715110778809e-01
6.784313917160034180e-01 2.313725501298904419e-01 6.431372761726379395e-01 2.313725501298904419e-01
6.431372761726379395e-01 2.313725501298904419e-01 6.431372761726379395e-01 3.098039329051971436e-01
6.431372761726379395e-01 3.098039329051971436e-01 6.784313917160034180e-01 3.098039329051971436e-01
6.784313917160034180e-01 3.098039329051971436e-01 7.764706015586853027e-01 3.098039329051971436e-01
7.764706015586853027e-01 3.098039329051971436e-01 7.764706015586853027e-01 2.313725501298904419e-01
7.764706015586853027e-01 2.313725501298904419e-01 6.784313917160034180e-01 2.313725501298904419e-01
6.784313917160034180e-01 2.313725501298904419e-01 6.784313917160034180e-01 2.313725501298904419e-01
6.784313917160034180e-01 5.568627715110778809e-01 6.000000238418579102e-01 5.568627715110778809e-01
6.000000238418579102e-01 5.568627715110778809e-01 6.000000238418579102e-01 6.549019813537597656e-01
6.000000238418579102e-01 6.549019813537597656e-01 6.784313917160034180e-01 6.549019813537597656e-01
6.784313917160034180e-01 6.549019813537597656e-01 7.764706015586853027e-01 6.549019813537597656e-01
7.764706015586853027e-01 6.549019813537597656e-01 7.764706015586853027e-01 5.568627715110778809e-01
7.764706015586853027e-01 5.568627715110778809e-01 6.784313917160034180e-01 5.568627715110778809e-01
6.784313917160034180e-01 5.568627715110778809e-01 6.784313917160034180e-01 5.568627715110778809e-01
