3.843137323856353760e-01 7.921568751335144043e-01 4.627451002597808838e-01 7.921568751335144043e-01
4.627451002597808838e-01 7.921568751335144043e-01 4.627451002597808838e-01 6.627451181411743164e-01
4.627451002597808838e-01 6.627451181411743164e-01 3.843137323856353760e-01 6.627451181411743164e-01
3.843137323856353760e-01 6.627451181411743164e-01 3.843137323856353760e-01 7.450980544090270996e-01
3.843137323856353760e-01 7.450980544090270996e-01 3.843137323856353760e-01 7.921568751335144043e-01
3.843137323856353760e-01 7.921568751335144043e-01 3.843137323856353760e-01 7.921568751335144043e-01
8.392156958580017090e-01 2.117647081613540649e-01 7.098039388656616211e-01 2.117647081613540649e-01
7.098039388656616211e-01 2.117647081613540649e-01 7.098039388656616211e-01 3.764705955982208252e-01
7.098039388656616211e-01 3.764705955982208252e-01 7.803921699523925781e-01 3.764705955982208252e-01
7.803921699523925781e-01 3.764705955982208252e-01 8.392156958580017090e-01 3.764705955982208252e-01
8.392156958580017090e-01 3.764705955982208252e-01 8.392156958580017090e-01 2.117647081613540649e-01
8.392156958580017090e-01 2.117647081613540649e-01 8.392156958580017090e-01 2.117647081613540649e-01
7.098039388656616211e-01 5.921568870544433594e-01 4.627451002597808838e-01 5.921568870544433594e-01
4.627451002597808838e-01 5.921568870544433594e-01 4.627451002597808838e-01 6.627451181411743164e-01
4.627451002597808838e-01 6.627451181411743164e-01 4.627451002597808838e-01 7.921568751335144043e-01
4.627451002597808838e-01 7.921568751335144043e-01 7.490196228027343750e-01 7.921568751335144043e-01
7.490196228027343750e-01 7.921568751335144043e-01 7.490196228027343750e-01 5.921568870544433594e-01
7.490196228027343750e-01 5.921568870544433594e-01 7.098039388656616211e-01 5.921568870544433594e-01
7.098039388656616211e-01 5.921568870544433594e-01 7.098039388656616211e-01 5.921568870544433594e-01
2.862745225429534912e-01 5.647059082984924316e-01 1.764705926179885864e-01 5.647059082984924316e-01
1.764705926179885864e-01 5.647059082984924316e-01 1.764705926179885864e-01 7.450980544090270996e-01
1.764705926179885864e-01 7.450980544090270996e-01 3.843137323856353760e-01 7.450980544090270996e-01
3.843137323856353760e-01 7.450980544090270996e-01 3.843137323856353760e-01 6.627451181411743164e-01
3.843137323856353760e-01 6.627451181411743164e-01 3.843137323856353760e-01 5.647059082984924316e-01
3.843137323856353760e-01 5.647059082984924316e-01 2.862745225429534912e-01 5.647059082984924316e-01
2.862745225429534912e-01 5.647059082984924316e-01 2.862745225429534912e-01 5.647059082984924316e-01
4.627451002597808838e-01 5.921568870544433594e-01 7.098039388656616211e-01 5.921568870544433594e-01
7.098039388656616211e-01 5.921568870544433594e-01 7.098039388656616211e-01 5.450980663299560547e-01
7.098039388656616211e-01 5.450980663299560547e-01 7.098039388656616211e-01 3.764705955982208252e-01
7.098039388656616211e-01 3.764705955982208252e-01 7.098039388656616211e-01 2.117647081613540649e-01
7.098039388656616211e-01 2.117647081613540649e-01 2.862745225429534912e-01 2.117647081613540649e-01
2.862745225429534912e-01 2.117647081613540649e-01 2.862745225429534912e-01 3.803921639919281006e-01
2.862745225429534912e-01 3.803921639919281006e-01 2.862745225429534912e-01 5.647059082984924316e-01
2.862745225429534912e-01 5.647059082984924316e-01 3.843137323856353760e-01 5.647059082984924316e-01
3.843137323856353760e-01 5.647059082984924316e-01 3.843137323856353760e-01 6.627451181411743164e-01
3.843137323856353760e-01 6.627451181411743164e-01 4.627451002597808838e-01 6.627451181411743164e-01
4.627451002597808838e-01 6.627451181411743164e-01 4.627451002597808838e-01 5.921568870544433594e-01
4.627451002597808838e-01 5.921568870544433594e-01 4.627451002597808838e-01 5.921568870544433594e-01
1.764705926179885864e-01 5.647059082984924316e-01 2.862745225429534912e-01 5.647059082984924316e-01
2.862745225429534912e-01 5.647059082984924316e-01 2.862745225429534912e-01 3.803921639919281006e-01
2.862745225429534912e-01 3.803921639919281006e-01 1.764705926179885864e-01 3.803921639919281006e-01
1.764705926179885864e-01 3.803921639919281006e-01 1.764705926179885864e-01 5.647059082984924316e-01
1.764705926179885864e-01 5.647059082984924316e-01 1.764705926179885864e-01 5.647059082984924316e-01
7.803921699523925781e-01 3.764705955982208252e-01 7.098039388656616211e-01 3.764705955982208252e-01
7.098039388656616211e-01 3.764705955982208252e-01 7.098039388656616211e-01 5.450980663299560547e-01
7.098039388656616211e-01 5.450980663299560547e-01 7.803921699523925781e-01 5.450980663299560547e-01
7.803921699523925781e-01 5.450980663299560547e-01 7.803921699523925781e-01 3.764705955982208252e-01
7.803921699523925781e-01 3.764705955982208252e-01 7.803921699523925781e-01 3.764705955982208252e-01
