6.313725709915161133e-01 2.078431397676467896e-01 5.372549295425415039e-01 2.078431397676467896e-01
5.372549295425415039e-01 2.078431397676467896e-01 5.372549295425415039e-01 3.215686380863189697e-01
5.372549295425415039e-01 3.215686380863189697e-01 6.313725709915161133e-01 3.215686380863189697e-01
6.313725709915161133e-01 3.215686380863189697e-01 6.313725709915161133e-01 2.078431397676467896e-01
6.313725709915161133e-01 2.078431397676467896e-01 6.313725709915161133e-01 2.078431397676467896e-01
4.823529422283172607e-01 2.078431397676467896e-01 4.196078479290008545e-01 2.078431397676467896e-01
4.196078479290008545e-01 2.078431397676467896e-01 4.196078479290008545e-01 3.215686380863189697e-01
4.196078479290008545e-01 3.215686380863189697e-01 4.823529422283172607e-01 3.215686380863189697e-01
4.823529422283172607e-01 3.215686380863189697e-01 5.372549295425415039e-01 3.215686380863189697e-01
5.372549295425415039e-01 3.215686380863189697e-01 5.372549295425415039e-01 2.078431397676467896e-01
5.372549295425415039e-01 2.078431397676467896e-01 4.823529422283172607e-01 2.078431397676467896e-01
4.823529422283172607e-01 2.078431397676467896e-01 4.823529422283172607e-01 2.078431397676467896e-01
5.843137502670288086e-01 8.274509906768798828e-01 7.137255072593688965e-01 8.274509906768798828e-01
7.137255072593688965e-01 8.274509906768798828e-01 8.431372642517089844e-01 8.274509906768798828e-01
8.431372642517089844e-01 8.274509906768798828e-01 8.431372642517089844e-01 7.254902124404907227e-01
8.431372642517089844e-01 7.254902124404907227e-01 7.137255072593688965e-01 7.254902124404907227e-01
7.137255072593688965e-01 7.254902124404907227e-01 5.843137502670288086e-01 7.254902124404907227e-01
5.843137502670288086e-01 7.254902124404907227e-01 5.843137502670288086e-01 8.274509906768798828e-01
5.843137502670288086e-01 8.274509906768798828e-01 5.843137502670288086e-01 8.274509906768798828e-01
4.196078479290008545e-01 2.078431397676467896e-01 1.607843190431594849e-01 2.078431397676467896e-01
1.607843190431594849e-01 2.078431397676467896e-01 1.607843190431594849e-01 3.921568691730499268e-01
1.607843190431594849e-01 3.921568691730499268e-01 2.549019753932952881e-01 3.921568691730499268e-01
2.549019753932952881e-01 3.921568691730499268e-01 4.823529422283172607e-01 3.921568691730499268e-01
4.823529422283172607e-01 3.921568691730499268e-01 4.823529422283172607e-01 3.215686380863189697e-01
4.823529422283172607e-01 3.215686380863189697e-01 4.196078479290008545e-01 3.215686380863189697e-01
4.196078479290008545e-01 3.215686380863189697e-01 4.196078479290008545e-01 2.078431397676467896e-01
4.196078479290008545e-01 2.078431397676467896e-01 4.196078479290008545e-01 2.078431397676467896e-01
8.117647171020507812e-01 2.078431397676467896e-01 6.313725709915161133e-01 2.078431397676467896e-01
6.313725709915161133e-01 2.078431397676467896e-01 6.313725709915161133e-01 3.215686380863189697e-01
6.313725709915161133e-01 3.215686380863189697e-01 6.313725709915161133e-01 3.960784375667572021e-01
6.313725709915161133e-01 3.960784375667572021e-01 7.137255072593688965e-01 3.960784375667572021e-01
7.137255072593688965e-01 3.960784375667572021e-01 7.529411911964416504e-01 3.960784375667572021e-01
7.529411911964416504e-01 3.960784375667572021e-01 8.117647171020507812e-01 3.960784375667572021e-01
8.117647171020507812e-01 3.960784375667572021e-01 8.117647171020507812e-01 2.078431397676467896e-01
8.117647171020507812e-01 2.078431397676467896e-01 8.117647171020507812e-01 2.078431397676467896e-01
7.137255072593688965e-01 5.568627715110778809e-01 7.529411911964416504e-01 5.568627715110778809e-01
7.529411911964416504e-01 5.568627715110778809e-01 7.529411911964416504e-01 3.960784375667572021e-01
7.529411911964416504e-01 3.960784375667572021e-01 7.137255072593688965e-01 3.960784375667572021e-01
7.137255072593688965e-01 3.960784375667572021e-01 6.313725709915161133e-01 3.960784375667572021e-01
6.313725709915161133e-01 3.960784375667572021e-01 5.647059082984924316e-01 3.960784375667572021e-01
5.647059082984924316e-01 3.960784375667572021e-01 5.647059082984924316e-01 5.568627715110778809e-01
5.647059082984924316e-01 5.568627715110778809e-01 7.137255072593688965e-01 5.568627715110778809e-01
7.137255072593688965e-01 5.568627715110778809e-01 7.137255072593688965e-01 5.568627715110778809e-01
5.372549295425415039e-01 3.215686380863189697e-01 4.823529422283172607e-01 3.215686380863189697e-01
4.823529422283172607e-01 3.215686380863189697e-01 4.823529422283172607e-01 3.921568691730499268e-01
4.823529422283172607e-01 3.921568691730499268e-01 2.549019753932952881e-01 3.921568691730499268e-01
2.549019753932952881e-01 3.921568691730499268e-01 2.549019753932952881e-01 6.196078658103942871e-01
2.549019753932952881e-01 6.196078658103942871e-01 2.549019753932952881e-01 8.274509906768798828e-01
2.549019753932952881e-01 8.274509906768798828e-01 5.843137502670288086e-01 8.274509906768798828e-01
5.843137502670288086e-01 8.274509906768798828e-01 5.843137502670288086e-01 7.254902124404907227e-01
5.843137502670288086e-01 7.254902124404907227e-01 7.137255072593688965e-01 7.254902124404907227e-01
7.137255072593688965e-01 7.254902124404907227e-01 7.137255072593688965e-01 5.568627715110778809e-01
7.137255072593688965e-01 5.568627715110778809e-01 5.647059082984924316e-01 5.568627715110778809e-01
5.647059082984924316e-01 5.568627715110778809e-01 5.647059082984924316e-01 3.960784375667572021e-01
5.647059082984924316e-01 3.960784375667572021e-01 6.313725709915161133e-01 3.960784375667572021e-01
6.313725709915161133e-01 3.960784375667572021e-01 6.313725709915161133e-01 3.215686380863189697e-01
6.313725709915161133e-01 3.215686380863189697e-01 5.372549295425415039e-01 3.215686380863189697e-01
5.372549295425415039e-01 3.215686380863189697e-01 5.372549295425415039e-01 3.215686380863189697e-01
2.549019753932952881e-01 6.196078658103942871e-01 2.549019753932952881e-01 3.921568691730499268e-01
2.549019753932952881e-01 3.921568691730499268e-01 1.607843190431594849e-01 3.921568691730499268e-01
1.607843190431594849e-01 3.921568691730499268e-01 1.607843190431594849e-01 6.196078658103942871e-01
1.607843190431594849e-01 6.196078658103942871e-01 2.549019753932952881e-01 6.196078658103942871e-01
2.549019753932952881e-01 6.196078658103942871e-01 2.549019753932952881e-01 6.196078658103942871e-01
7.137255072593688965e-01 5.568627715110778809e-01 7.137255072593688965e-01 7.254902124404907227e-01
7.137255072593688965e-01 7.254902124404907227e-01 8.431372642517089844e-01 7.254902124404907227e-01
8.431372642517089844e-01 7.254902124404907227e-01 8.431372642517089844e-01 5.568627715110778809e-01
8.431372642517089844e-01 5.568627715110778809e-01 7.529411911964416504e-01 5.568627715110778809e-01
7.529411911964416504e-01 5.568627715110778809e-01 7.137255072593688965e-01 5.568627715110778809e-01
7.137255072593688965e-01 5.568627715110778809e-01 7.137255072593688965e-01 5.568627715110778809e-01
