6.941176652908325195e-01 4.666666686534881592e-01 5.882353186607360840e-01 4.666666686534881592e-01
5.882353186607360840e-01 4.666666686534881592e-01 5.882353186607360840e-01 5.686274766921997070e-01
5.882353186607360840e-01 5.686274766921997070e-01 6.941176652908325195e-01 5.686274766921997070e-01
6.941176652908325195e-01 5.686274766921997070e-01 7.372549176216125488e-01 5.686274766921997070e-01
7.372549176216125488e-01 5.686274766921997070e-01 7.372549176216125488e-01 4.666666686534881592e-01
7.372549176216125488e-01 4.666666686534881592e-01 6.941176652908325195e-01 4.666666686534881592e-01
6.941176652908325195e-01 4.666666686534881592e-01 6.941176652908325195e-01 4.666666686534881592e-01
4.313725531101226807e-01 7.921568751335144043e-01 5.176470875740051270e-01 7.921568751335144043e-01
5.176470875740051270e-01 7.921568751335144043e-01 5.176470875740051270e-01 7.019608020782470703e-01
5.176470875740051270e-01 7.019608020782470703e-01 4.313725531101226807e-01 7.019608020782470703e-01
4.313725531101226807e-01 7.019608020782470703e-01 4.313725531101226807e-01 7.921568751335144043e-01
4.313725531101226807e-01 7.921568751335144043e-01 4.313725531101226807e-01 7.921568751335144043e-01
5.882353186607360840e-01 2.549019753932952881e-01 5.882353186607360840e-01 2.117647081613540649e-01
5.882353186607360840e-01 2.117647081613540649e-01 4.705882370471954346e-01 2.117647081613540649e-01
4.705882370471954346e-01 2.117647081613540649e-01 4.705882370471954346e-01 3.254902064800262451e-01
4.705882370471954346e-01 3.254902064800262451e-01 5.882353186607360840e-01 3.254902064800262451e-01
5.882353186607360840e-01 3.254902064800262451e-01 5.882353186607360840e-01 2.549019753932952881e-01
5.882353186607360840e-01 2.549019753932952881e-01 5.882353186607360840e-01 2.549019753932952881e-01
8.156862854957580566e-01 4.666666686534881592e-01 7.372549176216125488e-01 4.666666686534881592e-01
7.372549176216125488e-01 4.666666686534881592e-01 7.372549176216125488e-01 5.686274766921997070e-01
7.372549176216125488e-01 5.686274766921997070e-01 8.156862854957580566e-01 5.686274766921997070e-01
8.156862854957580566e-01 5.686274766921997070e-01 9.058823585510253906e-01 5.686274766921997070e-01
9.058823585510253906e-01 5.686274766921997070e-01 9.058823585510253906e-01 4.666666686534881592e-01
9.058823585510253906e-01 4.666666686534881592e-01 8.156862854957580566e-01 4.666666686534881592e-01
8.156862854957580566e-01 4.666666686534881592e-01 8.156862854957580566e-01 4.666666686534881592e-01
5.882353186607360840e-01 4.039215743541717529e-01 5.882353186607360840e-01 3.254902064800262451e-01
5.882353186607360840e-01 3.254902064800262451e-01 4.705882370471954346e-01 3.254902064800262451e-01
4.705882370471954346e-01 3.254902064800262451e-01 4.705882370471954346e-01 2.117647081613540649e-01
4.705882370471954346e-01 2.117647081613540649e-01 1.843137294054031372e-01 2.117647081613540649e-01
1.843137294054031372e-01 2.117647081613540649e-01 1.843137294054031372e-01 4.039215743541717529e-01
1.843137294054031372e-01 4.039215743541717529e-01 4.666666686534881592e-01 4.039215743541717529e-01
4.666666686534881592e-01 4.039215743541717529e-01 5.882353186607360840e-01 4.039215743541717529e-01
5.882353186607360840e-01 4.039215743541717529e-01 5.882353186607360840e-01 4.039215743541717529e-01
5.882353186607360840e-01 4.666666686534881592e-01 6.941176652908325195e-01 4.666666686534881592e-01
6.941176652908325195e-01 4.666666686534881592e-01 7.372549176216125488e-01 4.666666686534881592e-01
7.372549176216125488e-01 4.666666686534881592e-01 8.156862854957580566e-01 4.666666686534881592e-01
8.156862854957580566e-01 4.666666686534881592e-01 8.156862854957580566e-01 2.549019753932952881e-01
8.156862854957580566e-01 2.549019753932952881e-01 5.882353186607360840e-01 2.549019753932952881e-01
5.882353186607360840e-01 2.549019753932952881e-01 5.882353186607360840e-01 3.254902064800262451e-01
5.882353186607360840e-01 3.254902064800262451e-01 5.882353186607360840e-01 4.039215743541717529e-01
5.882353186607360840e-01 4.039215743541717529e-01 5.882353186607360840e-01 4.666666686534881592e-01
5.882353186607360840e-01 4.666666686534881592e-01 5.882353186607360840e-01 4.666666686534881592e-01
4.666666686534881592e-01 4.039215743541717529e-01 1.843137294054031372e-01 4.039215743541717529e-01
1.843137294054031372e-01 4.039215743541717529e-01 1.843137294054031372e-01 5.568627715110778809e-01
1.843137294054031372e-01 5.568627715110778809e-01 4.666666686534881592e-01 5.568627715110778809e-01
4.666666686534881592e-01 5.568627715110778809e-01 4.666666686534881592e-01 4.039215743541717529e-01
4.666666686534881592e-01 4.039215743541717529e-01 4.666666686534881592e-01 4.039215743541717529e-01
6.941176652908325195e-01 5.686274766921997070e-01 5.882353186607360840e-01 5.686274766921997070e-01
5.882353186607360840e-01 5.686274766921997070e-01 5.882353186607360840e-01 4.666666686534881592e-01
5.882353186607360840e-01 4.666666686534881592e-01 5.882353186607360840e-01 4.039215743541717529e-01
5.882353186607360840e-01 4.039215743541717529e-01 4.666666686534881592e-01 4.039215743541717529e-01
4.666666686534881592e-01 4.039215743541717529e-01 4.666666686534881592e-01 5.568627715110778809e-01
4.666666686534881592e-01 5.568627715110778809e-01 1.843137294054031372e-01 5.568627715110778809e-01
1.843137294054031372e-01 5.568627715110778809e-01 1.843137294054031372e-01 7.921568751335144043e-01
1.843137294054031372e-01 7.921568751335144043e-01 4.313725531101226807e-01 7.921568751335144043e-01
4.313725531101226807e-01 7.921568751335144043e-01 4.313725531101226807e-01 7.019608020782470703e-01
4.313725531101226807e-01 7.019608020782470703e-01 5.176470875740051270e-01 7.019608020782470703e-01
5.176470875740051270e-01 7.019608020782470703e-01 5.176470875740051270e-01 7.921568751335144043e-01
5.176470875740051270e-01 7.921568751335144043e-01 6.941176652908325195e-01 7.921568751335144043e-01
6.941176652908325195e-01 7.921568751335144043e-01 6.941176652908325195e-01 7.176470756530761719e-01
6.941176652908325195e-01 7.176470756530761719e-01 6.941176652908325195e-01 5.686274766921997070e-01
6.941176652908325195e-01 5.686274766921997070e-01 6.941176652908325195e-01 5.686274766921997070e-01
7.372549176216125488e-01 5.686274766921997070e-01 6.941176652908325195e-01 5.686274766921997070e-01
6.941176652908325195e-01 5.686274766921997070e-01 6.941176652908325195e-01 7.176470756530761719e-01
6.941176652908325195e-01 7.176470756530761719e-01 8.156862854957580566e-01 7.176470756530761719e-01
8.156862854957580566e-01 7.176470756530761719e-01 8.156862854957580566e-01 5.686274766921997070e-01
8.156862854957580566e-01 5.686274766921997070e-01 7.372549176216125488e-01 5.686274766921997070e-01
7.372549176216125488e-01 5.686274766921997070e-01 7.372549176216125488e-01 5.686274766921997070e-01
1.019607856869697571e-01 7.921568751335144043e-01 1.843137294054031372e-01 7.921568751335144043e-01
1.843137294054031372e-01 7.921568751335144043e-01 1.843137294054031372e-01 5.568627715110778809e-01
1.843137294054031372e-01 5.568627715110778809e-01 1.019607856869697571e-01 5.568627715110778809e-01
1.019607856869697571e-01 5.568627715110778809e-01 1.019607856869697571e-01 7.921568751335144043e-01
1.019607856869697571e-01 7.921568751335144043e-01 1.019607856869697571e-01 7.921568751335144043e-01
