4.745098054409027100e-01 4.588235318660736084e-01 4.745098054409027100e-01 5.529412031173706055e-01
4.745098054409027100e-01 5.529412031173706055e-01 6.784313917160034180e-01 5.529412031173706055e-01
6.784313917160034180e-01 5.529412031173706055e-01 7.137255072593688965e-01 5.529412031173706055e-01
7.137255072593688965e-01 5.529412031173706055e-01 7.137255072593688965e-01 4.588235318660736084e-01
7.137255072593688965e-01 4.588235318660736084e-01 6.078431606292724609e-01 4.588235318660736084e-01
6.078431606292724609e-01 4.588235318660736084e-01 4.745098054409027100e-01 4.588235318660736084e-01
4.745098054409027100e-01 4.588235318660736084e-01 4.745098054409027100e-01 4.588235318660736084e-01
3.764705955982208252e-01 8.156862854957580566e-01 4.745098054409027100e-01 8.156862854957580566e-01
4.745098054409027100e-01 8.156862854957580566e-01 4.745098054409027100e-01 6.980392336845397949e-01
4.745098054409027100e-01 6.980392336845397949e-01 3.764705955982208252e-01 6.980392336845397949e-01
3.764705955982208252e-01 6.980392336845397949e-01 3.764705955982208252e-01 8.156862854957580566e-01
3.764705955982208252e-01 8.156862854957580566e-01 3.764705955982208252e-01 8.156862854957580566e-01
6.078431606292724609e-01 4.588235318660736084e-01 7.137255072593688965e-01 4.588235318660736084e-01
7.137255072593688965e-01 4.588235318660736084e-01 7.137255072593688965e-01 3.333333432674407959e-01
7.137255072593688965e-01 3.333333432674407959e-01 6.078431606292724609e-01 3.333333432674407959e-01
6.078431606292724609e-01 3.333333432674407959e-01 6.078431606292724609e-01 4.588235318660736084e-01
6.078431606292724609e-01 4.588235318660736084e-01 6.078431606292724609e-01 4.588235318660736084e-01
2.039215713739395142e-01 6.156862974166870117e-01 1.450980454683303833e-01 6.156862974166870117e-01
1.450980454683303833e-01 6.156862974166870117e-01 1.450980454683303833e-01 8.156862854957580566e-01
1.450980454683303833e-01 8.156862854957580566e-01 3.764705955982208252e-01 8.156862854957580566e-01
3.764705955982208252e-01 8.156862854957580566e-01 3.764705955982208252e-01 6.980392336845397949e-01
3.764705955982208252e-01 6.980392336845397949e-01 4.745098054409027100e-01 6.980392336845397949e-01
4.745098054409027100e-01 6.980392336845397949e-01 4.745098054409027100e-01 6.156862974166870117e-01
4.745098054409027100e-01 6.156862974166870117e-01 4.000000059604644775e-01 6.156862974166870117e-01
4.000000059604644775e-01 6.156862974166870117e-01 2.039215713739395142e-01 6.156862974166870117e-01
2.039215713739395142e-01 6.156862974166870117e-01 2.039215713739395142e-01 6.156862974166870117e-01
1.450980454683303833e-01 6.156862974166870117e-01 2.039215713739395142e-01 6.156862974166870117e-01
2.039215713739395142e-01 6.156862974166870117e-01 4.000000059604644775e-01 6.156862974166870117e-01
4.000000059604644775e-01 6.156862974166870117e-01 4.000000059604644775e-01 4.588235318660736084e-01
4.000000059604644775e-01 4.588235318660736084e-01 2.039215713739395142e-01 4.588235318660736084e-01
2.039215713739395142e-01 4.588235318660736084e-01 1.450980454683303833e-01 4.588235318660736084e-01
1.450980454683303833e-01 4.588235318660736084e-01 1.450980454683303833e-01 6.156862974166870117e-01
1.450980454683303833e-01 6.156862974166870117e-01 1.450980454683303833e-01 6.156862974166870117e-01
6.784313917160034180e-01 5.529412031173706055e-01 4.745098054409027100e-01 5.529412031173706055e-01
4.745098054409027100e-01 5.529412031173706055e-01 4.745098054409027100e-01 6.156862974166870117e-01
4.745098054409027100e-01 6.156862974166870117e-01 4.745098054409027100e-01 6.980392336845397949e-01
4.745098054409027100e-01 6.980392336845397949e-01 6.784313917160034180e-01 6.980392336845397949e-01
6.784313917160034180e-01 6.980392336845397949e-01 6.784313917160034180e-01 6.156862974166870117e-01
6.784313917160034180e-01 6.156862974166870117e-01 7.137255072593688965e-01 6.156862974166870117e-01
7.137255072593688965e-01 6.156862974166870117e-01 7.137255072593688965e-01 5.529412031173706055e-01
7.137255072593688965e-01 5.529412031173706055e-01 6.784313917160034180e-01 5.529412031173706055e-01
6.784313917160034180e-01 5.529412031173706055e-01 6.784313917160034180e-01 5.529412031173706055e-01
4.000000059604644775e-01 6.156862974166870117e-01 4.745098054409027100e-01 6.156862974166870117e-01
4.745098054409027100e-01 6.156862974166870117e-01 4.745098054409027100e-01 5.529412031173706055e-01
4.745098054409027100e-01 5.529412031173706055e-01 4.745098054409027100e-01 4.588235318660736084e-01
4.745098054409027100e-01 4.588235318660736084e-01 6.078431606292724609e-01 4.588235318660736084e-01
6.078431606292724609e-01 4.588235318660736084e-01 6.078431606292724609e-01 3.333333432674407959e-01
6.078431606292724609e-01 3.333333432674407959e-01 7.137255072593688965e-01 3.333333432674407959e-01
7.137255072593688965e-01 3.333333432674407959e-01 7.137255072593688965e-01 1.843137294054031372e-01
7.137255072593688965e-01 1.843137294054031372e-01 2.039215713739395142e-01 1.843137294054031372e-01
2.039215713739395142e-01 1.843137294054031372e-01 2.039215713739395142e-01 2.352941185235977173e-01
2.039215713739395142e-01 2.352941185235977173e-01 2.039215713739395142e-01 4.588235318660736084e-01
2.039215713739395142e-01 4.588235318660736084e-01 4.000000059604644775e-01 4.588235318660736084e-01
4.000000059604644775e-01 4.588235318660736084e-01 4.000000059604644775e-01 6.156862974166870117e-01
4.000000059604644775e-01 6.156862974166870117e-01 4.000000059604644775e-01 6.156862974166870117e-01
7.137255072593688965e-01 1.843137294054031372e-01 7.137255072593688965e-01 3.333333432674407959e-01
7.137255072593688965e-01 3.333333432674407959e-01 8.862745165824890137e-01 3.333333432674407959e-01
8.862745165824890137e-01 3.333333432674407959e-01 8.862745165824890137e-01 1.843137294054031372e-01
8.862745165824890137e-01 1.843137294054031372e-01 7.137255072593688965e-01 1.843137294054031372e-01
7.137255072593688965e-01 1.843137294054031372e-01 7.137255072593688965e-01 1.843137294054031372e-01
1.450980454683303833e-01 2.352941185235977173e-01 1.450980454683303833e-01 4.588235318660736084e-01
1.450980454683303833e-01 4.588235318660736084e-01 2.039215713739395142e-01 4.588235318660736084e-01
2.039215713739395142e-01 4.588235318660736084e-01 2.039215713739395142e-01 2.352941185235977173e-01
2.039215713739395142e-01 2.352941185235977173e-01 1.450980454683303833e-01 2.352941185235977173e-01
1.450980454683303833e-01 2.352941185235977173e-01 1.450980454683303833e-01 2.352941185235977173e-01
