6.313725709915161133e-01 4.549019634723663330e-01 4.862745106220245361e-01 4.549019634723663330e-01
4.862745106220245361e-01 4.549019634723663330e-01 4.862745106220245361e-01 5.529412031173706055e-01
4.862745106220245361e-01 5.529412031173706055e-01 6.313725709915161133e-01 5.529412031173706055e-01
6.313725709915161133e-01 5.529412031173706055e-01 6.313725709915161133e-01 4.549019634723663330e-01
6.313725709915161133e-01 4.549019634723663330e-01 6.313725709915161133e-01 4.549019634723663330e-01
7.333333492279052734e-01 7.490196228027343750e-01 8.666666746139526367e-01 7.490196228027343750e-01
8.666666746139526367e-01 7.490196228027343750e-01 8.666666746139526367e-01 6.274510025978088379e-01
8.666666746139526367e-01 6.274510025978088379e-01 7.333333492279052734e-01 6.274510025978088379e-01
7.333333492279052734e-01 6.274510025978088379e-01 7.333333492279052734e-01 7.490196228027343750e-01
7.333333492279052734e-01 7.490196228027343750e-01 7.333333492279052734e-01 7.490196228027343750e-01
4.078431427478790283e-01 4.549019634723663330e-01 4.862745106220245361e-01 4.549019634723663330e-01
4.862745106220245361e-01 4.549019634723663330e-01 6.313725709915161133e-01 4.549019634723663330e-01
6.313725709915161133e-01 4.549019634723663330e-01 6.313725709915161133e-01 2.509804069995880127e-01
6.313725709915161133e-01 2.509804069995880127e-01 3.647058904170989990e-01 2.509804069995880127e-01
3.647058904170989990e-01 2.509804069995880127e-01 3.647058904170989990e-01 3.529411852359771729e-01
3.647058904170989990e-01 3.529411852359771729e-01 4.078431427478790283e-01 3.529411852359771729e-01
4.078431427478790283e-01 3.529411852359771729e-01 4.078431427478790283e-01 4.549019634723663330e-01
4.078431427478790283e-01 4.549019634723663330e-01 4.078431427478790283e-01 4.549019634723663330e-01
3.647058904170989990e-01 3.529411852359771729e-01 2.235294133424758911e-01 3.529411852359771729e-01
2.235294133424758911e-01 3.529411852359771729e-01 2.235294133424758911e-01 4.549019634723663330e-01
2.235294133424758911e-01 4.549019634723663330e-01 2.235294133424758911e-01 5.333333611488342285e-01
2.235294133424758911e-01 5.333333611488342285e-01 4.078431427478790283e-01 5.333333611488342285e-01
4.078431427478790283e-01 5.333333611488342285e-01 4.078431427478790283e-01 4.549019634723663330e-01
4.078431427478790283e-01 4.549019634723663330e-01 4.078431427478790283e-01 3.529411852359771729e-01
4.078431427478790283e-01 3.529411852359771729e-01 3.647058904170989990e-01 3.529411852359771729e-01
3.647058904170989990e-01 3.529411852359771729e-01 3.647058904170989990e-01 3.529411852359771729e-01
4.862745106220245361e-01 4.549019634723663330e-01 4.078431427478790283e-01 4.549019634723663330e-01
4.078431427478790283e-01 4.549019634723663330e-01 4.078431427478790283e-01 5.333333611488342285e-01
4.078431427478790283e-01 5.333333611488342285e-01 2.235294133424758911e-01 5.333333611488342285e-01
2.235294133424758911e-01 5.333333611488342285e-01 2.235294133424758911e-01 7.490196228027343750e-01
2.235294133424758911e-01 7.490196228027343750e-01 7.333333492279052734e-01 7.490196228027343750e-01
7.333333492279052734e-01 7.490196228027343750e-01 7.333333492279052734e-01 6.274510025978088379e-01
7.333333492279052734e-01 6.274510025978088379e-01 7.333333492279052734e-01 5.529412031173706055e-01
7.333333492279052734e-01 5.529412031173706055e-01 6.313725709915161133e-01 5.529412031173706055e-01
6.313725709915161133e-01 5.529412031173706055e-01 4.862745106220245361e-01 5.529412031173706055e-01
4.862745106220245361e-01 5.529412031173706055e-01 4.862745106220245361e-01 4.549019634723663330e-01
4.862745106220245361e-01 4.549019634723663330e-01 4.862745106220245361e-01 4.549019634723663330e-01
2.235294133424758911e-01 5.333333611488342285e-01 1.333333402872085571e-01 5.333333611488342285e-01
1.333333402872085571e-01 5.333333611488342285e-01 1.333333402872085571e-01 7.490196228027343750e-01
1.333333402872085571e-01 7.490196228027343750e-01 2.235294133424758911e-01 7.490196228027343750e-01
2.235294133424758911e-01 7.490196228027343750e-01 2.235294133424758911e-01 5.333333611488342285e-01
2.235294133424758911e-01 5.333333611488342285e-01 2.235294133424758911e-01 5.333333611488342285e-01
7.333333492279052734e-01 4.549019634723663330e-01 6.313725709915161133e-01 4.549019634723663330e-01
6.313725709915161133e-01 4.549019634723663330e-01 6.313725709915161133e-01 5.529412031173706055e-01
6.313725709915161133e-01 5.529412031173706055e-01 7.333333492279052734e-01 5.529412031173706055e-01
7.333333492279052734e-01 5.529412031173706055e-01 7.333333492279052734e-01 4.549019634723663330e-01
7.333333492279052734e-01 4.549019634723663330e-01 7.333333492279052734e-01 4.549019634723663330e-01
