6.156862974166870117e-01 5.568627715110778809e-01 5.137255191802978516e-01 5.568627715110778809e-01
5.137255191802978516e-01 5.568627715110778809e-01 5.137255191802978516e-01 6.627451181411743164e-01
5.137255191802978516e-01 6.627451181411743164e-01 6.156862974166870117e-01 6.627451181411743164e-01
6.156862974166870117e-01 6.627451181411743164e-01 6.156862974166870117e-01 5.568627715110778809e-01
6.156862974166870117e-01 5.568627715110778809e-01 6.156862974166870117e-01 5.568627715110778809e-01
6.156862974166870117e-01 5.568627715110778809e-01 7.333333492279052734e-01 5.568627715110778809e-01
7.333333492279052734e-01 5.568627715110778809e-01 7.333333492279052734e-01 4.627451002597808838e-01
7.333333492279052734e-01 4.627451002597808838e-01 6.156862974166870117e-01 4.627451002597808838e-01
6.156862974166870117e-01 4.627451002597808838e-01 6.156862974166870117e-01 5.568627715110778809e-01
6.156862974166870117e-01 5.568627715110778809e-01 6.156862974166870117e-01 5.568627715110778809e-01
5.137255191802978516e-01 5.568627715110778809e-01 4.156862795352935791e-01 5.568627715110778809e-01
4.156862795352935791e-01 5.568627715110778809e-01 4.156862795352935791e-01 6.627451181411743164e-01
4.156862795352935791e-01 6.627451181411743164e-01 5.137255191802978516e-01 6.627451181411743164e-01
5.137255191802978516e-01 6.627451181411743164e-01 5.137255191802978516e-01 5.568627715110778809e-01
5.137255191802978516e-01 5.568627715110778809e-01 5.137255191802978516e-01 5.568627715110778809e-01
1.019607856869697571e-01 5.568627715110778809e-01 1.764705926179885864e-01 5.568627715110778809e-01
1.764705926179885864e-01 5.568627715110778809e-01 1.764705926179885864e-01 3.411764800548553467e-01
1.764705926179885864e-01 3.411764800548553467e-01 1.019607856869697571e-01 3.411764800548553467e-01
1.019607856869697571e-01 3.411764800548553467e-01 1.019607856869697571e-01 5.568627715110778809e-01
1.019607856869697571e-01 5.568627715110778809e-01 1.019607856869697571e-01 5.568627715110778809e-01
6.156862974166870117e-01 3.411764800548553467e-01 6.156862974166870117e-01 4.627451002597808838e-01
6.156862974166870117e-01 4.627451002597808838e-01 7.333333492279052734e-01 4.627451002597808838e-01
7.333333492279052734e-01 4.627451002597808838e-01 8.352941274642944336e-01 4.627451002597808838e-01
8.352941274642944336e-01 4.627451002597808838e-01 8.352941274642944336e-01 3.411764800548553467e-01
8.352941274642944336e-01 3.411764800548553467e-01 7.333333492279052734e-01 3.411764800548553467e-01
7.333333492279052734e-01 3.411764800548553467e-01 6.156862974166870117e-01 3.411764800548553467e-01
6.156862974166870117e-01 3.411764800548553467e-01 6.156862974166870117e-01 3.411764800548553467e-01
1.764705926179885864e-01 5.568627715110778809e-01 4.156862795352935791e-01 5.568627715110778809e-01
4.156862795352935791e-01 5.568627715110778809e-01 5.137255191802978516e-01 5.568627715110778809e-01
5.137255191802978516e-01 5.568627715110778809e-01 6.156862974166870117e-01 5.568627715110778809e-01
6.156862974166870117e-01 5.568627715110778809e-01 6.156862974166870117e-01 4.627451002597808838e-01
6.156862974166870117e-01 4.627451002597808838e-01 6.156862974166870117e-01 3.411764800548553467e-01
6.156862974166870117e-01 3.411764800548553467e-01 1.764705926179885864e-01 3.411764800548553467e-01
1.764705926179885864e-01 3.411764800548553467e-01 1.764705926179885864e-01 5.568627715110778809e-01
1.764705926179885864e-01 5.568627715110778809e-01 1.764705926179885864e-01 5.568627715110778809e-01
7.333333492279052734e-01 5.568627715110778809e-01 9.019607901573181152e-01 5.568627715110778809e-01
9.019607901573181152e-01 5.568627715110778809e-01 9.019607901573181152e-01 3.411764800548553467e-01
9.019607901573181152e-01 3.411764800548553467e-01 8.352941274642944336e-01 3.411764800548553467e-01
8.352941274642944336e-01 3.411764800548553467e-01 8.352941274642944336e-01 4.627451002597808838e-01
8.352941274642944336e-01 4.627451002597808838e-01 7.333333492279052734e-01 4.627451002597808838e-01
7.333333492279052734e-01 4.627451002597808838e-01 7.333333492279052734e-01 5.568627715110778809e-01
7.333333492279052734e-01 5.568627715110778809e-01 7.333333492279052734e-01 5.568627715110778809e-01
