7.058823704719543457e-01 5.333333611488342285e-01 6.705882549285888672e-01 5.333333611488342285e-01
6.705882549285888672e-01 5.333333611488342285e-01 6.705882549285888672e-01 6.313725709915161133e-01
6.705882549285888672e-01 6.313725709915161133e-01 7.058823704719543457e-01 6.313725709915161133e-01
7.058823704719543457e-01 6.313725709915161133e-01 8.078431487083435059e-01 6.313725709915161133e-01
8.078431487083435059e-01 6.313725709915161133e-01 8.078431487083435059e-01 5.333333611488342285e-01
8.078431487083435059e-01 5.333333611488342285e-01 7.058823704719543457e-01 5.333333611488342285e-01
7.058823704719543457e-01 5.333333611488342285e-01 7.058823704719543457e-01 5.333333611488342285e-01
7.058823704719543457e-01 5.333333611488342285e-01 8.078431487083435059e-01 5.333333611488342285e-01
8.078431487083435059e-01 5.333333611488342285e-01 8.078431487083435059e-01 4.274509847164154053e-01
8.078431487083435059e-01 4.274509847164154053e-01 7.058823704719543457e-01 4.274509847164154053e-01
7.058823704719543457e-01 4.274509847164154053e-01 7.058823704719543457e-01 5.333333611488342285e-01
7.058823704719543457e-01 5.333333611488342285e-01 7.058823704719543457e-01 5.333333611488342285e-01
4.666666686534881592e-01 2.196078449487686157e-01 4.666666686534881592e-01 1.450980454683303833e-01
4.666666686534881592e-01 1.450980454683303833e-01 1.960784345865249634e-01 1.450980454683303833e-01
1.960784345865249634e-01 1.450980454683303833e-01 1.960784345865249634e-01 2.196078449487686157e-01
1.960784345865249634e-01 2.196078449487686157e-01 1.960784345865249634e-01 2.549019753932952881e-01
1.960784345865249634e-01 2.549019753932952881e-01 2.980392277240753174e-01 2.549019753932952881e-01
2.980392277240753174e-01 2.549019753932952881e-01 4.666666686534881592e-01 2.549019753932952881e-01
4.666666686534881592e-01 2.549019753932952881e-01 4.666666686534881592e-01 2.196078449487686157e-01
4.666666686534881592e-01 2.196078449487686157e-01 4.666666686534881592e-01 2.196078449487686157e-01
6.705882549285888672e-01 5.333333611488342285e-01 5.960784554481506348e-01 5.333333611488342285e-01
5.960784554481506348e-01 5.333333611488342285e-01 5.960784554481506348e-01 8.588235378265380859e-01
5.960784554481506348e-01 8.588235378265380859e-01 7.058823704719543457e-01 8.588235378265380859e-01
7.058823704719543457e-01 8.588235378265380859e-01 8.078431487083435059e-01 8.588235378265380859e-01
8.078431487083435059e-01 8.588235378265380859e-01 8.078431487083435059e-01 6.313725709915161133e-01
8.078431487083435059e-01 6.313725709915161133e-01 7.058823704719543457e-01 6.313725709915161133e-01
7.058823704719543457e-01 6.313725709915161133e-01 6.705882549285888672e-01 6.313725709915161133e-01
6.705882549285888672e-01 6.313725709915161133e-01 6.705882549285888672e-01 5.333333611488342285e-01
6.705882549285888672e-01 5.333333611488342285e-01 6.705882549285888672e-01 5.333333611488342285e-01
6.196078658103942871e-01 2.196078449487686157e-01 4.666666686534881592e-01 2.196078449487686157e-01
4.666666686534881592e-01 2.196078449487686157e-01 4.666666686534881592e-01 2.549019753932952881e-01
4.666666686534881592e-01 2.549019753932952881e-01 4.666666686534881592e-01 4.274509847164154053e-01
4.666666686534881592e-01 4.274509847164154053e-01 6.196078658103942871e-01 4.274509847164154053e-01
6.196078658103942871e-01 4.274509847164154053e-01 6.196078658103942871e-01 2.549019753932952881e-01
6.196078658103942871e-01 2.549019753932952881e-01 6.196078658103942871e-01 2.196078449487686157e-01
6.196078658103942871e-01 2.196078449487686157e-01 6.196078658103942871e-01 2.196078449487686157e-01
8.078431487083435059e-01 4.274509847164154053e-01 8.078431487083435059e-01 2.196078449487686157e-01
8.078431487083435059e-01 2.196078449487686157e-01 7.058823704719543457e-01 2.196078449487686157e-01
7.058823704719543457e-01 2.196078449487686157e-01 6.196078658103942871e-01 2.196078449487686157e-01
6.196078658103942871e-01 2.196078449487686157e-01 6.196078658103942871e-01 2.549019753932952881e-01
6.196078658103942871e-01 2.549019753932952881e-01 6.196078658103942871e-01 4.274509847164154053e-01
6.196078658103942871e-01 4.274509847164154053e-01 7.058823704719543457e-01 4.274509847164154053e-01
7.058823704719543457e-01 4.274509847164154053e-01 8.078431487083435059e-01 4.274509847164154053e-01
8.078431487083435059e-01 4.274509847164154053e-01 8.078431487083435059e-01 4.274509847164154053e-01
5.960784554481506348e-01 5.333333611488342285e-01 6.705882549285888672e-01 5.333333611488342285e-01
6.705882549285888672e-01 5.333333611488342285e-01 7.058823704719543457e-01 5.333333611488342285e-01
7.058823704719543457e-01 5.333333611488342285e-01 7.058823704719543457e-01 4.274509847164154053e-01
7.058823704719543457e-01 4.274509847164154053e-01 6.196078658103942871e-01 4.274509847164154053e-01
6.196078658103942871e-01 4.274509847164154053e-01 4.666666686534881592e-01 4.274509847164154053e-01
4.666666686534881592e-01 4.274509847164154053e-01 4.666666686534881592e-01 2.549019753932952881e-01
4.666666686534881592e-01 2.549019753932952881e-01 2.980392277240753174e-01 2.549019753932952881e-01
2.980392277240753174e-01 2.549019753932952881e-01 2.980392277240753174e-01 4.549019634723663330e-01
2.980392277240753174e-01 4.549019634723663330e-01 1.960784345865249634e-01 4.549019634723663330e-01
1.960784345865249634e-01 4.549019634723663330e-01 1.960784345865249634e-01 8.588235378265380859e-01
1.960784345865249634e-01 8.588235378265380859e-01 5.960784554481506348e-01 8.588235378265380859e-01
5.960784554481506348e-01 8.588235378265380859e-01 5.960784554481506348e-01 5.333333611488342285e-01
5.960784554481506348e-01 5.333333611488342285e-01 5.960784554481506348e-01 5.333333611488342285e-01
1.960784345865249634e-01 2.549019753932952881e-01 1.960784345865249634e-01 4.549019634723663330e-01
1.960784345865249634e-01 4.549019634723663330e-01 2.980392277240753174e-01 4.549019634723663330e-01
2.980392277240753174e-01 4.549019634723663330e-01 2.980392277240753174e-01 2.549019753932952881e-01
2.980392277240753174e-01 2.549019753932952881e-01 1.960784345865249634e-01 2.549019753932952881e-01
1.960784345865249634e-01 2.549019753932952881e-01 1.960784345865249634e-01 2.549019753932952881e-01
