7.725490331649780273e-01 4.313725531101226807e-01 6.666666865348815918e-01 4.313725531101226807e-01
6.666666865348815918e-01 4.313725531101226807e-01 6.666666865348815918e-01 4.901960790157318115e-01
6.666666865348815918e-01 4.901960790157318115e-01 6.666666865348815918e-01 5.450980663299560547e-01
6.666666865348815918e-01 5.450980663299560547e-01 7.725490331649780273e-01 5.450980663299560547e-01
7.725490331649780273e-01 5.450980663299560547e-01 7.725490331649780273e-01 4.901960790157318115e-01
7.725490331649780273e-01 4.901960790157318115e-01 7.725490331649780273e-01 4.313725531101226807e-01
7.725490331649780273e-01 4.313725531101226807e-01 7.725490331649780273e-01 4.313725531101226807e-01
7.725490331649780273e-01 5.450980663299560547e-01 6.666666865348815918e-01 5.450980663299560547e-01
6.666666865348815918e-01 5.450980663299560547e-01 6.666666865348815918e-01 6.431372761726379395e-01
6.666666865348815918e-01 6.431372761726379395e-01 7.725490331649780273e-01 6.431372761726379395e-01
7.725490331649780273e-01 6.431372761726379395e-01 7.725490331649780273e-01 5.450980663299560547e-01
7.725490331649780273e-01 5.450980663299560547e-01 7.725490331649780273e-01 5.450980663299560547e-01
2.941176593303680420e-01 3.215686380863189697e-01 4.313725531101226807e-01 3.215686380863189697e-01
4.313725531101226807e-01 3.215686380863189697e-01 4.313725531101226807e-01 2.352941185235977173e-01
4.313725531101226807e-01 2.352941185235977173e-01 4.313725531101226807e-01 1.647058874368667603e-01
4.313725531101226807e-01 1.647058874368667603e-01 2.941176593303680420e-01 1.647058874368667603e-01
2.941176593303680420e-01 1.647058874368667603e-01 2.941176593303680420e-01 3.215686380863189697e-01
2.941176593303680420e-01 3.215686380863189697e-01 2.941176593303680420e-01 3.215686380863189697e-01
6.666666865348815918e-01 5.450980663299560547e-01 5.921568870544433594e-01 5.450980663299560547e-01
5.921568870544433594e-01 5.450980663299560547e-01 5.921568870544433594e-01 7.725490331649780273e-01
5.921568870544433594e-01 7.725490331649780273e-01 5.921568870544433594e-01 8.392156958580017090e-01
5.921568870544433594e-01 8.392156958580017090e-01 7.725490331649780273e-01 8.392156958580017090e-01
7.725490331649780273e-01 8.392156958580017090e-01 7.725490331649780273e-01 6.431372761726379395e-01
7.725490331649780273e-01 6.431372761726379395e-01 6.666666865348815918e-01 6.431372761726379395e-01
6.666666865348815918e-01 6.431372761726379395e-01 6.666666865348815918e-01 5.450980663299560547e-01
6.666666865348815918e-01 5.450980663299560547e-01 6.666666865348815918e-01 5.450980663299560547e-01
6.666666865348815918e-01 4.313725531101226807e-01 7.725490331649780273e-01 4.313725531101226807e-01
7.725490331649780273e-01 4.313725531101226807e-01 7.725490331649780273e-01 2.862745225429534912e-01
7.725490331649780273e-01 2.862745225429534912e-01 6.666666865348815918e-01 2.862745225429534912e-01
6.666666865348815918e-01 2.862745225429534912e-01 6.117647290229797363e-01 2.862745225429534912e-01
6.117647290229797363e-01 2.862745225429534912e-01 6.117647290229797363e-01 3.215686380863189697e-01
6.117647290229797363e-01 3.215686380863189697e-01 6.117647290229797363e-01 4.901960790157318115e-01
6.117647290229797363e-01 4.901960790157318115e-01 6.666666865348815918e-01 4.901960790157318115e-01
6.666666865348815918e-01 4.901960790157318115e-01 6.666666865348815918e-01 4.313725531101226807e-01
6.666666865348815918e-01 4.313725531101226807e-01 6.666666865348815918e-01 4.313725531101226807e-01
5.921568870544433594e-01 5.450980663299560547e-01 4.549019634723663330e-01 5.450980663299560547e-01
4.549019634723663330e-01 5.450980663299560547e-01 4.549019634723663330e-01 7.725490331649780273e-01
4.549019634723663330e-01 7.725490331649780273e-01 5.921568870544433594e-01 7.725490331649780273e-01
5.921568870544433594e-01 7.725490331649780273e-01 5.921568870544433594e-01 5.450980663299560547e-01
5.921568870544433594e-01 5.450980663299560547e-01 5.921568870544433594e-01 5.450980663299560547e-01
4.549019634723663330e-01 5.450980663299560547e-01 5.921568870544433594e-01 5.450980663299560547e-01
5.921568870544433594e-01 5.450980663299560547e-01 6.666666865348815918e-01 5.450980663299560547e-01
6.666666865348815918e-01 5.450980663299560547e-01 6.666666865348815918e-01 4.901960790157318115e-01
6.666666865348815918e-01 4.901960790157318115e-01 6.117647290229797363e-01 4.901960790157318115e-01
6.117647290229797363e-01 4.901960790157318115e-01 4.823529422283172607e-01 4.901960790157318115e-01
4.823529422283172607e-01 4.901960790157318115e-01 4.823529422283172607e-01 3.215686380863189697e-01
4.823529422283172607e-01 3.215686380863189697e-01 4.313725531101226807e-01 3.215686380863189697e-01
4.313725531101226807e-01 3.215686380863189697e-01 2.941176593303680420e-01 3.215686380863189697e-01
2.941176593303680420e-01 3.215686380863189697e-01 2.274509817361831665e-01 3.215686380863189697e-01
2.274509817361831665e-01 3.215686380863189697e-01 2.274509817361831665e-01 7.725490331649780273e-01
2.274509817361831665e-01 7.725490331649780273e-01 2.705882489681243896e-01 7.725490331649780273e-01
2.705882489681243896e-01 7.725490331649780273e-01 4.549019634723663330e-01 7.725490331649780273e-01
4.549019634723663330e-01 7.725490331649780273e-01 4.549019634723663330e-01 5.450980663299560547e-01
4.549019634723663330e-01 5.450980663299560547e-01 4.549019634723663330e-01 5.450980663299560547e-01
4.549019634723663330e-01 7.725490331649780273e-01 2.705882489681243896e-01 7.725490331649780273e-01
2.705882489681243896e-01 7.725490331649780273e-01 2.705882489681243896e-01 8.392156958580017090e-01
2.705882489681243896e-01 8.392156958580017090e-01 5.921568870544433594e-01 8.392156958580017090e-01
5.921568870544433594e-01 8.392156958580017090e-01 5.921568870544433594e-01 7.725490331649780273e-01
5.921568870544433594e-01 7.725490331649780273e-01 4.549019634723663330e-01 7.725490331649780273e-01
4.549019634723663330e-01 7.725490331649780273e-01 4.549019634723663330e-01 7.725490331649780273e-01
4.313725531101226807e-01 3.215686380863189697e-01 4.823529422283172607e-01 3.215686380863189697e-01
4.823529422283172607e-01 3.215686380863189697e-01 6.117647290229797363e-01 3.215686380863189697e-01
6.117647290229797363e-01 3.215686380863189697e-01 6.117647290229797363e-01 2.862745225429534912e-01
6.117647290229797363e-01 2.862745225429534912e-01 6.117647290229797363e-01 2.352941185235977173e-01
6.117647290229797363e-01 2.352941185235977173e-01 4.313725531101226807e-01 2.352941185235977173e-01
4.313725531101226807e-01 2.352941185235977173e-01 4.313725531101226807e-01 3.215686380863189697e-01
4.313725531101226807e-01 3.215686380863189697e-01 4.313725531101226807e-01 3.215686380863189697e-01
6.117647290229797363e-01 3.215686380863189697e-01 4.823529422283172607e-01 3.215686380863189697e-01
4.823529422283172607e-01 3.215686380863189697e-01 4.823529422283172607e-01 4.901960790157318115e-01
4.823529422283172607e-01 4.901960790157318115e-01 6.117647290229797363e-01 4.901960790157318115e-01
6.117647290229797363e-01 4.901960790157318115e-01 6.117647290229797363e-01 3.215686380863189697e-01
6.117647290229797363e-01 3.215686380863189697e-01 6.117647290229797363e-01 3.215686380863189697e-01
