5.843137502670288086e-01 2.117647081613540649e-01 4.509803950786590576e-01 2.117647081613540649e-01
4.509803950786590576e-01 2.117647081613540649e-01 4.509803950786590576e-01 3.098039329051971436e-01
4.509803950786590576e-01 3.098039329051971436e-01 5.843137502670288086e-01 3.098039329051971436e-01
5.843137502670288086e-01 3.098039329051971436e-01 5.843137502670288086e-01 2.117647081613540649e-01
5.843137502670288086e-01 2.117647081613540649e-01 5.843137502670288086e-01 2.117647081613540649e-01
3.568627536296844482e-01 4.862745106220245361e-01 4.509803950786590576e-01 4.862745106220245361e-01
4.509803950786590576e-01 4.862745106220245361e-01 5.333333611488342285e-01 4.862745106220245361e-01
5.333333611488342285e-01 4.862745106220245361e-01 5.333333611488342285e-01 3.882353007793426514e-01
5.333333611488342285e-01 3.882353007793426514e-01 4.509803950786590576e-01 3.882353007793426514e-01
4.509803950786590576e-01 3.882353007793426514e-01 3.568627536296844482e-01 3.882353007793426514e-01
3.568627536296844482e-01 3.882353007793426514e-01 3.568627536296844482e-01 4.862745106220245361e-01
3.568627536296844482e-01 4.862745106220245361e-01 3.568627536296844482e-01 4.862745106220245361e-01
4.509803950786590576e-01 4.862745106220245361e-01 3.568627536296844482e-01 4.862745106220245361e-01
3.568627536296844482e-01 4.862745106220245361e-01 3.568627536296844482e-01 6.941176652908325195e-01
3.568627536296844482e-01 6.941176652908325195e-01 4.509803950786590576e-01 6.941176652908325195e-01
4.509803950786590576e-01 6.941176652908325195e-01 5.333333611488342285e-01 6.941176652908325195e-01
5.333333611488342285e-01 6.941176652908325195e-01 5.333333611488342285e-01 4.862745106220245361e-01
5.333333611488342285e-01 4.862745106220245361e-01 4.509803950786590576e-01 4.862745106220245361e-01
4.509803950786590576e-01 4.862745106220245361e-01 4.509803950786590576e-01 4.862745106220245361e-01
4.509803950786590576e-01 2.117647081613540649e-01 2.705882489681243896e-01 2.117647081613540649e-01
2.705882489681243896e-01 2.117647081613540649e-01 2.705882489681243896e-01 3.882353007793426514e-01
2.705882489681243896e-01 3.882353007793426514e-01 3.568627536296844482e-01 3.882353007793426514e-01
3.568627536296844482e-01 3.882353007793426514e-01 4.509803950786590576e-01 3.882353007793426514e-01
4.509803950786590576e-01 3.882353007793426514e-01 4.509803950786590576e-01 3.098039329051971436e-01
4.509803950786590576e-01 3.098039329051971436e-01 4.509803950786590576e-01 2.117647081613540649e-01
4.509803950786590576e-01 2.117647081613540649e-01 4.509803950786590576e-01 2.117647081613540649e-01
5.333333611488342285e-01 6.941176652908325195e-01 7.333333492279052734e-01 6.941176652908325195e-01
7.333333492279052734e-01 6.941176652908325195e-01 7.333333492279052734e-01 2.117647081613540649e-01
7.333333492279052734e-01 2.117647081613540649e-01 5.843137502670288086e-01 2.117647081613540649e-01
5.843137502670288086e-01 2.117647081613540649e-01 5.843137502670288086e-01 3.098039329051971436e-01
5.843137502670288086e-01 3.098039329051971436e-01 4.509803950786590576e-01 3.098039329051971436e-01
4.509803950786590576e-01 3.098039329051971436e-01 4.509803950786590576e-01 3.882353007793426514e-01
4.509803950786590576e-01 3.882353007793426514e-01 5.333333611488342285e-01 3.882353007793426514e-01
5.333333611488342285e-01 3.882353007793426514e-01 5.333333611488342285e-01 4.862745106220245361e-01
5.333333611488342285e-01 4.862745106220245361e-01 5.333333611488342285e-01 6.941176652908325195e-01
5.333333611488342285e-01 6.941176652908325195e-01 5.333333611488342285e-01 6.941176652908325195e-01
7.333333492279052734e-01 6.941176652908325195e-01 5.333333611488342285e-01 6.941176652908325195e-01
5.333333611488342285e-01 6.941176652908325195e-01 5.333333611488342285e-01 7.921568751335144043e-01
5.333333611488342285e-01 7.921568751335144043e-01 7.333333492279052734e-01 7.921568751335144043e-01
7.333333492279052734e-01 7.921568751335144043e-01 7.333333492279052734e-01 6.941176652908325195e-01
7.333333492279052734e-01 6.941176652908325195e-01 7.333333492279052734e-01 6.941176652908325195e-01
