4.274509847164154053e-01 3.137255012989044189e-01 4.784313738346099854e-01 3.137255012989044189e-01
4.784313738346099854e-01 3.137255012989044189e-01 5.529412031173706055e-01 3.137255012989044189e-01
5.529412031173706055e-01 3.137255012989044189e-01 5.529412031173706055e-01 2.117647081613540649e-01
5.529412031173706055e-01 2.117647081613540649e-01 4.274509847164154053e-01 2.117647081613540649e-01
4.274509847164154053e-01 2.117647081613540649e-01 4.274509847164154053e-01 3.137255012989044189e-01
4.274509847164154053e-01 3.137255012989044189e-01 4.274509847164154053e-01 3.137255012989044189e-01
2.509804069995880127e-01 4.862745106220245361e-01 2.000000029802322388e-01 4.862745106220245361e-01
2.000000029802322388e-01 4.862745106220245361e-01 2.000000029802322388e-01 7.176470756530761719e-01
2.000000029802322388e-01 7.176470756530761719e-01 3.058823645114898682e-01 7.176470756530761719e-01
3.058823645114898682e-01 7.176470756530761719e-01 3.058823645114898682e-01 4.862745106220245361e-01
3.058823645114898682e-01 4.862745106220245361e-01 2.509804069995880127e-01 4.862745106220245361e-01
2.509804069995880127e-01 4.862745106220245361e-01 2.509804069995880127e-01 4.862745106220245361e-01
3.058823645114898682e-01 3.137255012989044189e-01 2.509804069995880127e-01 3.137255012989044189e-01
2.509804069995880127e-01 3.137255012989044189e-01 2.509804069995880127e-01 4.862745106220245361e-01
2.509804069995880127e-01 4.862745106220245361e-01 3.058823645114898682e-01 4.862745106220245361e-01
3.058823645114898682e-01 4.862745106220245361e-01 4.784313738346099854e-01 4.862745106220245361e-01
4.784313738346099854e-01 4.862745106220245361e-01 4.784313738346099854e-01 3.137255012989044189e-01
4.784313738346099854e-01 3.137255012989044189e-01 4.274509847164154053e-01 3.137255012989044189e-01
4.274509847164154053e-01 3.137255012989044189e-01 3.058823645114898682e-01 3.137255012989044189e-01
3.058823645114898682e-01 3.137255012989044189e-01 3.058823645114898682e-01 3.137255012989044189e-01
7.294117808341979980e-01 3.137255012989044189e-01 7.294117808341979980e-01 2.117647081613540649e-01
7.294117808341979980e-01 2.117647081613540649e-01 5.529412031173706055e-01 2.117647081613540649e-01
5.529412031173706055e-01 2.117647081613540649e-01 5.529412031173706055e-01 3.137255012989044189e-01
5.529412031173706055e-01 3.137255012989044189e-01 5.529412031173706055e-01 3.725490272045135498e-01
5.529412031173706055e-01 3.725490272045135498e-01 7.294117808341979980e-01 3.725490272045135498e-01
7.294117808341979980e-01 3.725490272045135498e-01 7.294117808341979980e-01 3.137255012989044189e-01
7.294117808341979980e-01 3.137255012989044189e-01 7.294117808341979980e-01 3.137255012989044189e-01
5.529412031173706055e-01 3.137255012989044189e-01 4.784313738346099854e-01 3.137255012989044189e-01
4.784313738346099854e-01 3.137255012989044189e-01 4.784313738346099854e-01 4.862745106220245361e-01
4.784313738346099854e-01 4.862745106220245361e-01 3.058823645114898682e-01 4.862745106220245361e-01
3.058823645114898682e-01 4.862745106220245361e-01 3.058823645114898682e-01 7.176470756530761719e-01
3.058823645114898682e-01 7.176470756530761719e-01 5.647059082984924316e-01 7.176470756530761719e-01
5.647059082984924316e-01 7.176470756530761719e-01 7.294117808341979980e-01 7.176470756530761719e-01
7.294117808341979980e-01 7.176470756530761719e-01 7.294117808341979980e-01 5.372549295425415039e-01
7.294117808341979980e-01 5.372549295425415039e-01 7.294117808341979980e-01 3.725490272045135498e-01
7.294117808341979980e-01 3.725490272045135498e-01 5.529412031173706055e-01 3.725490272045135498e-01
5.529412031173706055e-01 3.725490272045135498e-01 5.529412031173706055e-01 3.137255012989044189e-01
5.529412031173706055e-01 3.137255012989044189e-01 5.529412031173706055e-01 3.137255012989044189e-01
7.294117808341979980e-01 7.921568751335144043e-01 7.294117808341979980e-01 7.176470756530761719e-01
7.294117808341979980e-01 7.176470756530761719e-01 5.647059082984924316e-01 7.176470756530761719e-01
5.647059082984924316e-01 7.176470756530761719e-01 5.647059082984924316e-01 7.921568751335144043e-01
5.647059082984924316e-01 7.921568751335144043e-01 7.294117808341979980e-01 7.921568751335144043e-01
7.294117808341979980e-01 7.921568751335144043e-01 7.294117808341979980e-01 7.921568751335144043e-01
7.294117808341979980e-01 5.372549295425415039e-01 7.294117808341979980e-01 7.176470756530761719e-01
7.294117808341979980e-01 7.176470756530761719e-01 8.039215803146362305e-01 7.176470756530761719e-01
8.039215803146362305e-01 7.176470756530761719e-01 8.039215803146362305e-01 5.372549295425415039e-01
8.039215803146362305e-01 5.372549295425415039e-01 7.294117808341979980e-01 5.372549295425415039e-01
7.294117808341979980e-01 5.372549295425415039e-01 7.294117808341979980e-01 5.372549295425415039e-01
