4.039215743541717529e-01 5.686274766921997070e-01 4.823529422283172607e-01 5.686274766921997070e-01
4.823529422283172607e-01 5.686274766921997070e-01 4.823529422283172607e-01 6.470588445663452148e-01
4.823529422283172607e-01 6.470588445663452148e-01 4.823529422283172607e-01 7.372549176216125488e-01
4.823529422283172607e-01 7.372549176216125488e-01 6.000000238418579102e-01 7.372549176216125488e-01
6.000000238418579102e-01 7.372549176216125488e-01 6.000000238418579102e-01 3.137255012989044189e-01
6.000000238418579102e-01 3.137255012989044189e-01 4.039215743541717529e-01 3.137255012989044189e-01
4.039215743541717529e-01 3.137255012989044189e-01 4.039215743541717529e-01 5.686274766921997070e-01
4.039215743541717529e-01 5.686274766921997070e-01 4.039215743541717529e-01 5.686274766921997070e-01
4.823529422283172607e-01 5.686274766921997070e-01 4.039215743541717529e-01 5.686274766921997070e-01
4.039215743541717529e-01 5.686274766921997070e-01 4.039215743541717529e-01 6.470588445663452148e-01
4.039215743541717529e-01 6.470588445663452148e-01 4.823529422283172607e-01 6.470588445663452148e-01
4.823529422283172607e-01 6.470588445663452148e-01 4.823529422283172607e-01 5.686274766921997070e-01
4.823529422283172607e-01 5.686274766921997070e-01 4.823529422283172607e-01 5.686274766921997070e-01
4.823529422283172607e-01 6.470588445663452148e-01 4.039215743541717529e-01 6.470588445663452148e-01
4.039215743541717529e-01 6.470588445663452148e-01 4.039215743541717529e-01 7.372549176216125488e-01
4.039215743541717529e-01 7.372549176216125488e-01 4.823529422283172607e-01 7.372549176216125488e-01
4.823529422283172607e-01 7.372549176216125488e-01 4.823529422283172607e-01 6.470588445663452148e-01
4.823529422283172607e-01 6.470588445663452148e-01 4.823529422283172607e-01 6.470588445663452148e-01
4.039215743541717529e-01 2.627451121807098389e-01 4.039215743541717529e-01 3.137255012989044189e-01
4.039215743541717529e-01 3.137255012989044189e-01 6.000000238418579102e-01 3.137255012989044189e-01
6.000000238418579102e-01 3.137255012989044189e-01 6.000000238418579102e-01 2.627451121807098389e-01
6.000000238418579102e-01 2.627451121807098389e-01 4.039215743541717529e-01 2.627451121807098389e-01
4.039215743541717529e-01 2.627451121807098389e-01 4.039215743541717529e-01 2.627451121807098389e-01
