4.274509847164154053e-01 5.725490450859069824e-01 3.137255012989044189e-01 5.725490450859069824e-01
3.137255012989044189e-01 5.725490450859069824e-01 3.137255012989044189e-01 6.666666865348815918e-01
3.137255012989044189e-01 6.666666865348815918e-01 4.274509847164154053e-01 6.666666865348815918e-01
4.274509847164154053e-01 6.666666865348815918e-01 4.274509847164154053e-01 5.725490450859069824e-01
4.274509847164154053e-01 5.725490450859069824e-01 4.274509847164154053e-01 5.725490450859069824e-01
3.137255012989044189e-01 5.725490450859069824e-01 4.274509847164154053e-01 5.725490450859069824e-01
4.274509847164154053e-01 5.725490450859069824e-01 4.274509847164154053e-01 4.784313738346099854e-01
4.274509847164154053e-01 4.784313738346099854e-01 3.137255012989044189e-01 4.784313738346099854e-01
3.137255012989044189e-01 4.784313738346099854e-01 3.137255012989044189e-01 5.725490450859069824e-01
3.137255012989044189e-01 5.725490450859069824e-01 3.137255012989044189e-01 5.725490450859069824e-01
6.862745285034179688e-01 3.372549116611480713e-01 5.058823823928833008e-01 3.372549116611480713e-01
5.058823823928833008e-01 3.372549116611480713e-01 5.058823823928833008e-01 4.784313738346099854e-01
5.058823823928833008e-01 4.784313738346099854e-01 6.431372761726379395e-01 4.784313738346099854e-01
6.431372761726379395e-01 4.784313738346099854e-01 6.862745285034179688e-01 4.784313738346099854e-01
6.862745285034179688e-01 4.784313738346099854e-01 6.862745285034179688e-01 3.372549116611480713e-01
6.862745285034179688e-01 3.372549116611480713e-01 6.862745285034179688e-01 3.372549116611480713e-01
4.274509847164154053e-01 6.666666865348815918e-01 6.431372761726379395e-01 6.666666865348815918e-01
6.431372761726379395e-01 6.666666865348815918e-01 6.431372761726379395e-01 4.784313738346099854e-01
6.431372761726379395e-01 4.784313738346099854e-01 5.058823823928833008e-01 4.784313738346099854e-01
5.058823823928833008e-01 4.784313738346099854e-01 4.274509847164154053e-01 4.784313738346099854e-01
4.274509847164154053e-01 4.784313738346099854e-01 4.274509847164154053e-01 5.725490450859069824e-01
4.274509847164154053e-01 5.725490450859069824e-01 4.274509847164154053e-01 6.666666865348815918e-01
4.274509847164154053e-01 6.666666865348815918e-01 4.274509847164154053e-01 6.666666865348815918e-01
3.137255012989044189e-01 3.372549116611480713e-01 3.137255012989044189e-01 4.784313738346099854e-01
3.137255012989044189e-01 4.784313738346099854e-01 4.274509847164154053e-01 4.784313738346099854e-01
4.274509847164154053e-01 4.784313738346099854e-01 5.058823823928833008e-01 4.784313738346099854e-01
5.058823823928833008e-01 4.784313738346099854e-01 5.058823823928833008e-01 3.372549116611480713e-01
5.058823823928833008e-01 3.372549116611480713e-01 3.137255012989044189e-01 3.372549116611480713e-01
3.137255012989044189e-01 3.372549116611480713e-01 3.137255012989044189e-01 3.372549116611480713e-01
