3.921568691730499268e-01 6.509804129600524902e-01 5.058823823928833008e-01 6.509804129600524902e-01
5.058823823928833008e-01 6.509804129600524902e-01 5.058823823928833008e-01 7.568627595901489258e-01
5.058823823928833008e-01 7.568627595901489258e-01 6.078431606292724609e-01 7.568627595901489258e-01
6.078431606292724609e-01 7.568627595901489258e-01 6.078431606292724609e-01 2.431372553110122681e-01
6.078431606292724609e-01 2.431372553110122681e-01 5.098039507865905762e-01 2.431372553110122681e-01
5.098039507865905762e-01 2.431372553110122681e-01 5.098039507865905762e-01 3.019607961177825928e-01
5.098039507865905762e-01 3.019607961177825928e-01 3.921568691730499268e-01 3.019607961177825928e-01
3.921568691730499268e-01 3.019607961177825928e-01 3.921568691730499268e-01 6.509804129600524902e-01
3.921568691730499268e-01 6.509804129600524902e-01 3.921568691730499268e-01 6.509804129600524902e-01
5.058823823928833008e-01 6.509804129600524902e-01 3.921568691730499268e-01 6.509804129600524902e-01
3.921568691730499268e-01 6.509804129600524902e-01 3.921568691730499268e-01 7.568627595901489258e-01
3.921568691730499268e-01 7.568627595901489258e-01 5.058823823928833008e-01 7.568627595901489258e-01
5.058823823928833008e-01 7.568627595901489258e-01 5.058823823928833008e-01 6.509804129600524902e-01
5.058823823928833008e-01 6.509804129600524902e-01 5.058823823928833008e-01 6.509804129600524902e-01
3.921568691730499268e-01 2.431372553110122681e-01 3.921568691730499268e-01 3.019607961177825928e-01
3.921568691730499268e-01 3.019607961177825928e-01 5.098039507865905762e-01 3.019607961177825928e-01
5.098039507865905762e-01 3.019607961177825928e-01 5.098039507865905762e-01 2.431372553110122681e-01
5.098039507865905762e-01 2.431372553110122681e-01 3.921568691730499268e-01 2.431372553110122681e-01
3.921568691730499268e-01 2.431372553110122681e-01 3.921568691730499268e-01 2.431372553110122681e-01
