5.960784554481506348e-01 2.156862765550613403e-01 4.784313738346099854e-01 2.156862765550613403e-01
4.784313738346099854e-01 2.156862765550613403e-01 4.784313738346099854e-01 3.450980484485626221e-01
4.784313738346099854e-01 3.450980484485626221e-01 5.960784554481506348e-01 3.450980484485626221e-01
5.960784554481506348e-01 3.450980484485626221e-01 5.960784554481506348e-01 2.823529541492462158e-01
5.960784554481506348e-01 2.823529541492462158e-01 5.960784554481506348e-01 2.156862765550613403e-01
5.960784554481506348e-01 2.156862765550613403e-01 5.960784554481506348e-01 2.156862765550613403e-01
1.490196138620376587e-01 6.352941393852233887e-01 2.470588237047195435e-01 6.352941393852233887e-01
2.470588237047195435e-01 6.352941393852233887e-01 2.470588237047195435e-01 4.156862795352935791e-01
2.470588237047195435e-01 4.156862795352935791e-01 1.490196138620376587e-01 4.156862795352935791e-01
1.490196138620376587e-01 4.156862795352935791e-01 1.490196138620376587e-01 6.352941393852233887e-01
1.490196138620376587e-01 6.352941393852233887e-01 1.490196138620376587e-01 6.352941393852233887e-01
4.784313738346099854e-01 2.156862765550613403e-01 2.470588237047195435e-01 2.156862765550613403e-01
2.470588237047195435e-01 2.156862765550613403e-01 2.470588237047195435e-01 3.450980484485626221e-01
2.470588237047195435e-01 3.450980484485626221e-01 2.470588237047195435e-01 4.156862795352935791e-01
2.470588237047195435e-01 4.156862795352935791e-01 4.784313738346099854e-01 4.156862795352935791e-01
4.784313738346099854e-01 4.156862795352935791e-01 4.784313738346099854e-01 3.450980484485626221e-01
4.784313738346099854e-01 3.450980484485626221e-01 4.784313738346099854e-01 2.156862765550613403e-01
4.784313738346099854e-01 2.156862765550613403e-01 4.784313738346099854e-01 2.156862765550613403e-01
7.450980544090270996e-01 4.470588266849517822e-01 7.921568751335144043e-01 4.470588266849517822e-01
7.921568751335144043e-01 4.470588266849517822e-01 7.921568751335144043e-01 2.823529541492462158e-01
7.921568751335144043e-01 2.823529541492462158e-01 5.960784554481506348e-01 2.823529541492462158e-01
5.960784554481506348e-01 2.823529541492462158e-01 5.960784554481506348e-01 3.450980484485626221e-01
5.960784554481506348e-01 3.450980484485626221e-01 5.960784554481506348e-01 4.470588266849517822e-01
5.960784554481506348e-01 4.470588266849517822e-01 7.450980544090270996e-01 4.470588266849517822e-01
7.450980544090270996e-01 4.470588266849517822e-01 7.450980544090270996e-01 4.470588266849517822e-01
4.470588266849517822e-01 6.352941393852233887e-01 2.470588237047195435e-01 6.352941393852233887e-01
2.470588237047195435e-01 6.352941393852233887e-01 2.470588237047195435e-01 7.882353067398071289e-01
2.470588237047195435e-01 7.882353067398071289e-01 4.470588266849517822e-01 7.882353067398071289e-01
4.470588266849517822e-01 7.882353067398071289e-01 4.470588266849517822e-01 6.352941393852233887e-01
4.470588266849517822e-01 6.352941393852233887e-01 4.470588266849517822e-01 6.352941393852233887e-01
5.960784554481506348e-01 3.450980484485626221e-01 4.784313738346099854e-01 3.450980484485626221e-01
4.784313738346099854e-01 3.450980484485626221e-01 4.784313738346099854e-01 4.156862795352935791e-01
4.784313738346099854e-01 4.156862795352935791e-01 2.470588237047195435e-01 4.156862795352935791e-01
2.470588237047195435e-01 4.156862795352935791e-01 2.470588237047195435e-01 6.352941393852233887e-01
2.470588237047195435e-01 6.352941393852233887e-01 4.470588266849517822e-01 6.352941393852233887e-01
4.470588266849517822e-01 6.352941393852233887e-01 7.450980544090270996e-01 6.352941393852233887e-01
7.450980544090270996e-01 6.352941393852233887e-01 7.450980544090270996e-01 5.960784554481506348e-01
7.450980544090270996e-01 5.960784554481506348e-01 7.450980544090270996e-01 4.470588266849517822e-01
7.450980544090270996e-01 4.470588266849517822e-01 5.960784554481506348e-01 4.470588266849517822e-01
5.960784554481506348e-01 4.470588266849517822e-01 5.960784554481506348e-01 3.450980484485626221e-01
5.960784554481506348e-01 3.450980484485626221e-01 5.960784554481506348e-01 3.450980484485626221e-01
7.450980544090270996e-01 4.470588266849517822e-01 7.450980544090270996e-01 5.960784554481506348e-01
7.450980544090270996e-01 5.960784554481506348e-01 8.549019694328308105e-01 5.960784554481506348e-01
8.549019694328308105e-01 5.960784554481506348e-01 8.549019694328308105e-01 4.470588266849517822e-01
8.549019694328308105e-01 4.470588266849517822e-01 7.921568751335144043e-01 4.470588266849517822e-01
7.921568751335144043e-01 4.470588266849517822e-01 7.450980544090270996e-01 4.470588266849517822e-01
7.450980544090270996e-01 4.470588266849517822e-01 7.450980544090270996e-01 4.470588266849517822e-01
7.450980544090270996e-01 5.960784554481506348e-01 7.450980544090270996e-01 6.352941393852233887e-01
7.450980544090270996e-01 6.352941393852233887e-01 7.450980544090270996e-01 7.058823704719543457e-01
7.450980544090270996e-01 7.058823704719543457e-01 8.549019694328308105e-01 7.058823704719543457e-01
8.549019694328308105e-01 7.058823704719543457e-01 8.549019694328308105e-01 5.960784554481506348e-01
8.549019694328308105e-01 5.960784554481506348e-01 7.450980544090270996e-01 5.960784554481506348e-01
7.450980544090270996e-01 5.960784554481506348e-01 7.450980544090270996e-01 5.960784554481506348e-01
