6.941176652908325195e-01 4.823529422283172607e-01 6.156862974166870117e-01 4.823529422283172607e-01
6.156862974166870117e-01 4.823529422283172607e-01 6.156862974166870117e-01 5.921568870544433594e-01
6.156862974166870117e-01 5.921568870544433594e-01 6.941176652908325195e-01 5.921568870544433594e-01
6.941176652908325195e-01 5.921568870544433594e-01 7.647058963775634766e-01 5.921568870544433594e-01
7.647058963775634766e-01 5.921568870544433594e-01 7.647058963775634766e-01 4.823529422283172607e-01
7.647058963775634766e-01 4.823529422283172607e-01 6.941176652908325195e-01 4.823529422283172607e-01
6.941176652908325195e-01 4.823529422283172607e-01 6.941176652908325195e-01 4.823529422283172607e-01
6.941176652908325195e-01 4.823529422283172607e-01 7.647058963775634766e-01 4.823529422283172607e-01
7.647058963775634766e-01 4.823529422283172607e-01 8.039215803146362305e-01 4.823529422283172607e-01
8.039215803146362305e-01 4.823529422283172607e-01 8.039215803146362305e-01 3.490196168422698975e-01
8.039215803146362305e-01 3.490196168422698975e-01 6.941176652908325195e-01 3.490196168422698975e-01
6.941176652908325195e-01 3.490196168422698975e-01 6.941176652908325195e-01 4.823529422283172607e-01
6.941176652908325195e-01 4.823529422283172607e-01 6.941176652908325195e-01 4.823529422283172607e-01
3.058823645114898682e-01 2.117647081613540649e-01 1.960784345865249634e-01 2.117647081613540649e-01
1.960784345865249634e-01 2.117647081613540649e-01 1.960784345865249634e-01 4.078431427478790283e-01
1.960784345865249634e-01 4.078431427478790283e-01 3.058823645114898682e-01 4.078431427478790283e-01
3.058823645114898682e-01 4.078431427478790283e-01 3.058823645114898682e-01 2.117647081613540649e-01
3.058823645114898682e-01 2.117647081613540649e-01 3.058823645114898682e-01 2.117647081613540649e-01
6.156862974166870117e-01 4.823529422283172607e-01 5.529412031173706055e-01 4.823529422283172607e-01
5.529412031173706055e-01 4.823529422283172607e-01 5.529412031173706055e-01 7.568627595901489258e-01
5.529412031173706055e-01 7.568627595901489258e-01 5.529412031173706055e-01 8.588235378265380859e-01
5.529412031173706055e-01 8.588235378265380859e-01 7.647058963775634766e-01 8.588235378265380859e-01
7.647058963775634766e-01 8.588235378265380859e-01 7.647058963775634766e-01 5.921568870544433594e-01
7.647058963775634766e-01 5.921568870544433594e-01 6.941176652908325195e-01 5.921568870544433594e-01
6.941176652908325195e-01 5.921568870544433594e-01 6.156862974166870117e-01 5.921568870544433594e-01
6.156862974166870117e-01 5.921568870544433594e-01 6.156862974166870117e-01 4.823529422283172607e-01
6.156862974166870117e-01 4.823529422283172607e-01 6.156862974166870117e-01 4.823529422283172607e-01
6.274510025978088379e-01 3.490196168422698975e-01 6.941176652908325195e-01 3.490196168422698975e-01
6.941176652908325195e-01 3.490196168422698975e-01 8.039215803146362305e-01 3.490196168422698975e-01
8.039215803146362305e-01 3.490196168422698975e-01 8.039215803146362305e-01 1.450980454683303833e-01
8.039215803146362305e-01 1.450980454683303833e-01 6.274510025978088379e-01 1.450980454683303833e-01
6.274510025978088379e-01 1.450980454683303833e-01 6.274510025978088379e-01 2.117647081613540649e-01
6.274510025978088379e-01 2.117647081613540649e-01 6.274510025978088379e-01 3.490196168422698975e-01
6.274510025978088379e-01 3.490196168422698975e-01 6.274510025978088379e-01 3.490196168422698975e-01
5.529412031173706055e-01 4.823529422283172607e-01 6.156862974166870117e-01 4.823529422283172607e-01
6.156862974166870117e-01 4.823529422283172607e-01 6.941176652908325195e-01 4.823529422283172607e-01
6.941176652908325195e-01 4.823529422283172607e-01 6.941176652908325195e-01 3.490196168422698975e-01
6.941176652908325195e-01 3.490196168422698975e-01 6.274510025978088379e-01 3.490196168422698975e-01
6.274510025978088379e-01 3.490196168422698975e-01 6.274510025978088379e-01 4.078431427478790283e-01
6.274510025978088379e-01 4.078431427478790283e-01 4.627451002597808838e-01 4.078431427478790283e-01
4.627451002597808838e-01 4.078431427478790283e-01 4.627451002597808838e-01 2.117647081613540649e-01
4.627451002597808838e-01 2.117647081613540649e-01 3.058823645114898682e-01 2.117647081613540649e-01
3.058823645114898682e-01 2.117647081613540649e-01 3.058823645114898682e-01 4.078431427478790283e-01
3.058823645114898682e-01 4.078431427478790283e-01 1.960784345865249634e-01 4.078431427478790283e-01
1.960784345865249634e-01 4.078431427478790283e-01 1.960784345865249634e-01 7.568627595901489258e-01
1.960784345865249634e-01 7.568627595901489258e-01 3.098039329051971436e-01 7.568627595901489258e-01
3.098039329051971436e-01 7.568627595901489258e-01 5.529412031173706055e-01 7.568627595901489258e-01
5.529412031173706055e-01 7.568627595901489258e-01 5.529412031173706055e-01 4.823529422283172607e-01
5.529412031173706055e-01 4.823529422283172607e-01 5.529412031173706055e-01 4.823529422283172607e-01
5.529412031173706055e-01 7.568627595901489258e-01 3.098039329051971436e-01 7.568627595901489258e-01
3.098039329051971436e-01 7.568627595901489258e-01 3.098039329051971436e-01 8.588235378265380859e-01
3.098039329051971436e-01 8.588235378265380859e-01 5.529412031173706055e-01 8.588235378265380859e-01
5.529412031173706055e-01 8.588235378265380859e-01 5.529412031173706055e-01 7.568627595901489258e-01
5.529412031173706055e-01 7.568627595901489258e-01 5.529412031173706055e-01 7.568627595901489258e-01
1.960784345865249634e-01 2.117647081613540649e-01 3.058823645114898682e-01 2.117647081613540649e-01
3.058823645114898682e-01 2.117647081613540649e-01 3.058823645114898682e-01 1.450980454683303833e-01
3.058823645114898682e-01 1.450980454683303833e-01 1.960784345865249634e-01 1.450980454683303833e-01
1.960784345865249634e-01 1.450980454683303833e-01 1.960784345865249634e-01 2.117647081613540649e-01
1.960784345865249634e-01 2.117647081613540649e-01 1.960784345865249634e-01 2.117647081613540649e-01
6.274510025978088379e-01 2.117647081613540649e-01 4.627451002597808838e-01 2.117647081613540649e-01
4.627451002597808838e-01 2.117647081613540649e-01 4.627451002597808838e-01 4.078431427478790283e-01
4.627451002597808838e-01 4.078431427478790283e-01 6.274510025978088379e-01 4.078431427478790283e-01
6.274510025978088379e-01 4.078431427478790283e-01 6.274510025978088379e-01 3.490196168422698975e-01
6.274510025978088379e-01 3.490196168422698975e-01 6.274510025978088379e-01 2.117647081613540649e-01
6.274510025978088379e-01 2.117647081613540649e-01 6.274510025978088379e-01 2.117647081613540649e-01
