5.764706134796142578e-01 2.588235437870025635e-01 4.705882370471954346e-01 2.588235437870025635e-01
4.705882370471954346e-01 2.588235437870025635e-01 4.705882370471954346e-01 3.372549116611480713e-01
4.705882370471954346e-01 3.372549116611480713e-01 4.705882370471954346e-01 4.588235318660736084e-01
4.705882370471954346e-01 4.588235318660736084e-01 5.764706134796142578e-01 4.588235318660736084e-01
5.764706134796142578e-01 4.588235318660736084e-01 5.764706134796142578e-01 3.372549116611480713e-01
5.764706134796142578e-01 3.372549116611480713e-01 5.764706134796142578e-01 2.588235437870025635e-01
5.764706134796142578e-01 2.588235437870025635e-01 5.764706134796142578e-01 2.588235437870025635e-01
8.588235378265380859e-01 2.588235437870025635e-01 6.941176652908325195e-01 2.588235437870025635e-01
6.941176652908325195e-01 2.588235437870025635e-01 6.941176652908325195e-01 3.372549116611480713e-01
6.941176652908325195e-01 3.372549116611480713e-01 8.588235378265380859e-01 3.372549116611480713e-01
8.588235378265380859e-01 3.372549116611480713e-01 8.588235378265380859e-01 2.588235437870025635e-01
8.588235378265380859e-01 2.588235437870025635e-01 8.588235378265380859e-01 2.588235437870025635e-01
3.843137323856353760e-01 5.294117927551269531e-01 2.470588237047195435e-01 5.294117927551269531e-01
2.470588237047195435e-01 5.294117927551269531e-01 2.470588237047195435e-01 6.235294342041015625e-01
2.470588237047195435e-01 6.235294342041015625e-01 3.843137323856353760e-01 6.235294342041015625e-01
3.843137323856353760e-01 6.235294342041015625e-01 3.843137323856353760e-01 5.294117927551269531e-01
3.843137323856353760e-01 5.294117927551269531e-01 3.843137323856353760e-01 5.294117927551269531e-01
6.941176652908325195e-01 2.588235437870025635e-01 5.764706134796142578e-01 2.588235437870025635e-01
5.764706134796142578e-01 2.588235437870025635e-01 5.764706134796142578e-01 3.372549116611480713e-01
5.764706134796142578e-01 3.372549116611480713e-01 5.764706134796142578e-01 4.588235318660736084e-01
5.764706134796142578e-01 4.588235318660736084e-01 6.941176652908325195e-01 4.588235318660736084e-01
6.941176652908325195e-01 4.588235318660736084e-01 6.941176652908325195e-01 3.372549116611480713e-01
6.941176652908325195e-01 3.372549116611480713e-01 6.941176652908325195e-01 2.588235437870025635e-01
6.941176652908325195e-01 2.588235437870025635e-01 6.941176652908325195e-01 2.588235437870025635e-01
4.431372582912445068e-01 5.294117927551269531e-01 3.843137323856353760e-01 5.294117927551269531e-01
3.843137323856353760e-01 5.294117927551269531e-01 3.843137323856353760e-01 6.235294342041015625e-01
3.843137323856353760e-01 6.235294342041015625e-01 2.470588237047195435e-01 6.235294342041015625e-01
2.470588237047195435e-01 6.235294342041015625e-01 2.470588237047195435e-01 8.431372642517089844e-01
2.470588237047195435e-01 8.431372642517089844e-01 4.431372582912445068e-01 8.431372642517089844e-01
4.431372582912445068e-01 8.431372642517089844e-01 4.431372582912445068e-01 7.137255072593688965e-01
4.431372582912445068e-01 7.137255072593688965e-01 4.431372582912445068e-01 5.294117927551269531e-01
4.431372582912445068e-01 5.294117927551269531e-01 4.431372582912445068e-01 5.294117927551269531e-01
3.843137323856353760e-01 4.588235318660736084e-01 3.254902064800262451e-01 4.588235318660736084e-01
3.254902064800262451e-01 4.588235318660736084e-01 3.254902064800262451e-01 2.980392277240753174e-01
3.254902064800262451e-01 2.980392277240753174e-01 1.411764770746231079e-01 2.980392277240753174e-01
1.411764770746231079e-01 2.980392277240753174e-01 1.411764770746231079e-01 5.294117927551269531e-01
1.411764770746231079e-01 5.294117927551269531e-01 2.470588237047195435e-01 5.294117927551269531e-01
2.470588237047195435e-01 5.294117927551269531e-01 3.843137323856353760e-01 5.294117927551269531e-01
3.843137323856353760e-01 5.294117927551269531e-01 3.843137323856353760e-01 4.588235318660736084e-01
3.843137323856353760e-01 4.588235318660736084e-01 3.843137323856353760e-01 4.588235318660736084e-01
6.274510025978088379e-01 5.294117927551269531e-01 4.431372582912445068e-01 5.294117927551269531e-01
4.431372582912445068e-01 5.294117927551269531e-01 4.431372582912445068e-01 7.137255072593688965e-01
4.431372582912445068e-01 7.137255072593688965e-01 6.274510025978088379e-01 7.137255072593688965e-01
6.274510025978088379e-01 7.137255072593688965e-01 6.274510025978088379e-01 5.294117927551269531e-01
6.274510025978088379e-01 5.294117927551269531e-01 6.274510025978088379e-01 5.294117927551269531e-01
4.705882370471954346e-01 2.588235437870025635e-01 3.254902064800262451e-01 2.588235437870025635e-01
3.254902064800262451e-01 2.588235437870025635e-01 3.254902064800262451e-01 2.980392277240753174e-01
3.254902064800262451e-01 2.980392277240753174e-01 3.254902064800262451e-01 4.588235318660736084e-01
3.254902064800262451e-01 4.588235318660736084e-01 3.843137323856353760e-01 4.588235318660736084e-01
3.843137323856353760e-01 4.588235318660736084e-01 4.705882370471954346e-01 4.588235318660736084e-01
4.705882370471954346e-01 4.588235318660736084e-01 4.705882370471954346e-01 3.372549116611480713e-01
4.705882370471954346e-01 3.372549116611480713e-01 4.705882370471954346e-01 2.588235437870025635e-01
4.705882370471954346e-01 2.588235437870025635e-01 4.705882370471954346e-01 2.588235437870025635e-01
4.705882370471954346e-01 4.588235318660736084e-01 3.843137323856353760e-01 4.588235318660736084e-01
3.843137323856353760e-01 4.588235318660736084e-01 3.843137323856353760e-01 5.294117927551269531e-01
3.843137323856353760e-01 5.294117927551269531e-01 4.431372582912445068e-01 5.294117927551269531e-01
4.431372582912445068e-01 5.294117927551269531e-01 6.274510025978088379e-01 5.294117927551269531e-01
6.274510025978088379e-01 5.294117927551269531e-01 6.274510025978088379e-01 7.137255072593688965e-01
6.274510025978088379e-01 7.137255072593688965e-01 8.588235378265380859e-01 7.137255072593688965e-01
8.588235378265380859e-01 7.137255072593688965e-01 8.588235378265380859e-01 3.372549116611480713e-01
8.588235378265380859e-01 3.372549116611480713e-01 6.941176652908325195e-01 3.372549116611480713e-01
6.941176652908325195e-01 3.372549116611480713e-01 6.941176652908325195e-01 4.588235318660736084e-01
6.941176652908325195e-01 4.588235318660736084e-01 5.764706134796142578e-01 4.588235318660736084e-01
5.764706134796142578e-01 4.588235318660736084e-01 4.705882370471954346e-01 4.588235318660736084e-01
4.705882370471954346e-01 4.588235318660736084e-01 4.705882370471954346e-01 4.588235318660736084e-01
6.274510025978088379e-01 7.137255072593688965e-01 4.431372582912445068e-01 7.137255072593688965e-01
4.431372582912445068e-01 7.137255072593688965e-01 4.431372582912445068e-01 8.431372642517089844e-01
4.431372582912445068e-01 8.431372642517089844e-01 8.588235378265380859e-01 8.431372642517089844e-01
8.588235378265380859e-01 8.431372642517089844e-01 8.588235378265380859e-01 7.137255072593688965e-01
8.588235378265380859e-01 7.137255072593688965e-01 6.274510025978088379e-01 7.137255072593688965e-01
6.274510025978088379e-01 7.137255072593688965e-01 6.274510025978088379e-01 7.137255072593688965e-01
6.941176652908325195e-01 2.588235437870025635e-01 8.588235378265380859e-01 2.588235437870025635e-01
8.588235378265380859e-01 2.588235437870025635e-01 8.588235378265380859e-01 1.333333402872085571e-01
8.588235378265380859e-01 1.333333402872085571e-01 6.941176652908325195e-01 1.333333402872085571e-01
6.941176652908325195e-01 1.333333402872085571e-01 6.941176652908325195e-01 2.588235437870025635e-01
6.941176652908325195e-01 2.588235437870025635e-01 6.941176652908325195e-01 2.588235437870025635e-01
