4.823529422283172607e-01 1.764705926179885864e-01 3.725490272045135498e-01 1.764705926179885864e-01
3.725490272045135498e-01 1.764705926179885864e-01 3.725490272045135498e-01 2.862745225429534912e-01
3.725490272045135498e-01 2.862745225429534912e-01 4.823529422283172607e-01 2.862745225429534912e-01
4.823529422283172607e-01 2.862745225429534912e-01 4.823529422283172607e-01 1.764705926179885864e-01
4.823529422283172607e-01 1.764705926179885864e-01 4.823529422283172607e-01 1.764705926179885864e-01
3.725490272045135498e-01 1.764705926179885864e-01 2.313725501298904419e-01 1.764705926179885864e-01
2.313725501298904419e-01 1.764705926179885864e-01 2.313725501298904419e-01 2.862745225429534912e-01
2.313725501298904419e-01 2.862745225429534912e-01 2.313725501298904419e-01 3.411764800548553467e-01
2.313725501298904419e-01 3.411764800548553467e-01 3.725490272045135498e-01 3.411764800548553467e-01
3.725490272045135498e-01 3.411764800548553467e-01 3.725490272045135498e-01 2.862745225429534912e-01
3.725490272045135498e-01 2.862745225429534912e-01 3.725490272045135498e-01 1.764705926179885864e-01
3.725490272045135498e-01 1.764705926179885864e-01 3.725490272045135498e-01 1.764705926179885864e-01
6.823529601097106934e-01 5.647059082984924316e-01 5.176470875740051270e-01 5.647059082984924316e-01
5.176470875740051270e-01 5.647059082984924316e-01 5.176470875740051270e-01 6.352941393852233887e-01
5.176470875740051270e-01 6.352941393852233887e-01 5.176470875740051270e-01 8.313725590705871582e-01
5.176470875740051270e-01 8.313725590705871582e-01 7.176470756530761719e-01 8.313725590705871582e-01
7.176470756530761719e-01 8.313725590705871582e-01 7.176470756530761719e-01 6.352941393852233887e-01
7.176470756530761719e-01 6.352941393852233887e-01 6.823529601097106934e-01 6.352941393852233887e-01
6.823529601097106934e-01 6.352941393852233887e-01 6.823529601097106934e-01 5.647059082984924316e-01
6.823529601097106934e-01 5.647059082984924316e-01 6.823529601097106934e-01 5.647059082984924316e-01
5.176470875740051270e-01 5.647059082984924316e-01 3.333333432674407959e-01 5.647059082984924316e-01
3.333333432674407959e-01 5.647059082984924316e-01 3.333333432674407959e-01 6.352941393852233887e-01
3.333333432674407959e-01 6.352941393852233887e-01 3.333333432674407959e-01 8.313725590705871582e-01
3.333333432674407959e-01 8.313725590705871582e-01 5.176470875740051270e-01 8.313725590705871582e-01
5.176470875740051270e-01 8.313725590705871582e-01 5.176470875740051270e-01 6.352941393852233887e-01
5.176470875740051270e-01 6.352941393852233887e-01 5.176470875740051270e-01 5.647059082984924316e-01
5.176470875740051270e-01 5.647059082984924316e-01 5.176470875740051270e-01 5.647059082984924316e-01
7.176470756530761719e-01 2.862745225429534912e-01 7.176470756530761719e-01 1.764705926179885864e-01
7.176470756530761719e-01 1.764705926179885864e-01 4.823529422283172607e-01 1.764705926179885864e-01
4.823529422283172607e-01 1.764705926179885864e-01 4.823529422283172607e-01 2.862745225429534912e-01
4.823529422283172607e-01 2.862745225429534912e-01 4.823529422283172607e-01 3.450980484485626221e-01
4.823529422283172607e-01 3.450980484485626221e-01 6.823529601097106934e-01 3.450980484485626221e-01
6.823529601097106934e-01 3.450980484485626221e-01 7.176470756530761719e-01 3.450980484485626221e-01
7.176470756530761719e-01 3.450980484485626221e-01 7.176470756530761719e-01 2.862745225429534912e-01
7.176470756530761719e-01 2.862745225429534912e-01 7.176470756530761719e-01 2.862745225429534912e-01
3.333333432674407959e-01 5.647059082984924316e-01 5.176470875740051270e-01 5.647059082984924316e-01
5.176470875740051270e-01 5.647059082984924316e-01 6.823529601097106934e-01 5.647059082984924316e-01
6.823529601097106934e-01 5.647059082984924316e-01 6.823529601097106934e-01 3.450980484485626221e-01
6.823529601097106934e-01 3.450980484485626221e-01 4.823529422283172607e-01 3.450980484485626221e-01
4.823529422283172607e-01 3.450980484485626221e-01 4.823529422283172607e-01 2.862745225429534912e-01
4.823529422283172607e-01 2.862745225429534912e-01 3.725490272045135498e-01 2.862745225429534912e-01
3.725490272045135498e-01 2.862745225429534912e-01 3.725490272045135498e-01 3.411764800548553467e-01
3.725490272045135498e-01 3.411764800548553467e-01 2.313725501298904419e-01 3.411764800548553467e-01
2.313725501298904419e-01 3.411764800548553467e-01 2.313725501298904419e-01 6.352941393852233887e-01
2.313725501298904419e-01 6.352941393852233887e-01 3.333333432674407959e-01 6.352941393852233887e-01
3.333333432674407959e-01 6.352941393852233887e-01 3.333333432674407959e-01 5.647059082984924316e-01
3.333333432674407959e-01 5.647059082984924316e-01 3.333333432674407959e-01 5.647059082984924316e-01
7.176470756530761719e-01 3.450980484485626221e-01 6.823529601097106934e-01 3.450980484485626221e-01
6.823529601097106934e-01 3.450980484485626221e-01 6.823529601097106934e-01 5.647059082984924316e-01
6.823529601097106934e-01 5.647059082984924316e-01 6.823529601097106934e-01 6.352941393852233887e-01
6.823529601097106934e-01 6.352941393852233887e-01 7.176470756530761719e-01 6.352941393852233887e-01
7.176470756530761719e-01 6.352941393852233887e-01 7.176470756530761719e-01 5.647059082984924316e-01
7.176470756530761719e-01 5.647059082984924316e-01 7.686274647712707520e-01 5.647059082984924316e-01
7.686274647712707520e-01 5.647059082984924316e-01 7.686274647712707520e-01 3.450980484485626221e-01
7.686274647712707520e-01 3.450980484485626221e-01 7.176470756530761719e-01 3.450980484485626221e-01
7.176470756530761719e-01 3.450980484485626221e-01 7.176470756530761719e-01 3.450980484485626221e-01
