7.843137383460998535e-01 5.215686559677124023e-01 6.705882549285888672e-01 5.215686559677124023e-01
6.705882549285888672e-01 5.215686559677124023e-01 6.705882549285888672e-01 6.039215922355651855e-01
6.705882549285888672e-01 6.039215922355651855e-01 7.843137383460998535e-01 6.039215922355651855e-01
7.843137383460998535e-01 6.039215922355651855e-01 7.843137383460998535e-01 5.215686559677124023e-01
7.843137383460998535e-01 5.215686559677124023e-01 7.843137383460998535e-01 5.215686559677124023e-01
6.705882549285888672e-01 5.215686559677124023e-01 6.274510025978088379e-01 5.215686559677124023e-01
6.274510025978088379e-01 5.215686559677124023e-01 6.274510025978088379e-01 6.039215922355651855e-01
6.274510025978088379e-01 6.039215922355651855e-01 6.705882549285888672e-01 6.039215922355651855e-01
6.705882549285888672e-01 6.039215922355651855e-01 6.705882549285888672e-01 5.215686559677124023e-01
6.705882549285888672e-01 5.215686559677124023e-01 6.705882549285888672e-01 5.215686559677124023e-01
6.274510025978088379e-01 6.901960968971252441e-01 7.843137383460998535e-01 6.901960968971252441e-01
7.843137383460998535e-01 6.901960968971252441e-01 7.843137383460998535e-01 6.039215922355651855e-01
7.843137383460998535e-01 6.039215922355651855e-01 6.705882549285888672e-01 6.039215922355651855e-01
6.705882549285888672e-01 6.039215922355651855e-01 6.274510025978088379e-01 6.039215922355651855e-01
6.274510025978088379e-01 6.039215922355651855e-01 6.274510025978088379e-01 6.901960968971252441e-01
6.274510025978088379e-01 6.901960968971252441e-01 6.274510025978088379e-01 6.901960968971252441e-01
3.803921639919281006e-01 3.803921639919281006e-01 2.235294133424758911e-01 3.803921639919281006e-01
2.235294133424758911e-01 3.803921639919281006e-01 2.235294133424758911e-01 5.529412031173706055e-01
2.235294133424758911e-01 5.529412031173706055e-01 3.803921639919281006e-01 5.529412031173706055e-01
3.803921639919281006e-01 5.529412031173706055e-01 4.274509847164154053e-01 5.529412031173706055e-01
4.274509847164154053e-01 5.529412031173706055e-01 4.274509847164154053e-01 3.803921639919281006e-01
4.274509847164154053e-01 3.803921639919281006e-01 3.803921639919281006e-01 3.803921639919281006e-01
3.803921639919281006e-01 3.803921639919281006e-01 3.803921639919281006e-01 3.803921639919281006e-01
3.803921639919281006e-01 5.529412031173706055e-01 2.235294133424758911e-01 5.529412031173706055e-01
2.235294133424758911e-01 5.529412031173706055e-01 2.235294133424758911e-01 6.901960968971252441e-01
2.235294133424758911e-01 6.901960968971252441e-01 3.803921639919281006e-01 6.901960968971252441e-01
3.803921639919281006e-01 6.901960968971252441e-01 4.274509847164154053e-01 6.901960968971252441e-01
4.274509847164154053e-01 6.901960968971252441e-01 4.274509847164154053e-01 5.529412031173706055e-01
4.274509847164154053e-01 5.529412031173706055e-01 3.803921639919281006e-01 5.529412031173706055e-01
3.803921639919281006e-01 5.529412031173706055e-01 3.803921639919281006e-01 5.529412031173706055e-01
7.843137383460998535e-01 3.803921639919281006e-01 6.274510025978088379e-01 3.803921639919281006e-01
6.274510025978088379e-01 3.803921639919281006e-01 6.274510025978088379e-01 5.215686559677124023e-01
6.274510025978088379e-01 5.215686559677124023e-01 6.705882549285888672e-01 5.215686559677124023e-01
6.705882549285888672e-01 5.215686559677124023e-01 7.843137383460998535e-01 5.215686559677124023e-01
7.843137383460998535e-01 5.215686559677124023e-01 7.843137383460998535e-01 3.803921639919281006e-01
7.843137383460998535e-01 3.803921639919281006e-01 7.843137383460998535e-01 3.803921639919281006e-01
4.313725531101226807e-01 3.803921639919281006e-01 4.274509847164154053e-01 3.803921639919281006e-01
4.274509847164154053e-01 3.803921639919281006e-01 4.274509847164154053e-01 5.529412031173706055e-01
4.274509847164154053e-01 5.529412031173706055e-01 4.274509847164154053e-01 6.901960968971252441e-01
4.274509847164154053e-01 6.901960968971252441e-01 6.274510025978088379e-01 6.901960968971252441e-01
6.274510025978088379e-01 6.901960968971252441e-01 6.274510025978088379e-01 6.039215922355651855e-01
6.274510025978088379e-01 6.039215922355651855e-01 6.274510025978088379e-01 5.215686559677124023e-01
6.274510025978088379e-01 5.215686559677124023e-01 6.274510025978088379e-01 3.803921639919281006e-01
6.274510025978088379e-01 3.803921639919281006e-01 4.313725531101226807e-01 3.803921639919281006e-01
4.313725531101226807e-01 3.803921639919281006e-01 4.313725531101226807e-01 3.803921639919281006e-01
4.313725531101226807e-01 3.803921639919281006e-01 6.274510025978088379e-01 3.803921639919281006e-01
6.274510025978088379e-01 3.803921639919281006e-01 6.274510025978088379e-01 3.098039329051971436e-01
6.274510025978088379e-01 3.098039329051971436e-01 4.313725531101226807e-01 3.098039329051971436e-01
4.313725531101226807e-01 3.098039329051971436e-01 4.313725531101226807e-01 3.803921639919281006e-01
4.313725531101226807e-01 3.803921639919281006e-01 4.313725531101226807e-01 3.803921639919281006e-01
