2.705882489681243896e-01 3.254902064800262451e-01 2.156862765550613403e-01 3.254902064800262451e-01
2.156862765550613403e-01 3.254902064800262451e-01 2.156862765550613403e-01 4.784313738346099854e-01
2.156862765550613403e-01 4.784313738346099854e-01 2.705882489681243896e-01 4.784313738346099854e-01
2.705882489681243896e-01 4.784313738346099854e-01 4.078431427478790283e-01 4.784313738346099854e-01
4.078431427478790283e-01 4.784313738346099854e-01 4.078431427478790283e-01 3.254902064800262451e-01
4.078431427478790283e-01 3.254902064800262451e-01 2.705882489681243896e-01 3.254902064800262451e-01
2.705882489681243896e-01 3.254902064800262451e-01 2.705882489681243896e-01 3.254902064800262451e-01
5.725490450859069824e-01 1.137254908680915833e-01 4.078431427478790283e-01 1.137254908680915833e-01
4.078431427478790283e-01 1.137254908680915833e-01 4.078431427478790283e-01 2.549019753932952881e-01
4.078431427478790283e-01 2.549019753932952881e-01 5.725490450859069824e-01 2.549019753932952881e-01
5.725490450859069824e-01 2.549019753932952881e-01 5.725490450859069824e-01 1.137254908680915833e-01
5.725490450859069824e-01 1.137254908680915833e-01 5.725490450859069824e-01 1.137254908680915833e-01
7.843137383460998535e-01 1.137254908680915833e-01 5.725490450859069824e-01 1.137254908680915833e-01
5.725490450859069824e-01 1.137254908680915833e-01 5.725490450859069824e-01 2.549019753932952881e-01
5.725490450859069824e-01 2.549019753932952881e-01 5.725490450859069824e-01 3.215686380863189697e-01
5.725490450859069824e-01 3.215686380863189697e-01 7.843137383460998535e-01 3.215686380863189697e-01
7.843137383460998535e-01 3.215686380863189697e-01 7.843137383460998535e-01 2.549019753932952881e-01
7.843137383460998535e-01 2.549019753932952881e-01 7.843137383460998535e-01 1.137254908680915833e-01
7.843137383460998535e-01 1.137254908680915833e-01 7.843137383460998535e-01 1.137254908680915833e-01
7.843137383460998535e-01 8.000000119209289551e-01 7.843137383460998535e-01 5.647059082984924316e-01
7.843137383460998535e-01 5.647059082984924316e-01 5.882353186607360840e-01 5.647059082984924316e-01
5.882353186607360840e-01 5.647059082984924316e-01 5.882353186607360840e-01 8.000000119209289551e-01
5.882353186607360840e-01 8.000000119209289551e-01 7.843137383460998535e-01 8.000000119209289551e-01
7.843137383460998535e-01 8.000000119209289551e-01 7.843137383460998535e-01 8.000000119209289551e-01
4.078431427478790283e-01 1.137254908680915833e-01 2.156862765550613403e-01 1.137254908680915833e-01
2.156862765550613403e-01 1.137254908680915833e-01 2.156862765550613403e-01 3.254902064800262451e-01
2.156862765550613403e-01 3.254902064800262451e-01 2.705882489681243896e-01 3.254902064800262451e-01
2.705882489681243896e-01 3.254902064800262451e-01 4.078431427478790283e-01 3.254902064800262451e-01
4.078431427478790283e-01 3.254902064800262451e-01 4.078431427478790283e-01 2.549019753932952881e-01
4.078431427478790283e-01 2.549019753932952881e-01 4.078431427478790283e-01 1.137254908680915833e-01
4.078431427478790283e-01 1.137254908680915833e-01 4.078431427478790283e-01 1.137254908680915833e-01
7.843137383460998535e-01 3.215686380863189697e-01 5.725490450859069824e-01 3.215686380863189697e-01
5.725490450859069824e-01 3.215686380863189697e-01 5.725490450859069824e-01 2.549019753932952881e-01
5.725490450859069824e-01 2.549019753932952881e-01 4.078431427478790283e-01 2.549019753932952881e-01
4.078431427478790283e-01 2.549019753932952881e-01 4.078431427478790283e-01 3.254902064800262451e-01
4.078431427478790283e-01 3.254902064800262451e-01 4.078431427478790283e-01 4.784313738346099854e-01
4.078431427478790283e-01 4.784313738346099854e-01 2.705882489681243896e-01 4.784313738346099854e-01
2.705882489681243896e-01 4.784313738346099854e-01 2.705882489681243896e-01 5.647059082984924316e-01
2.705882489681243896e-01 5.647059082984924316e-01 5.882353186607360840e-01 5.647059082984924316e-01
5.882353186607360840e-01 5.647059082984924316e-01 7.843137383460998535e-01 5.647059082984924316e-01
7.843137383460998535e-01 5.647059082984924316e-01 7.843137383460998535e-01 3.215686380863189697e-01
7.843137383460998535e-01 3.215686380863189697e-01 7.843137383460998535e-01 3.215686380863189697e-01
7.843137383460998535e-01 8.862745165824890137e-01 7.843137383460998535e-01 8.000000119209289551e-01
7.843137383460998535e-01 8.000000119209289551e-01 5.882353186607360840e-01 8.000000119209289551e-01
5.882353186607360840e-01 8.000000119209289551e-01 5.882353186607360840e-01 8.862745165824890137e-01
5.882353186607360840e-01 8.862745165824890137e-01 7.843137383460998535e-01 8.862745165824890137e-01
7.843137383460998535e-01 8.862745165824890137e-01 7.843137383460998535e-01 8.862745165824890137e-01
