2.235294133424758911e-01 3.607843220233917236e-01 1.294117718935012817e-01 3.607843220233917236e-01
1.294117718935012817e-01 3.607843220233917236e-01 1.294117718935012817e-01 4.980392158031463623e-01
1.294117718935012817e-01 4.980392158031463623e-01 2.235294133424758911e-01 4.980392158031463623e-01
2.235294133424758911e-01 4.980392158031463623e-01 2.235294133424758911e-01 3.607843220233917236e-01
2.235294133424758911e-01 3.607843220233917236e-01 2.235294133424758911e-01 3.607843220233917236e-01
4.156862795352935791e-01 3.607843220233917236e-01 2.235294133424758911e-01 3.607843220233917236e-01
2.235294133424758911e-01 3.607843220233917236e-01 2.235294133424758911e-01 4.980392158031463623e-01
2.235294133424758911e-01 4.980392158031463623e-01 1.294117718935012817e-01 4.980392158031463623e-01
1.294117718935012817e-01 4.980392158031463623e-01 1.294117718935012817e-01 6.431372761726379395e-01
1.294117718935012817e-01 6.431372761726379395e-01 4.156862795352935791e-01 6.431372761726379395e-01
4.156862795352935791e-01 6.431372761726379395e-01 4.156862795352935791e-01 5.019608139991760254e-01
4.156862795352935791e-01 5.019608139991760254e-01 5.647059082984924316e-01 5.019608139991760254e-01
5.647059082984924316e-01 5.019608139991760254e-01 5.647059082984924316e-01 4.470588266849517822e-01
5.647059082984924316e-01 4.470588266849517822e-01 4.156862795352935791e-01 4.470588266849517822e-01
4.156862795352935791e-01 4.470588266849517822e-01 4.156862795352935791e-01 3.607843220233917236e-01
4.156862795352935791e-01 3.607843220233917236e-01 4.156862795352935791e-01 3.607843220233917236e-01
4.156862795352935791e-01 6.431372761726379395e-01 5.647059082984924316e-01 6.431372761726379395e-01
5.647059082984924316e-01 6.431372761726379395e-01 5.647059082984924316e-01 5.019608139991760254e-01
5.647059082984924316e-01 5.019608139991760254e-01 4.156862795352935791e-01 5.019608139991760254e-01
4.156862795352935791e-01 5.019608139991760254e-01 4.156862795352935791e-01 6.431372761726379395e-01
4.156862795352935791e-01 6.431372761726379395e-01 4.156862795352935791e-01 6.431372761726379395e-01
5.647059082984924316e-01 3.607843220233917236e-01 4.156862795352935791e-01 3.607843220233917236e-01
4.156862795352935791e-01 3.607843220233917236e-01 4.156862795352935791e-01 4.470588266849517822e-01
4.156862795352935791e-01 4.470588266849517822e-01 5.647059082984924316e-01 4.470588266849517822e-01
5.647059082984924316e-01 4.470588266849517822e-01 5.647059082984924316e-01 3.607843220233917236e-01
5.647059082984924316e-01 3.607843220233917236e-01 5.647059082984924316e-01 3.607843220233917236e-01
8.745098114013671875e-01 4.470588266849517822e-01 5.647059082984924316e-01 4.470588266849517822e-01
5.647059082984924316e-01 4.470588266849517822e-01 5.647059082984924316e-01 5.019608139991760254e-01
5.647059082984924316e-01 5.019608139991760254e-01 5.647059082984924316e-01 6.431372761726379395e-01
5.647059082984924316e-01 6.431372761726379395e-01 8.745098114013671875e-01 6.431372761726379395e-01
8.745098114013671875e-01 6.431372761726379395e-01 8.745098114013671875e-01 4.470588266849517822e-01
8.745098114013671875e-01 4.470588266849517822e-01 8.745098114013671875e-01 4.470588266849517822e-01
