8.862745165824890137e-01 5.098039507865905762e-01 8.862745165824890137e-01 4.274509847164154053e-01
8.862745165824890137e-01 4.274509847164154053e-01 7.529411911964416504e-01 4.274509847164154053e-01
7.529411911964416504e-01 4.274509847164154053e-01 7.529411911964416504e-01 5.098039507865905762e-01
7.529411911964416504e-01 5.098039507865905762e-01 7.529411911964416504e-01 5.725490450859069824e-01
7.529411911964416504e-01 5.725490450859069824e-01 8.862745165824890137e-01 5.725490450859069824e-01
8.862745165824890137e-01 5.725490450859069824e-01 8.862745165824890137e-01 5.098039507865905762e-01
8.862745165824890137e-01 5.098039507865905762e-01 8.862745165824890137e-01 5.098039507865905762e-01
6.901960968971252441e-01 2.470588237047195435e-01 5.960784554481506348e-01 2.470588237047195435e-01
5.960784554481506348e-01 2.470588237047195435e-01 5.960784554481506348e-01 3.764705955982208252e-01
5.960784554481506348e-01 3.764705955982208252e-01 6.901960968971252441e-01 3.764705955982208252e-01
6.901960968971252441e-01 3.764705955982208252e-01 6.901960968971252441e-01 2.470588237047195435e-01
6.901960968971252441e-01 2.470588237047195435e-01 6.901960968971252441e-01 2.470588237047195435e-01
6.901960968971252441e-01 8.039215803146362305e-01 6.901960968971252441e-01 7.372549176216125488e-01
6.901960968971252441e-01 7.372549176216125488e-01 4.588235318660736084e-01 7.372549176216125488e-01
4.588235318660736084e-01 7.372549176216125488e-01 4.588235318660736084e-01 8.392156958580017090e-01
4.588235318660736084e-01 8.392156958580017090e-01 6.901960968971252441e-01 8.392156958580017090e-01
6.901960968971252441e-01 8.392156958580017090e-01 6.901960968971252441e-01 8.039215803146362305e-01
6.901960968971252441e-01 8.039215803146362305e-01 6.901960968971252441e-01 8.039215803146362305e-01
7.529411911964416504e-01 5.098039507865905762e-01 6.901960968971252441e-01 5.098039507865905762e-01
6.901960968971252441e-01 5.098039507865905762e-01 6.901960968971252441e-01 7.372549176216125488e-01
6.901960968971252441e-01 7.372549176216125488e-01 6.901960968971252441e-01 8.039215803146362305e-01
6.901960968971252441e-01 8.039215803146362305e-01 8.862745165824890137e-01 8.039215803146362305e-01
8.862745165824890137e-01 8.039215803146362305e-01 8.862745165824890137e-01 5.725490450859069824e-01
8.862745165824890137e-01 5.725490450859069824e-01 7.529411911964416504e-01 5.725490450859069824e-01
7.529411911964416504e-01 5.725490450859069824e-01 7.529411911964416504e-01 5.098039507865905762e-01
7.529411911964416504e-01 5.098039507865905762e-01 7.529411911964416504e-01 5.098039507865905762e-01
8.862745165824890137e-01 4.274509847164154053e-01 8.862745165824890137e-01 2.470588237047195435e-01
8.862745165824890137e-01 2.470588237047195435e-01 7.529411911964416504e-01 2.470588237047195435e-01
7.529411911964416504e-01 2.470588237047195435e-01 6.901960968971252441e-01 2.470588237047195435e-01
6.901960968971252441e-01 2.470588237047195435e-01 6.901960968971252441e-01 3.764705955982208252e-01
6.901960968971252441e-01 3.764705955982208252e-01 6.901960968971252441e-01 4.274509847164154053e-01
6.901960968971252441e-01 4.274509847164154053e-01 7.529411911964416504e-01 4.274509847164154053e-01
7.529411911964416504e-01 4.274509847164154053e-01 8.862745165824890137e-01 4.274509847164154053e-01
8.862745165824890137e-01 4.274509847164154053e-01 8.862745165824890137e-01 4.274509847164154053e-01
2.274509817361831665e-01 2.470588237047195435e-01 1.137254908680915833e-01 2.470588237047195435e-01
1.137254908680915833e-01 2.470588237047195435e-01 1.137254908680915833e-01 4.117647111415863037e-01
1.137254908680915833e-01 4.117647111415863037e-01 2.274509817361831665e-01 4.117647111415863037e-01
2.274509817361831665e-01 4.117647111415863037e-01 3.137255012989044189e-01 4.117647111415863037e-01
3.137255012989044189e-01 4.117647111415863037e-01 3.137255012989044189e-01 2.470588237047195435e-01
3.137255012989044189e-01 2.470588237047195435e-01 2.274509817361831665e-01 2.470588237047195435e-01
2.274509817361831665e-01 2.470588237047195435e-01 2.274509817361831665e-01 2.470588237047195435e-01
6.901960968971252441e-01 5.098039507865905762e-01 7.529411911964416504e-01 5.098039507865905762e-01
7.529411911964416504e-01 5.098039507865905762e-01 7.529411911964416504e-01 4.274509847164154053e-01
7.529411911964416504e-01 4.274509847164154053e-01 6.901960968971252441e-01 4.274509847164154053e-01
6.901960968971252441e-01 4.274509847164154053e-01 6.901960968971252441e-01 3.764705955982208252e-01
6.901960968971252441e-01 3.764705955982208252e-01 5.960784554481506348e-01 3.764705955982208252e-01
5.960784554481506348e-01 3.764705955982208252e-01 5.960784554481506348e-01 2.470588237047195435e-01
5.960784554481506348e-01 2.470588237047195435e-01 4.235294163227081299e-01 2.470588237047195435e-01
4.235294163227081299e-01 2.470588237047195435e-01 4.235294163227081299e-01 4.117647111415863037e-01
4.235294163227081299e-01 4.117647111415863037e-01 3.137255012989044189e-01 4.117647111415863037e-01
3.137255012989044189e-01 4.117647111415863037e-01 2.274509817361831665e-01 4.117647111415863037e-01
2.274509817361831665e-01 4.117647111415863037e-01 2.274509817361831665e-01 7.372549176216125488e-01
2.274509817361831665e-01 7.372549176216125488e-01 4.588235318660736084e-01 7.372549176216125488e-01
4.588235318660736084e-01 7.372549176216125488e-01 6.901960968971252441e-01 7.372549176216125488e-01
6.901960968971252441e-01 7.372549176216125488e-01 6.901960968971252441e-01 5.098039507865905762e-01
6.901960968971252441e-01 5.098039507865905762e-01 6.901960968971252441e-01 5.098039507865905762e-01
4.235294163227081299e-01 2.470588237047195435e-01 3.137255012989044189e-01 2.470588237047195435e-01
3.137255012989044189e-01 2.470588237047195435e-01 3.137255012989044189e-01 4.117647111415863037e-01
3.137255012989044189e-01 4.117647111415863037e-01 4.235294163227081299e-01 4.117647111415863037e-01
4.235294163227081299e-01 4.117647111415863037e-01 4.235294163227081299e-01 2.470588237047195435e-01
4.235294163227081299e-01 2.470588237047195435e-01 4.235294163227081299e-01 2.470588237047195435e-01
4.235294163227081299e-01 2.470588237047195435e-01 5.960784554481506348e-01 2.470588237047195435e-01
5.960784554481506348e-01 2.470588237047195435e-01 5.960784554481506348e-01 1.647058874368667603e-01
5.960784554481506348e-01 1.647058874368667603e-01 4.235294163227081299e-01 1.647058874368667603e-01
4.235294163227081299e-01 1.647058874368667603e-01 4.235294163227081299e-01 2.470588237047195435e-01
4.235294163227081299e-01 2.470588237047195435e-01 4.235294163227081299e-01 2.470588237047195435e-01
