2.274509817361831665e-01 4.000000059604644775e-01 1.921568661928176880e-01 4.000000059604644775e-01
1.921568661928176880e-01 4.000000059604644775e-01 1.921568661928176880e-01 5.686274766921997070e-01
1.921568661928176880e-01 5.686274766921997070e-01 2.274509817361831665e-01 5.686274766921997070e-01
2.274509817361831665e-01 5.686274766921997070e-01 3.215686380863189697e-01 5.686274766921997070e-01
3.215686380863189697e-01 5.686274766921997070e-01 3.215686380863189697e-01 4.000000059604644775e-01
3.215686380863189697e-01 4.000000059604644775e-01 2.274509817361831665e-01 4.000000059604644775e-01
2.274509817361831665e-01 4.000000059604644775e-01 2.274509817361831665e-01 4.000000059604644775e-01
6.549019813537597656e-01 5.725490450859069824e-01 5.960784554481506348e-01 5.725490450859069824e-01
5.960784554481506348e-01 5.725490450859069824e-01 5.960784554481506348e-01 6.470588445663452148e-01
5.960784554481506348e-01 6.470588445663452148e-01 6.549019813537597656e-01 6.470588445663452148e-01
6.549019813537597656e-01 6.470588445663452148e-01 6.549019813537597656e-01 5.725490450859069824e-01
6.549019813537597656e-01 5.725490450859069824e-01 6.549019813537597656e-01 5.725490450859069824e-01
3.215686380863189697e-01 6.901960968971252441e-01 3.215686380863189697e-01 7.882353067398071289e-01
3.215686380863189697e-01 7.882353067398071289e-01 3.960784375667572021e-01 7.882353067398071289e-01
3.960784375667572021e-01 7.882353067398071289e-01 4.901960790157318115e-01 7.882353067398071289e-01
4.901960790157318115e-01 7.882353067398071289e-01 4.901960790157318115e-01 6.901960968971252441e-01
4.901960790157318115e-01 6.901960968971252441e-01 3.960784375667572021e-01 6.901960968971252441e-01
3.960784375667572021e-01 6.901960968971252441e-01 3.215686380863189697e-01 6.901960968971252441e-01
3.215686380863189697e-01 6.901960968971252441e-01 3.215686380863189697e-01 6.901960968971252441e-01
1.921568661928176880e-01 4.000000059604644775e-01 2.274509817361831665e-01 4.000000059604644775e-01
2.274509817361831665e-01 4.000000059604644775e-01 3.215686380863189697e-01 4.000000059604644775e-01
3.215686380863189697e-01 4.000000059604644775e-01 3.215686380863189697e-01 5.686274766921997070e-01
3.215686380863189697e-01 5.686274766921997070e-01 3.960784375667572021e-01 5.686274766921997070e-01
3.960784375667572021e-01 5.686274766921997070e-01 3.960784375667572021e-01 2.156862765550613403e-01
3.960784375667572021e-01 2.156862765550613403e-01 1.921568661928176880e-01 2.156862765550613403e-01
1.921568661928176880e-01 2.156862765550613403e-01 1.921568661928176880e-01 4.000000059604644775e-01
1.921568661928176880e-01 4.000000059604644775e-01 1.921568661928176880e-01 4.000000059604644775e-01
6.549019813537597656e-01 4.980392158031463623e-01 7.803921699523925781e-01 4.980392158031463623e-01
7.803921699523925781e-01 4.980392158031463623e-01 7.803921699523925781e-01 3.176470696926116943e-01
7.803921699523925781e-01 3.176470696926116943e-01 6.549019813537597656e-01 3.176470696926116943e-01
6.549019813537597656e-01 3.176470696926116943e-01 5.960784554481506348e-01 3.176470696926116943e-01
5.960784554481506348e-01 3.176470696926116943e-01 5.960784554481506348e-01 4.980392158031463623e-01
5.960784554481506348e-01 4.980392158031463623e-01 6.549019813537597656e-01 4.980392158031463623e-01
6.549019813537597656e-01 4.980392158031463623e-01 6.549019813537597656e-01 4.980392158031463623e-01
5.960784554481506348e-01 5.725490450859069824e-01 6.549019813537597656e-01 5.725490450859069824e-01
6.549019813537597656e-01 5.725490450859069824e-01 6.549019813537597656e-01 4.980392158031463623e-01
6.549019813537597656e-01 4.980392158031463623e-01 5.960784554481506348e-01 4.980392158031463623e-01
5.960784554481506348e-01 4.980392158031463623e-01 5.960784554481506348e-01 3.176470696926116943e-01
5.960784554481506348e-01 3.176470696926116943e-01 6.549019813537597656e-01 3.176470696926116943e-01
6.549019813537597656e-01 3.176470696926116943e-01 6.549019813537597656e-01 2.156862765550613403e-01
6.549019813537597656e-01 2.156862765550613403e-01 3.960784375667572021e-01 2.156862765550613403e-01
3.960784375667572021e-01 2.156862765550613403e-01 3.960784375667572021e-01 5.686274766921997070e-01
3.960784375667572021e-01 5.686274766921997070e-01 3.960784375667572021e-01 6.901960968971252441e-01
3.960784375667572021e-01 6.901960968971252441e-01 4.901960790157318115e-01 6.901960968971252441e-01
4.901960790157318115e-01 6.901960968971252441e-01 4.901960790157318115e-01 7.882353067398071289e-01
4.901960790157318115e-01 7.882353067398071289e-01 6.549019813537597656e-01 7.882353067398071289e-01
6.549019813537597656e-01 7.882353067398071289e-01 6.549019813537597656e-01 6.470588445663452148e-01
6.549019813537597656e-01 6.470588445663452148e-01 5.960784554481506348e-01 6.470588445663452148e-01
5.960784554481506348e-01 6.470588445663452148e-01 5.960784554481506348e-01 5.725490450859069824e-01
5.960784554481506348e-01 5.725490450859069824e-01 5.960784554481506348e-01 5.725490450859069824e-01
3.960784375667572021e-01 5.686274766921997070e-01 3.215686380863189697e-01 5.686274766921997070e-01
3.215686380863189697e-01 5.686274766921997070e-01 3.215686380863189697e-01 6.901960968971252441e-01
3.215686380863189697e-01 6.901960968971252441e-01 3.960784375667572021e-01 6.901960968971252441e-01
3.960784375667572021e-01 6.901960968971252441e-01 3.960784375667572021e-01 5.686274766921997070e-01
3.960784375667572021e-01 5.686274766921997070e-01 3.960784375667572021e-01 5.686274766921997070e-01
6.549019813537597656e-01 6.470588445663452148e-01 7.803921699523925781e-01 6.470588445663452148e-01
7.803921699523925781e-01 6.470588445663452148e-01 7.803921699523925781e-01 4.980392158031463623e-01
7.803921699523925781e-01 4.980392158031463623e-01 6.549019813537597656e-01 4.980392158031463623e-01
6.549019813537597656e-01 4.980392158031463623e-01 6.549019813537597656e-01 5.725490450859069824e-01
6.549019813537597656e-01 5.725490450859069824e-01 6.549019813537597656e-01 6.470588445663452148e-01
6.549019813537597656e-01 6.470588445663452148e-01 6.549019813537597656e-01 6.470588445663452148e-01
