4.823529422283172607e-01 5.098039507865905762e-01 5.803921818733215332e-01 5.098039507865905762e-01
5.803921818733215332e-01 5.098039507865905762e-01 5.803921818733215332e-01 6.235294342041015625e-01
5.803921818733215332e-01 6.235294342041015625e-01 7.176470756530761719e-01 6.235294342041015625e-01
7.176470756530761719e-01 6.235294342041015625e-01 7.176470756530761719e-01 4.784313738346099854e-01
7.176470756530761719e-01 4.784313738346099854e-01 8.156862854957580566e-01 4.784313738346099854e-01
8.156862854957580566e-01 4.784313738346099854e-01 8.156862854957580566e-01 3.803921639919281006e-01
8.156862854957580566e-01 3.803921639919281006e-01 2.862745225429534912e-01 3.803921639919281006e-01
2.862745225429534912e-01 3.803921639919281006e-01 2.862745225429534912e-01 6.235294342041015625e-01
2.862745225429534912e-01 6.235294342041015625e-01 4.823529422283172607e-01 6.235294342041015625e-01
4.823529422283172607e-01 6.235294342041015625e-01 4.823529422283172607e-01 5.098039507865905762e-01
4.823529422283172607e-01 5.098039507865905762e-01 4.823529422283172607e-01 5.098039507865905762e-01
5.803921818733215332e-01 5.098039507865905762e-01 4.823529422283172607e-01 5.098039507865905762e-01
4.823529422283172607e-01 5.098039507865905762e-01 4.823529422283172607e-01 6.235294342041015625e-01
4.823529422283172607e-01 6.235294342041015625e-01 5.803921818733215332e-01 6.235294342041015625e-01
5.803921818733215332e-01 6.235294342041015625e-01 5.803921818733215332e-01 5.098039507865905762e-01
5.803921818733215332e-01 5.098039507865905762e-01 5.803921818733215332e-01 5.098039507865905762e-01
1.882352977991104126e-01 6.235294342041015625e-01 2.862745225429534912e-01 6.235294342041015625e-01
2.862745225429534912e-01 6.235294342041015625e-01 2.862745225429534912e-01 3.803921639919281006e-01
2.862745225429534912e-01 3.803921639919281006e-01 1.882352977991104126e-01 3.803921639919281006e-01
1.882352977991104126e-01 3.803921639919281006e-01 1.882352977991104126e-01 6.235294342041015625e-01
1.882352977991104126e-01 6.235294342041015625e-01 1.882352977991104126e-01 6.235294342041015625e-01
7.176470756530761719e-01 6.235294342041015625e-01 8.156862854957580566e-01 6.235294342041015625e-01
8.156862854957580566e-01 6.235294342041015625e-01 8.156862854957580566e-01 4.784313738346099854e-01
8.156862854957580566e-01 4.784313738346099854e-01 7.176470756530761719e-01 4.784313738346099854e-01
7.176470756530761719e-01 4.784313738346099854e-01 7.176470756530761719e-01 6.235294342041015625e-01
7.176470756530761719e-01 6.235294342041015625e-01 7.176470756530761719e-01 6.235294342041015625e-01
