6.431372761726379395e-01 4.156862795352935791e-01 5.803921818733215332e-01 4.156862795352935791e-01
5.803921818733215332e-01 4.156862795352935791e-01 5.803921818733215332e-01 5.058823823928833008e-01
5.803921818733215332e-01 5.058823823928833008e-01 6.431372761726379395e-01 5.058823823928833008e-01
6.431372761726379395e-01 5.058823823928833008e-01 7.411764860153198242e-01 5.058823823928833008e-01
7.411764860153198242e-01 5.058823823928833008e-01 7.411764860153198242e-01 4.156862795352935791e-01
7.411764860153198242e-01 4.156862795352935791e-01 6.431372761726379395e-01 4.156862795352935791e-01
6.431372761726379395e-01 4.156862795352935791e-01 6.431372761726379395e-01 4.156862795352935791e-01
7.411764860153198242e-01 5.058823823928833008e-01 6.431372761726379395e-01 5.058823823928833008e-01
6.431372761726379395e-01 5.058823823928833008e-01 6.431372761726379395e-01 5.764706134796142578e-01
6.431372761726379395e-01 5.764706134796142578e-01 6.431372761726379395e-01 6.431372761726379395e-01
6.431372761726379395e-01 6.431372761726379395e-01 7.411764860153198242e-01 6.431372761726379395e-01
7.411764860153198242e-01 6.431372761726379395e-01 7.411764860153198242e-01 5.764706134796142578e-01
7.411764860153198242e-01 5.764706134796142578e-01 7.411764860153198242e-01 5.058823823928833008e-01
7.411764860153198242e-01 5.058823823928833008e-01 7.411764860153198242e-01 5.058823823928833008e-01
7.411764860153198242e-01 9.176470637321472168e-01 7.411764860153198242e-01 6.431372761726379395e-01
7.411764860153198242e-01 6.431372761726379395e-01 6.431372761726379395e-01 6.431372761726379395e-01
6.431372761726379395e-01 6.431372761726379395e-01 6.431372761726379395e-01 5.764706134796142578e-01
6.431372761726379395e-01 5.764706134796142578e-01 5.764706134796142578e-01 5.764706134796142578e-01
5.764706134796142578e-01 5.764706134796142578e-01 5.764706134796142578e-01 9.176470637321472168e-01
5.764706134796142578e-01 9.176470637321472168e-01 6.431372761726379395e-01 9.176470637321472168e-01
6.431372761726379395e-01 9.176470637321472168e-01 7.411764860153198242e-01 9.176470637321472168e-01
7.411764860153198242e-01 9.176470637321472168e-01 7.411764860153198242e-01 9.176470637321472168e-01
5.803921818733215332e-01 4.156862795352935791e-01 6.431372761726379395e-01 4.156862795352935791e-01
6.431372761726379395e-01 4.156862795352935791e-01 7.411764860153198242e-01 4.156862795352935791e-01
7.411764860153198242e-01 4.156862795352935791e-01 7.411764860153198242e-01 1.607843190431594849e-01
7.411764860153198242e-01 1.607843190431594849e-01 5.803921818733215332e-01 1.607843190431594849e-01
5.803921818733215332e-01 1.607843190431594849e-01 5.803921818733215332e-01 2.549019753932952881e-01
5.803921818733215332e-01 2.549019753932952881e-01 5.803921818733215332e-01 4.156862795352935791e-01
5.803921818733215332e-01 4.156862795352935791e-01 5.803921818733215332e-01 4.156862795352935791e-01
4.078431427478790283e-01 4.156862795352935791e-01 5.803921818733215332e-01 4.156862795352935791e-01
5.803921818733215332e-01 4.156862795352935791e-01 5.803921818733215332e-01 2.549019753932952881e-01
5.803921818733215332e-01 2.549019753932952881e-01 5.803921818733215332e-01 1.607843190431594849e-01
5.803921818733215332e-01 1.607843190431594849e-01 4.078431427478790283e-01 1.607843190431594849e-01
4.078431427478790283e-01 1.607843190431594849e-01 4.078431427478790283e-01 2.549019753932952881e-01
4.078431427478790283e-01 2.549019753932952881e-01 4.078431427478790283e-01 4.156862795352935791e-01
4.078431427478790283e-01 4.156862795352935791e-01 4.078431427478790283e-01 4.156862795352935791e-01
5.803921818733215332e-01 4.156862795352935791e-01 4.078431427478790283e-01 4.156862795352935791e-01
4.078431427478790283e-01 4.156862795352935791e-01 4.078431427478790283e-01 2.549019753932952881e-01
4.078431427478790283e-01 2.549019753932952881e-01 2.588235437870025635e-01 2.549019753932952881e-01
2.588235437870025635e-01 2.549019753932952881e-01 2.588235437870025635e-01 9.176470637321472168e-01
2.588235437870025635e-01 9.176470637321472168e-01 5.764706134796142578e-01 9.176470637321472168e-01
5.764706134796142578e-01 9.176470637321472168e-01 5.764706134796142578e-01 5.764706134796142578e-01
5.764706134796142578e-01 5.764706134796142578e-01 6.431372761726379395e-01 5.764706134796142578e-01
6.431372761726379395e-01 5.764706134796142578e-01 6.431372761726379395e-01 5.058823823928833008e-01
6.431372761726379395e-01 5.058823823928833008e-01 5.803921818733215332e-01 5.058823823928833008e-01
5.803921818733215332e-01 5.058823823928833008e-01 5.803921818733215332e-01 4.156862795352935791e-01
5.803921818733215332e-01 4.156862795352935791e-01 5.803921818733215332e-01 4.156862795352935791e-01
4.078431427478790283e-01 1.607843190431594849e-01 4.078431427478790283e-01 8.235294371843338013e-02
4.078431427478790283e-01 8.235294371843338013e-02 2.588235437870025635e-01 8.235294371843338013e-02
2.588235437870025635e-01 8.235294371843338013e-02 2.588235437870025635e-01 2.549019753932952881e-01
2.588235437870025635e-01 2.549019753932952881e-01 4.078431427478790283e-01 2.549019753932952881e-01
4.078431427478790283e-01 2.549019753932952881e-01 4.078431427478790283e-01 1.607843190431594849e-01
4.078431427478790283e-01 1.607843190431594849e-01 4.078431427478790283e-01 1.607843190431594849e-01
