5.333333611488342285e-01 2.549019753932952881e-01 4.705882370471954346e-01 2.549019753932952881e-01
4.705882370471954346e-01 2.549019753932952881e-01 4.705882370471954346e-01 1.725490242242813110e-01
4.705882370471954346e-01 1.725490242242813110e-01 3.686274588108062744e-01 1.725490242242813110e-01
3.686274588108062744e-01 1.725490242242813110e-01 3.686274588108062744e-01 8.156862854957580566e-01
3.686274588108062744e-01 8.156862854957580566e-01 5.137255191802978516e-01 8.156862854957580566e-01
5.137255191802978516e-01 8.156862854957580566e-01 6.313725709915161133e-01 8.156862854957580566e-01
6.313725709915161133e-01 8.156862854957580566e-01 6.313725709915161133e-01 3.372549116611480713e-01
6.313725709915161133e-01 3.372549116611480713e-01 5.333333611488342285e-01 3.372549116611480713e-01
5.333333611488342285e-01 3.372549116611480713e-01 5.333333611488342285e-01 2.549019753932952881e-01
5.333333611488342285e-01 2.549019753932952881e-01 5.333333611488342285e-01 2.549019753932952881e-01
4.705882370471954346e-01 2.549019753932952881e-01 5.333333611488342285e-01 2.549019753932952881e-01
5.333333611488342285e-01 2.549019753932952881e-01 6.313725709915161133e-01 2.549019753932952881e-01
6.313725709915161133e-01 2.549019753932952881e-01 6.313725709915161133e-01 1.725490242242813110e-01
6.313725709915161133e-01 1.725490242242813110e-01 6.313725709915161133e-01 9.019608050584793091e-02
6.313725709915161133e-01 9.019608050584793091e-02 4.705882370471954346e-01 9.019608050584793091e-02
4.705882370471954346e-01 9.019608050584793091e-02 4.705882370471954346e-01 1.725490242242813110e-01
4.705882370471954346e-01 1.725490242242813110e-01 4.705882370471954346e-01 2.549019753932952881e-01
4.705882370471954346e-01 2.549019753932952881e-01 4.705882370471954346e-01 2.549019753932952881e-01
6.313725709915161133e-01 9.098039269447326660e-01 6.313725709915161133e-01 8.156862854957580566e-01
6.313725709915161133e-01 8.156862854957580566e-01 5.137255191802978516e-01 8.156862854957580566e-01
5.137255191802978516e-01 8.156862854957580566e-01 5.137255191802978516e-01 9.098039269447326660e-01
5.137255191802978516e-01 9.098039269447326660e-01 6.313725709915161133e-01 9.098039269447326660e-01
6.313725709915161133e-01 9.098039269447326660e-01 6.313725709915161133e-01 9.098039269447326660e-01
6.313725709915161133e-01 2.549019753932952881e-01 5.333333611488342285e-01 2.549019753932952881e-01
5.333333611488342285e-01 2.549019753932952881e-01 5.333333611488342285e-01 3.372549116611480713e-01
5.333333611488342285e-01 3.372549116611480713e-01 6.313725709915161133e-01 3.372549116611480713e-01
6.313725709915161133e-01 3.372549116611480713e-01 6.313725709915161133e-01 2.549019753932952881e-01
6.313725709915161133e-01 2.549019753932952881e-01 6.313725709915161133e-01 2.549019753932952881e-01
