3.882353007793426514e-01 1.333333402872085571e-01 2.549019753932952881e-01 1.333333402872085571e-01
2.549019753932952881e-01 1.333333402872085571e-01 2.549019753932952881e-01 3.019607961177825928e-01
2.549019753932952881e-01 3.019607961177825928e-01 3.882353007793426514e-01 3.019607961177825928e-01
3.882353007793426514e-01 3.019607961177825928e-01 3.882353007793426514e-01 1.333333402872085571e-01
3.882353007793426514e-01 1.333333402872085571e-01 3.882353007793426514e-01 1.333333402872085571e-01
6.627451181411743164e-01 5.568627715110778809e-01 5.490196347236633301e-01 5.568627715110778809e-01
5.490196347236633301e-01 5.568627715110778809e-01 5.490196347236633301e-01 6.196078658103942871e-01
5.490196347236633301e-01 6.196078658103942871e-01 5.490196347236633301e-01 6.705882549285888672e-01
5.490196347236633301e-01 6.705882549285888672e-01 6.627451181411743164e-01 6.705882549285888672e-01
6.627451181411743164e-01 6.705882549285888672e-01 6.627451181411743164e-01 6.196078658103942871e-01
6.627451181411743164e-01 6.196078658103942871e-01 6.627451181411743164e-01 5.568627715110778809e-01
6.627451181411743164e-01 5.568627715110778809e-01 6.627451181411743164e-01 5.568627715110778809e-01
2.549019753932952881e-01 7.921568751335144043e-01 2.549019753932952881e-01 8.823529481887817383e-01
2.549019753932952881e-01 8.823529481887817383e-01 4.823529422283172607e-01 8.823529481887817383e-01
4.823529422283172607e-01 8.823529481887817383e-01 4.823529422283172607e-01 7.921568751335144043e-01
4.823529422283172607e-01 7.921568751335144043e-01 2.549019753932952881e-01 7.921568751335144043e-01
2.549019753932952881e-01 7.921568751335144043e-01 2.549019753932952881e-01 7.921568751335144043e-01
5.490196347236633301e-01 1.333333402872085571e-01 4.823529422283172607e-01 1.333333402872085571e-01
4.823529422283172607e-01 1.333333402872085571e-01 4.823529422283172607e-01 3.019607961177825928e-01
4.823529422283172607e-01 3.019607961177825928e-01 5.490196347236633301e-01 3.019607961177825928e-01
5.490196347236633301e-01 3.019607961177825928e-01 6.627451181411743164e-01 3.019607961177825928e-01
6.627451181411743164e-01 3.019607961177825928e-01 7.450980544090270996e-01 3.019607961177825928e-01
7.450980544090270996e-01 3.019607961177825928e-01 7.450980544090270996e-01 1.333333402872085571e-01
7.450980544090270996e-01 1.333333402872085571e-01 5.490196347236633301e-01 1.333333402872085571e-01
5.490196347236633301e-01 1.333333402872085571e-01 5.490196347236633301e-01 1.333333402872085571e-01
6.627451181411743164e-01 6.705882549285888672e-01 5.490196347236633301e-01 6.705882549285888672e-01
5.490196347236633301e-01 6.705882549285888672e-01 5.490196347236633301e-01 6.196078658103942871e-01
5.490196347236633301e-01 6.196078658103942871e-01 4.823529422283172607e-01 6.196078658103942871e-01
4.823529422283172607e-01 6.196078658103942871e-01 4.823529422283172607e-01 7.921568751335144043e-01
4.823529422283172607e-01 7.921568751335144043e-01 4.823529422283172607e-01 8.823529481887817383e-01
4.823529422283172607e-01 8.823529481887817383e-01 6.627451181411743164e-01 8.823529481887817383e-01
6.627451181411743164e-01 8.823529481887817383e-01 6.627451181411743164e-01 6.705882549285888672e-01
6.627451181411743164e-01 6.705882549285888672e-01 6.627451181411743164e-01 6.705882549285888672e-01
4.823529422283172607e-01 1.333333402872085571e-01 3.882353007793426514e-01 1.333333402872085571e-01
3.882353007793426514e-01 1.333333402872085571e-01 3.882353007793426514e-01 3.019607961177825928e-01
3.882353007793426514e-01 3.019607961177825928e-01 2.549019753932952881e-01 3.019607961177825928e-01
2.549019753932952881e-01 3.019607961177825928e-01 2.549019753932952881e-01 7.921568751335144043e-01
2.549019753932952881e-01 7.921568751335144043e-01 4.823529422283172607e-01 7.921568751335144043e-01
4.823529422283172607e-01 7.921568751335144043e-01 4.823529422283172607e-01 6.196078658103942871e-01
4.823529422283172607e-01 6.196078658103942871e-01 5.490196347236633301e-01 6.196078658103942871e-01
5.490196347236633301e-01 6.196078658103942871e-01 5.490196347236633301e-01 5.568627715110778809e-01
5.490196347236633301e-01 5.568627715110778809e-01 4.823529422283172607e-01 5.568627715110778809e-01
4.823529422283172607e-01 5.568627715110778809e-01 4.823529422283172607e-01 4.039215743541717529e-01
4.823529422283172607e-01 4.039215743541717529e-01 4.823529422283172607e-01 3.019607961177825928e-01
4.823529422283172607e-01 3.019607961177825928e-01 4.823529422283172607e-01 1.333333402872085571e-01
4.823529422283172607e-01 1.333333402872085571e-01 4.823529422283172607e-01 1.333333402872085571e-01
6.627451181411743164e-01 4.039215743541717529e-01 6.627451181411743164e-01 3.019607961177825928e-01
6.627451181411743164e-01 3.019607961177825928e-01 5.490196347236633301e-01 3.019607961177825928e-01
5.490196347236633301e-01 3.019607961177825928e-01 4.823529422283172607e-01 3.019607961177825928e-01
4.823529422283172607e-01 3.019607961177825928e-01 4.823529422283172607e-01 4.039215743541717529e-01
4.823529422283172607e-01 4.039215743541717529e-01 5.490196347236633301e-01 4.039215743541717529e-01
5.490196347236633301e-01 4.039215743541717529e-01 6.627451181411743164e-01 4.039215743541717529e-01
6.627451181411743164e-01 4.039215743541717529e-01 6.627451181411743164e-01 4.039215743541717529e-01
4.823529422283172607e-01 5.568627715110778809e-01 5.490196347236633301e-01 5.568627715110778809e-01
5.490196347236633301e-01 5.568627715110778809e-01 6.627451181411743164e-01 5.568627715110778809e-01
6.627451181411743164e-01 5.568627715110778809e-01 6.627451181411743164e-01 4.039215743541717529e-01
6.627451181411743164e-01 4.039215743541717529e-01 5.490196347236633301e-01 4.039215743541717529e-01
5.490196347236633301e-01 4.039215743541717529e-01 4.823529422283172607e-01 4.039215743541717529e-01
4.823529422283172607e-01 4.039215743541717529e-01 4.823529422283172607e-01 5.568627715110778809e-01
4.823529422283172607e-01 5.568627715110778809e-01 4.823529422283172607e-01 5.568627715110778809e-01
