4.823529422283172607e-01 2.823529541492462158e-01 4.352941215038299561e-01 2.823529541492462158e-01
4.352941215038299561e-01 2.823529541492462158e-01 4.352941215038299561e-01 3.215686380863189697e-01
4.352941215038299561e-01 3.215686380863189697e-01 4.823529422283172607e-01 3.215686380863189697e-01
4.823529422283172607e-01 3.215686380863189697e-01 4.823529422283172607e-01 3.764705955982208252e-01
4.823529422283172607e-01 3.764705955982208252e-01 5.803921818733215332e-01 3.764705955982208252e-01
5.803921818733215332e-01 3.764705955982208252e-01 5.803921818733215332e-01 3.215686380863189697e-01
5.803921818733215332e-01 3.215686380863189697e-01 5.803921818733215332e-01 2.823529541492462158e-01
5.803921818733215332e-01 2.823529541492462158e-01 4.823529422283172607e-01 2.823529541492462158e-01
4.823529422283172607e-01 2.823529541492462158e-01 4.823529422283172607e-01 2.823529541492462158e-01
6.862745285034179688e-01 3.215686380863189697e-01 7.843137383460998535e-01 3.215686380863189697e-01
7.843137383460998535e-01 3.215686380863189697e-01 7.843137383460998535e-01 1.764705926179885864e-01
7.843137383460998535e-01 1.764705926179885864e-01 6.862745285034179688e-01 1.764705926179885864e-01
6.862745285034179688e-01 1.764705926179885864e-01 6.862745285034179688e-01 3.215686380863189697e-01
6.862745285034179688e-01 3.215686380863189697e-01 6.862745285034179688e-01 3.215686380863189697e-01
5.803921818733215332e-01 3.764705955982208252e-01 4.823529422283172607e-01 3.764705955982208252e-01
4.823529422283172607e-01 3.764705955982208252e-01 4.823529422283172607e-01 4.509803950786590576e-01
4.823529422283172607e-01 4.509803950786590576e-01 5.803921818733215332e-01 4.509803950786590576e-01
5.803921818733215332e-01 4.509803950786590576e-01 5.803921818733215332e-01 3.764705955982208252e-01
5.803921818733215332e-01 3.764705955982208252e-01 5.803921818733215332e-01 3.764705955982208252e-01
4.352941215038299561e-01 2.823529541492462158e-01 4.823529422283172607e-01 2.823529541492462158e-01
4.823529422283172607e-01 2.823529541492462158e-01 5.803921818733215332e-01 2.823529541492462158e-01
5.803921818733215332e-01 2.823529541492462158e-01 5.803921818733215332e-01 3.215686380863189697e-01
5.803921818733215332e-01 3.215686380863189697e-01 6.862745285034179688e-01 3.215686380863189697e-01
6.862745285034179688e-01 3.215686380863189697e-01 6.862745285034179688e-01 1.764705926179885864e-01
6.862745285034179688e-01 1.764705926179885864e-01 4.352941215038299561e-01 1.764705926179885864e-01
4.352941215038299561e-01 1.764705926179885864e-01 4.352941215038299561e-01 2.823529541492462158e-01
4.352941215038299561e-01 2.823529541492462158e-01 4.352941215038299561e-01 2.823529541492462158e-01
2.156862765550613403e-01 7.411764860153198242e-01 3.450980484485626221e-01 7.411764860153198242e-01
3.450980484485626221e-01 7.411764860153198242e-01 4.078431427478790283e-01 7.411764860153198242e-01
4.078431427478790283e-01 7.411764860153198242e-01 4.078431427478790283e-01 5.176470875740051270e-01
4.078431427478790283e-01 5.176470875740051270e-01 3.450980484485626221e-01 5.176470875740051270e-01
3.450980484485626221e-01 5.176470875740051270e-01 2.156862765550613403e-01 5.176470875740051270e-01
2.156862765550613403e-01 5.176470875740051270e-01 2.156862765550613403e-01 7.411764860153198242e-01
2.156862765550613403e-01 7.411764860153198242e-01 2.156862765550613403e-01 7.411764860153198242e-01
4.078431427478790283e-01 7.411764860153198242e-01 5.803921818733215332e-01 7.411764860153198242e-01
5.803921818733215332e-01 7.411764860153198242e-01 5.803921818733215332e-01 5.176470875740051270e-01
5.803921818733215332e-01 5.176470875740051270e-01 4.823529422283172607e-01 5.176470875740051270e-01
4.823529422283172607e-01 5.176470875740051270e-01 4.078431427478790283e-01 5.176470875740051270e-01
4.078431427478790283e-01 5.176470875740051270e-01 4.078431427478790283e-01 7.411764860153198242e-01
4.078431427478790283e-01 7.411764860153198242e-01 4.078431427478790283e-01 7.411764860153198242e-01
5.803921818733215332e-01 3.215686380863189697e-01 5.803921818733215332e-01 3.764705955982208252e-01
5.803921818733215332e-01 3.764705955982208252e-01 5.803921818733215332e-01 4.509803950786590576e-01
5.803921818733215332e-01 4.509803950786590576e-01 4.823529422283172607e-01 4.509803950786590576e-01
4.823529422283172607e-01 4.509803950786590576e-01 4.823529422283172607e-01 5.176470875740051270e-01
4.823529422283172607e-01 5.176470875740051270e-01 5.803921818733215332e-01 5.176470875740051270e-01
5.803921818733215332e-01 5.176470875740051270e-01 5.803921818733215332e-01 7.411764860153198242e-01
5.803921818733215332e-01 7.411764860153198242e-01 7.843137383460998535e-01 7.411764860153198242e-01
7.843137383460998535e-01 7.411764860153198242e-01 7.843137383460998535e-01 3.215686380863189697e-01
7.843137383460998535e-01 3.215686380863189697e-01 6.862745285034179688e-01 3.215686380863189697e-01
6.862745285034179688e-01 3.215686380863189697e-01 5.803921818733215332e-01 3.215686380863189697e-01
5.803921818733215332e-01 3.215686380863189697e-01 5.803921818733215332e-01 3.215686380863189697e-01
7.843137383460998535e-01 7.411764860153198242e-01 5.803921818733215332e-01 7.411764860153198242e-01
5.803921818733215332e-01 7.411764860153198242e-01 5.803921818733215332e-01 8.313725590705871582e-01
5.803921818733215332e-01 8.313725590705871582e-01 7.843137383460998535e-01 8.313725590705871582e-01
7.843137383460998535e-01 8.313725590705871582e-01 7.843137383460998535e-01 7.411764860153198242e-01
7.843137383460998535e-01 7.411764860153198242e-01 7.843137383460998535e-01 7.411764860153198242e-01
4.823529422283172607e-01 3.764705955982208252e-01 4.823529422283172607e-01 3.215686380863189697e-01
4.823529422283172607e-01 3.215686380863189697e-01 4.352941215038299561e-01 3.215686380863189697e-01
4.352941215038299561e-01 3.215686380863189697e-01 3.450980484485626221e-01 3.215686380863189697e-01
3.450980484485626221e-01 3.215686380863189697e-01 2.156862765550613403e-01 3.215686380863189697e-01
2.156862765550613403e-01 3.215686380863189697e-01 2.156862765550613403e-01 5.176470875740051270e-01
2.156862765550613403e-01 5.176470875740051270e-01 3.450980484485626221e-01 5.176470875740051270e-01
3.450980484485626221e-01 5.176470875740051270e-01 4.078431427478790283e-01 5.176470875740051270e-01
4.078431427478790283e-01 5.176470875740051270e-01 4.823529422283172607e-01 5.176470875740051270e-01
4.823529422283172607e-01 5.176470875740051270e-01 4.823529422283172607e-01 4.509803950786590576e-01
4.823529422283172607e-01 4.509803950786590576e-01 4.823529422283172607e-01 3.764705955982208252e-01
4.823529422283172607e-01 3.764705955982208252e-01 4.823529422283172607e-01 3.764705955982208252e-01
