5.529412031173706055e-01 5.803921818733215332e-01 4.784313738346099854e-01 5.803921818733215332e-01
4.784313738346099854e-01 5.803921818733215332e-01 4.784313738346099854e-01 3.490196168422698975e-01
4.784313738346099854e-01 3.490196168422698975e-01 3.019607961177825928e-01 3.490196168422698975e-01
3.019607961177825928e-01 3.490196168422698975e-01 3.019607961177825928e-01 7.019608020782470703e-01
3.019607961177825928e-01 7.019608020782470703e-01 5.529412031173706055e-01 7.019608020782470703e-01
5.529412031173706055e-01 7.019608020782470703e-01 5.529412031173706055e-01 5.803921818733215332e-01
5.529412031173706055e-01 5.803921818733215332e-01 5.529412031173706055e-01 5.803921818733215332e-01
4.784313738346099854e-01 5.803921818733215332e-01 5.529412031173706055e-01 5.803921818733215332e-01
5.529412031173706055e-01 5.803921818733215332e-01 6.549019813537597656e-01 5.803921818733215332e-01
6.549019813537597656e-01 5.803921818733215332e-01 6.549019813537597656e-01 3.019607961177825928e-01
6.549019813537597656e-01 3.019607961177825928e-01 4.784313738346099854e-01 3.019607961177825928e-01
4.784313738346099854e-01 3.019607961177825928e-01 4.784313738346099854e-01 3.490196168422698975e-01
4.784313738346099854e-01 3.490196168422698975e-01 4.784313738346099854e-01 5.803921818733215332e-01
4.784313738346099854e-01 5.803921818733215332e-01 4.784313738346099854e-01 5.803921818733215332e-01
6.549019813537597656e-01 5.803921818733215332e-01 5.529412031173706055e-01 5.803921818733215332e-01
5.529412031173706055e-01 5.803921818733215332e-01 5.529412031173706055e-01 7.019608020782470703e-01
5.529412031173706055e-01 7.019608020782470703e-01 7.019608020782470703e-01 7.019608020782470703e-01
7.019608020782470703e-01 7.019608020782470703e-01 7.019608020782470703e-01 5.803921818733215332e-01
7.019608020782470703e-01 5.803921818733215332e-01 6.549019813537597656e-01 5.803921818733215332e-01
6.549019813537597656e-01 5.803921818733215332e-01 6.549019813537597656e-01 5.803921818733215332e-01
