5.960784554481506348e-01 5.803921818733215332e-01 7.450980544090270996e-01 5.803921818733215332e-01
7.450980544090270996e-01 5.803921818733215332e-01 7.450980544090270996e-01 4.666666686534881592e-01
7.450980544090270996e-01 4.666666686534881592e-01 5.960784554481506348e-01 4.666666686534881592e-01
5.960784554481506348e-01 4.666666686534881592e-01 5.960784554481506348e-01 5.803921818733215332e-01
5.960784554481506348e-01 5.803921818733215332e-01 5.960784554481506348e-01 5.803921818733215332e-01
3.450980484485626221e-01 2.627451121807098389e-01 5.294117927551269531e-01 2.627451121807098389e-01
5.294117927551269531e-01 2.627451121807098389e-01 5.294117927551269531e-01 9.803921729326248169e-02
5.294117927551269531e-01 9.803921729326248169e-02 3.450980484485626221e-01 9.803921729326248169e-02
3.450980484485626221e-01 9.803921729326248169e-02 3.450980484485626221e-01 2.627451121807098389e-01
3.450980484485626221e-01 2.627451121807098389e-01 3.450980484485626221e-01 2.627451121807098389e-01
5.960784554481506348e-01 5.803921818733215332e-01 5.294117927551269531e-01 5.803921818733215332e-01
5.294117927551269531e-01 5.803921818733215332e-01 5.294117927551269531e-01 8.196078538894653320e-01
5.294117927551269531e-01 8.196078538894653320e-01 5.960784554481506348e-01 8.196078538894653320e-01
5.960784554481506348e-01 8.196078538894653320e-01 7.450980544090270996e-01 8.196078538894653320e-01
7.450980544090270996e-01 8.196078538894653320e-01 7.450980544090270996e-01 5.803921818733215332e-01
7.450980544090270996e-01 5.803921818733215332e-01 5.960784554481506348e-01 5.803921818733215332e-01
5.960784554481506348e-01 5.803921818733215332e-01 5.960784554481506348e-01 5.803921818733215332e-01
7.450980544090270996e-01 4.666666686534881592e-01 7.450980544090270996e-01 2.627451121807098389e-01
7.450980544090270996e-01 2.627451121807098389e-01 5.960784554481506348e-01 2.627451121807098389e-01
5.960784554481506348e-01 2.627451121807098389e-01 5.294117927551269531e-01 2.627451121807098389e-01
5.294117927551269531e-01 2.627451121807098389e-01 5.294117927551269531e-01 4.666666686534881592e-01
5.294117927551269531e-01 4.666666686534881592e-01 5.960784554481506348e-01 4.666666686534881592e-01
5.960784554481506348e-01 4.666666686534881592e-01 7.450980544090270996e-01 4.666666686534881592e-01
7.450980544090270996e-01 4.666666686534881592e-01 7.450980544090270996e-01 4.666666686534881592e-01
5.294117927551269531e-01 5.803921818733215332e-01 5.960784554481506348e-01 5.803921818733215332e-01
5.960784554481506348e-01 5.803921818733215332e-01 5.960784554481506348e-01 4.666666686534881592e-01
5.960784554481506348e-01 4.666666686534881592e-01 5.294117927551269531e-01 4.666666686534881592e-01
5.294117927551269531e-01 4.666666686534881592e-01 5.294117927551269531e-01 2.627451121807098389e-01
5.294117927551269531e-01 2.627451121807098389e-01 3.450980484485626221e-01 2.627451121807098389e-01
3.450980484485626221e-01 2.627451121807098389e-01 2.549019753932952881e-01 2.627451121807098389e-01
2.549019753932952881e-01 2.627451121807098389e-01 2.549019753932952881e-01 8.196078538894653320e-01
2.549019753932952881e-01 8.196078538894653320e-01 5.294117927551269531e-01 8.196078538894653320e-01
5.294117927551269531e-01 8.196078538894653320e-01 5.294117927551269531e-01 5.803921818733215332e-01
5.294117927551269531e-01 5.803921818733215332e-01 5.294117927551269531e-01 5.803921818733215332e-01
5.294117927551269531e-01 8.196078538894653320e-01 2.549019753932952881e-01 8.196078538894653320e-01
2.549019753932952881e-01 8.196078538894653320e-01 2.549019753932952881e-01 9.019607901573181152e-01
2.549019753932952881e-01 9.019607901573181152e-01 5.294117927551269531e-01 9.019607901573181152e-01
5.294117927551269531e-01 9.019607901573181152e-01 5.294117927551269531e-01 8.196078538894653320e-01
5.294117927551269531e-01 8.196078538894653320e-01 5.294117927551269531e-01 8.196078538894653320e-01
