3.215686380863189697e-01 5.254902243614196777e-01 9.411764889955520630e-02 5.254902243614196777e-01
9.411764889955520630e-02 5.254902243614196777e-01 9.411764889955520630e-02 7.490196228027343750e-01
9.411764889955520630e-02 7.490196228027343750e-01 3.215686380863189697e-01 7.490196228027343750e-01
3.215686380863189697e-01 7.490196228027343750e-01 3.215686380863189697e-01 5.254902243614196777e-01
3.215686380863189697e-01 5.254902243614196777e-01 3.215686380863189697e-01 5.254902243614196777e-01
3.215686380863189697e-01 5.254902243614196777e-01 6.549019813537597656e-01 5.254902243614196777e-01
6.549019813537597656e-01 5.254902243614196777e-01 6.549019813537597656e-01 3.019607961177825928e-01
6.549019813537597656e-01 3.019607961177825928e-01 6.549019813537597656e-01 2.431372553110122681e-01
6.549019813537597656e-01 2.431372553110122681e-01 3.215686380863189697e-01 2.431372553110122681e-01
3.215686380863189697e-01 2.431372553110122681e-01 3.215686380863189697e-01 5.254902243614196777e-01
3.215686380863189697e-01 5.254902243614196777e-01 3.215686380863189697e-01 5.254902243614196777e-01
6.549019813537597656e-01 5.254902243614196777e-01 3.215686380863189697e-01 5.254902243614196777e-01
3.215686380863189697e-01 5.254902243614196777e-01 3.215686380863189697e-01 7.490196228027343750e-01
3.215686380863189697e-01 7.490196228027343750e-01 6.549019813537597656e-01 7.490196228027343750e-01
6.549019813537597656e-01 7.490196228027343750e-01 6.549019813537597656e-01 5.254902243614196777e-01
6.549019813537597656e-01 5.254902243614196777e-01 6.549019813537597656e-01 5.254902243614196777e-01
6.549019813537597656e-01 7.490196228027343750e-01 9.058823585510253906e-01 7.490196228027343750e-01
9.058823585510253906e-01 7.490196228027343750e-01 9.058823585510253906e-01 3.019607961177825928e-01
9.058823585510253906e-01 3.019607961177825928e-01 6.549019813537597656e-01 3.019607961177825928e-01
6.549019813537597656e-01 3.019607961177825928e-01 6.549019813537597656e-01 5.254902243614196777e-01
6.549019813537597656e-01 5.254902243614196777e-01 6.549019813537597656e-01 7.490196228027343750e-01
6.549019813537597656e-01 7.490196228027343750e-01 6.549019813537597656e-01 7.490196228027343750e-01
