4.117647111415863037e-01 4.156862795352935791e-01 2.862745225429534912e-01 4.156862795352935791e-01
2.862745225429534912e-01 4.156862795352935791e-01 2.862745225429534912e-01 5.019608139991760254e-01
2.862745225429534912e-01 5.019608139991760254e-01 2.862745225429534912e-01 5.450980663299560547e-01
2.862745225429534912e-01 5.450980663299560547e-01 4.117647111415863037e-01 5.450980663299560547e-01
4.117647111415863037e-01 5.450980663299560547e-01 4.117647111415863037e-01 5.019608139991760254e-01
4.117647111415863037e-01 5.019608139991760254e-01 4.117647111415863037e-01 4.156862795352935791e-01
4.117647111415863037e-01 4.156862795352935791e-01 4.117647111415863037e-01 4.156862795352935791e-01
4.117647111415863037e-01 5.450980663299560547e-01 2.862745225429534912e-01 5.450980663299560547e-01
2.862745225429534912e-01 5.450980663299560547e-01 2.862745225429534912e-01 7.686274647712707520e-01
2.862745225429534912e-01 7.686274647712707520e-01 4.117647111415863037e-01 7.686274647712707520e-01
4.117647111415863037e-01 7.686274647712707520e-01 4.941176474094390869e-01 7.686274647712707520e-01
4.941176474094390869e-01 7.686274647712707520e-01 4.941176474094390869e-01 5.019608139991760254e-01
4.941176474094390869e-01 5.019608139991760254e-01 4.117647111415863037e-01 5.019608139991760254e-01
4.117647111415863037e-01 5.019608139991760254e-01 4.117647111415863037e-01 5.450980663299560547e-01
4.117647111415863037e-01 5.450980663299560547e-01 4.117647111415863037e-01 5.450980663299560547e-01
2.862745225429534912e-01 4.156862795352935791e-01 4.117647111415863037e-01 4.156862795352935791e-01
4.117647111415863037e-01 4.156862795352935791e-01 4.627451002597808838e-01 4.156862795352935791e-01
4.627451002597808838e-01 4.156862795352935791e-01 4.627451002597808838e-01 2.156862765550613403e-01
4.627451002597808838e-01 2.156862765550613403e-01 2.862745225429534912e-01 2.156862765550613403e-01
2.862745225429534912e-01 2.156862765550613403e-01 2.862745225429534912e-01 4.156862795352935791e-01
2.862745225429534912e-01 4.156862795352935791e-01 2.862745225429534912e-01 4.156862795352935791e-01
4.627451002597808838e-01 4.156862795352935791e-01 4.117647111415863037e-01 4.156862795352935791e-01
4.117647111415863037e-01 4.156862795352935791e-01 4.117647111415863037e-01 5.019608139991760254e-01
4.117647111415863037e-01 5.019608139991760254e-01 4.941176474094390869e-01 5.019608139991760254e-01
4.941176474094390869e-01 5.019608139991760254e-01 4.941176474094390869e-01 7.686274647712707520e-01
4.941176474094390869e-01 7.686274647712707520e-01 4.117647111415863037e-01 7.686274647712707520e-01
4.117647111415863037e-01 7.686274647712707520e-01 4.117647111415863037e-01 8.588235378265380859e-01
4.117647111415863037e-01 8.588235378265380859e-01 7.137255072593688965e-01 8.588235378265380859e-01
7.137255072593688965e-01 8.588235378265380859e-01 7.137255072593688965e-01 4.156862795352935791e-01
7.137255072593688965e-01 4.156862795352935791e-01 6.117647290229797363e-01 4.156862795352935791e-01
6.117647290229797363e-01 4.156862795352935791e-01 4.627451002597808838e-01 4.156862795352935791e-01
4.627451002597808838e-01 4.156862795352935791e-01 4.627451002597808838e-01 4.156862795352935791e-01
6.117647290229797363e-01 4.156862795352935791e-01 7.137255072593688965e-01 4.156862795352935791e-01
7.137255072593688965e-01 4.156862795352935791e-01 7.137255072593688965e-01 1.450980454683303833e-01
7.137255072593688965e-01 1.450980454683303833e-01 6.117647290229797363e-01 1.450980454683303833e-01
6.117647290229797363e-01 1.450980454683303833e-01 6.117647290229797363e-01 2.156862765550613403e-01
6.117647290229797363e-01 2.156862765550613403e-01 6.117647290229797363e-01 4.156862795352935791e-01
6.117647290229797363e-01 4.156862795352935791e-01 6.117647290229797363e-01 4.156862795352935791e-01
4.627451002597808838e-01 4.156862795352935791e-01 6.117647290229797363e-01 4.156862795352935791e-01
6.117647290229797363e-01 4.156862795352935791e-01 6.117647290229797363e-01 2.156862765550613403e-01
6.117647290229797363e-01 2.156862765550613403e-01 4.627451002597808838e-01 2.156862765550613403e-01
4.627451002597808838e-01 2.156862765550613403e-01 4.627451002597808838e-01 4.156862795352935791e-01
4.627451002597808838e-01 4.156862795352935791e-01 4.627451002597808838e-01 4.156862795352935791e-01
