4.431372582912445068e-01 2.509804069995880127e-01 3.176470696926116943e-01 2.509804069995880127e-01
3.176470696926116943e-01 2.509804069995880127e-01 3.176470696926116943e-01 4.039215743541717529e-01
3.176470696926116943e-01 4.039215743541717529e-01 4.431372582912445068e-01 4.039215743541717529e-01
4.431372582912445068e-01 4.039215743541717529e-01 4.431372582912445068e-01 3.450980484485626221e-01
4.431372582912445068e-01 3.450980484485626221e-01 4.431372582912445068e-01 2.509804069995880127e-01
4.431372582912445068e-01 2.509804069995880127e-01 4.431372582912445068e-01 2.509804069995880127e-01
7.098039388656616211e-01 5.098039507865905762e-01 5.098039507865905762e-01 5.098039507865905762e-01
5.098039507865905762e-01 5.098039507865905762e-01 5.098039507865905762e-01 7.490196228027343750e-01
5.098039507865905762e-01 7.490196228027343750e-01 7.647058963775634766e-01 7.490196228027343750e-01
7.647058963775634766e-01 7.490196228027343750e-01 7.647058963775634766e-01 5.098039507865905762e-01
7.647058963775634766e-01 5.098039507865905762e-01 7.098039388656616211e-01 5.098039507865905762e-01
7.098039388656616211e-01 5.098039507865905762e-01 7.098039388656616211e-01 5.098039507865905762e-01
5.098039507865905762e-01 5.098039507865905762e-01 7.098039388656616211e-01 5.098039507865905762e-01
7.098039388656616211e-01 5.098039507865905762e-01 7.098039388656616211e-01 3.450980484485626221e-01
7.098039388656616211e-01 3.450980484485626221e-01 5.098039507865905762e-01 3.450980484485626221e-01
5.098039507865905762e-01 3.450980484485626221e-01 5.098039507865905762e-01 5.098039507865905762e-01
5.098039507865905762e-01 5.098039507865905762e-01 5.098039507865905762e-01 5.098039507865905762e-01
7.098039388656616211e-01 5.098039507865905762e-01 7.647058963775634766e-01 5.098039507865905762e-01
7.647058963775634766e-01 5.098039507865905762e-01 7.647058963775634766e-01 3.450980484485626221e-01
7.647058963775634766e-01 3.450980484485626221e-01 7.098039388656616211e-01 3.450980484485626221e-01
7.098039388656616211e-01 3.450980484485626221e-01 7.098039388656616211e-01 5.098039507865905762e-01
7.098039388656616211e-01 5.098039507865905762e-01 7.098039388656616211e-01 5.098039507865905762e-01
3.176470696926116943e-01 2.509804069995880127e-01 2.392156869173049927e-01 2.509804069995880127e-01
2.392156869173049927e-01 2.509804069995880127e-01 2.392156869173049927e-01 7.490196228027343750e-01
2.392156869173049927e-01 7.490196228027343750e-01 5.098039507865905762e-01 7.490196228027343750e-01
5.098039507865905762e-01 7.490196228027343750e-01 5.098039507865905762e-01 5.098039507865905762e-01
5.098039507865905762e-01 5.098039507865905762e-01 5.098039507865905762e-01 3.450980484485626221e-01
5.098039507865905762e-01 3.450980484485626221e-01 4.431372582912445068e-01 3.450980484485626221e-01
4.431372582912445068e-01 3.450980484485626221e-01 4.431372582912445068e-01 4.039215743541717529e-01
4.431372582912445068e-01 4.039215743541717529e-01 3.176470696926116943e-01 4.039215743541717529e-01
3.176470696926116943e-01 4.039215743541717529e-01 3.176470696926116943e-01 2.509804069995880127e-01
3.176470696926116943e-01 2.509804069995880127e-01 3.176470696926116943e-01 2.509804069995880127e-01
5.098039507865905762e-01 2.509804069995880127e-01 4.431372582912445068e-01 2.509804069995880127e-01
4.431372582912445068e-01 2.509804069995880127e-01 4.431372582912445068e-01 3.450980484485626221e-01
4.431372582912445068e-01 3.450980484485626221e-01 5.098039507865905762e-01 3.450980484485626221e-01
5.098039507865905762e-01 3.450980484485626221e-01 7.098039388656616211e-01 3.450980484485626221e-01
7.098039388656616211e-01 3.450980484485626221e-01 7.098039388656616211e-01 2.509804069995880127e-01
7.098039388656616211e-01 2.509804069995880127e-01 5.098039507865905762e-01 2.509804069995880127e-01
5.098039507865905762e-01 2.509804069995880127e-01 5.098039507865905762e-01 2.509804069995880127e-01
