3.098039329051971436e-01 4.196078479290008545e-01 1.607843190431594849e-01 4.196078479290008545e-01
1.607843190431594849e-01 4.196078479290008545e-01 1.607843190431594849e-01 4.901960790157318115e-01
1.607843190431594849e-01 4.901960790157318115e-01 1.607843190431594849e-01 5.490196347236633301e-01
1.607843190431594849e-01 5.490196347236633301e-01 3.098039329051971436e-01 5.490196347236633301e-01
3.098039329051971436e-01 5.490196347236633301e-01 3.098039329051971436e-01 4.901960790157318115e-01
3.098039329051971436e-01 4.901960790157318115e-01 3.098039329051971436e-01 4.196078479290008545e-01
3.098039329051971436e-01 4.196078479290008545e-01 3.098039329051971436e-01 4.196078479290008545e-01
3.098039329051971436e-01 1.725490242242813110e-01 3.098039329051971436e-01 2.823529541492462158e-01
3.098039329051971436e-01 2.823529541492462158e-01 3.450980484485626221e-01 2.823529541492462158e-01
3.450980484485626221e-01 2.823529541492462158e-01 3.450980484485626221e-01 3.411764800548553467e-01
3.450980484485626221e-01 3.411764800548553467e-01 4.470588266849517822e-01 3.411764800548553467e-01
4.470588266849517822e-01 3.411764800548553467e-01 4.470588266849517822e-01 2.823529541492462158e-01
4.470588266849517822e-01 2.823529541492462158e-01 4.470588266849517822e-01 1.725490242242813110e-01
4.470588266849517822e-01 1.725490242242813110e-01 3.450980484485626221e-01 1.725490242242813110e-01
3.450980484485626221e-01 1.725490242242813110e-01 3.098039329051971436e-01 1.725490242242813110e-01
3.098039329051971436e-01 1.725490242242813110e-01 3.098039329051971436e-01 1.725490242242813110e-01
6.588235497474670410e-01 1.725490242242813110e-01 4.470588266849517822e-01 1.725490242242813110e-01
4.470588266849517822e-01 1.725490242242813110e-01 4.470588266849517822e-01 2.823529541492462158e-01
4.470588266849517822e-01 2.823529541492462158e-01 6.588235497474670410e-01 2.823529541492462158e-01
6.588235497474670410e-01 2.823529541492462158e-01 6.588235497474670410e-01 1.725490242242813110e-01
6.588235497474670410e-01 1.725490242242813110e-01 6.588235497474670410e-01 1.725490242242813110e-01
3.098039329051971436e-01 5.490196347236633301e-01 1.607843190431594849e-01 5.490196347236633301e-01
1.607843190431594849e-01 5.490196347236633301e-01 1.607843190431594849e-01 8.274509906768798828e-01
1.607843190431594849e-01 8.274509906768798828e-01 3.098039329051971436e-01 8.274509906768798828e-01
3.098039329051971436e-01 8.274509906768798828e-01 3.764705955982208252e-01 8.274509906768798828e-01
3.764705955982208252e-01 8.274509906768798828e-01 3.764705955982208252e-01 4.901960790157318115e-01
3.764705955982208252e-01 4.901960790157318115e-01 3.098039329051971436e-01 4.901960790157318115e-01
3.098039329051971436e-01 4.901960790157318115e-01 3.098039329051971436e-01 5.490196347236633301e-01
3.098039329051971436e-01 5.490196347236633301e-01 3.098039329051971436e-01 5.490196347236633301e-01
1.607843190431594849e-01 4.196078479290008545e-01 3.098039329051971436e-01 4.196078479290008545e-01
3.098039329051971436e-01 4.196078479290008545e-01 3.098039329051971436e-01 3.411764800548553467e-01
3.098039329051971436e-01 3.411764800548553467e-01 3.450980484485626221e-01 3.411764800548553467e-01
3.450980484485626221e-01 3.411764800548553467e-01 3.450980484485626221e-01 2.823529541492462158e-01
3.450980484485626221e-01 2.823529541492462158e-01 3.098039329051971436e-01 2.823529541492462158e-01
3.098039329051971436e-01 2.823529541492462158e-01 3.098039329051971436e-01 1.725490242242813110e-01
3.098039329051971436e-01 1.725490242242813110e-01 1.607843190431594849e-01 1.725490242242813110e-01
1.607843190431594849e-01 1.725490242242813110e-01 1.607843190431594849e-01 4.196078479290008545e-01
1.607843190431594849e-01 4.196078479290008545e-01 1.607843190431594849e-01 4.196078479290008545e-01
3.098039329051971436e-01 3.411764800548553467e-01 3.098039329051971436e-01 4.196078479290008545e-01
3.098039329051971436e-01 4.196078479290008545e-01 3.098039329051971436e-01 4.901960790157318115e-01
3.098039329051971436e-01 4.901960790157318115e-01 3.764705955982208252e-01 4.901960790157318115e-01
3.764705955982208252e-01 4.901960790157318115e-01 3.764705955982208252e-01 8.274509906768798828e-01
3.764705955982208252e-01 8.274509906768798828e-01 6.627451181411743164e-01 8.274509906768798828e-01
6.627451181411743164e-01 8.274509906768798828e-01 6.627451181411743164e-01 7.333333492279052734e-01
6.627451181411743164e-01 7.333333492279052734e-01 6.627451181411743164e-01 5.058823823928833008e-01
6.627451181411743164e-01 5.058823823928833008e-01 7.764706015586853027e-01 5.058823823928833008e-01
7.764706015586853027e-01 5.058823823928833008e-01 7.764706015586853027e-01 2.823529541492462158e-01
7.764706015586853027e-01 2.823529541492462158e-01 6.588235497474670410e-01 2.823529541492462158e-01
6.588235497474670410e-01 2.823529541492462158e-01 4.470588266849517822e-01 2.823529541492462158e-01
4.470588266849517822e-01 2.823529541492462158e-01 4.470588266849517822e-01 3.411764800548553467e-01
4.470588266849517822e-01 3.411764800548553467e-01 3.450980484485626221e-01 3.411764800548553467e-01
3.450980484485626221e-01 3.411764800548553467e-01 3.098039329051971436e-01 3.411764800548553467e-01
3.098039329051971436e-01 3.411764800548553467e-01 3.098039329051971436e-01 3.411764800548553467e-01
6.627451181411743164e-01 8.274509906768798828e-01 7.764706015586853027e-01 8.274509906768798828e-01
7.764706015586853027e-01 8.274509906768798828e-01 8.431372642517089844e-01 8.274509906768798828e-01
8.431372642517089844e-01 8.274509906768798828e-01 8.431372642517089844e-01 7.333333492279052734e-01
8.431372642517089844e-01 7.333333492279052734e-01 7.764706015586853027e-01 7.333333492279052734e-01
7.764706015586853027e-01 7.333333492279052734e-01 6.627451181411743164e-01 7.333333492279052734e-01
6.627451181411743164e-01 7.333333492279052734e-01 6.627451181411743164e-01 8.274509906768798828e-01
6.627451181411743164e-01 8.274509906768798828e-01 6.627451181411743164e-01 8.274509906768798828e-01
7.764706015586853027e-01 7.333333492279052734e-01 8.431372642517089844e-01 7.333333492279052734e-01
8.431372642517089844e-01 7.333333492279052734e-01 8.431372642517089844e-01 5.058823823928833008e-01
8.431372642517089844e-01 5.058823823928833008e-01 7.764706015586853027e-01 5.058823823928833008e-01
7.764706015586853027e-01 5.058823823928833008e-01 6.627451181411743164e-01 5.058823823928833008e-01
6.627451181411743164e-01 5.058823823928833008e-01 6.627451181411743164e-01 7.333333492279052734e-01
6.627451181411743164e-01 7.333333492279052734e-01 7.764706015586853027e-01 7.333333492279052734e-01
7.764706015586853027e-01 7.333333492279052734e-01 7.764706015586853027e-01 7.333333492279052734e-01
