5.215686559677124023e-01 1.921568661928176880e-01 4.470588266849517822e-01 1.921568661928176880e-01
4.470588266849517822e-01 1.921568661928176880e-01 4.470588266849517822e-01 3.137255012989044189e-01
4.470588266849517822e-01 3.137255012989044189e-01 5.215686559677124023e-01 3.137255012989044189e-01
5.215686559677124023e-01 3.137255012989044189e-01 5.607843399047851562e-01 3.137255012989044189e-01
5.607843399047851562e-01 3.137255012989044189e-01 5.607843399047851562e-01 1.921568661928176880e-01
5.607843399047851562e-01 1.921568661928176880e-01 5.215686559677124023e-01 1.921568661928176880e-01
5.215686559677124023e-01 1.921568661928176880e-01 5.215686559677124023e-01 1.921568661928176880e-01
6.078431606292724609e-01 3.725490272045135498e-01 5.215686559677124023e-01 3.725490272045135498e-01
5.215686559677124023e-01 3.725490272045135498e-01 5.215686559677124023e-01 4.745098054409027100e-01
5.215686559677124023e-01 4.745098054409027100e-01 6.078431606292724609e-01 4.745098054409027100e-01
6.078431606292724609e-01 4.745098054409027100e-01 6.078431606292724609e-01 3.725490272045135498e-01
6.078431606292724609e-01 3.725490272045135498e-01 6.078431606292724609e-01 3.725490272045135498e-01
7.333333492279052734e-01 3.725490272045135498e-01 6.078431606292724609e-01 3.725490272045135498e-01
6.078431606292724609e-01 3.725490272045135498e-01 6.078431606292724609e-01 4.745098054409027100e-01
6.078431606292724609e-01 4.745098054409027100e-01 7.333333492279052734e-01 4.745098054409027100e-01
7.333333492279052734e-01 4.745098054409027100e-01 7.333333492279052734e-01 3.725490272045135498e-01
7.333333492279052734e-01 3.725490272045135498e-01 7.333333492279052734e-01 3.725490272045135498e-01
2.509804069995880127e-01 8.117647171020507812e-01 4.117647111415863037e-01 8.117647171020507812e-01
4.117647111415863037e-01 8.117647171020507812e-01 4.117647111415863037e-01 6.941176652908325195e-01
4.117647111415863037e-01 6.941176652908325195e-01 2.509804069995880127e-01 6.941176652908325195e-01
2.509804069995880127e-01 6.941176652908325195e-01 1.843137294054031372e-01 6.941176652908325195e-01
1.843137294054031372e-01 6.941176652908325195e-01 1.843137294054031372e-01 8.117647171020507812e-01
1.843137294054031372e-01 8.117647171020507812e-01 2.509804069995880127e-01 8.117647171020507812e-01
2.509804069995880127e-01 8.117647171020507812e-01 2.509804069995880127e-01 8.117647171020507812e-01
8.196078538894653320e-01 1.921568661928176880e-01 5.607843399047851562e-01 1.921568661928176880e-01
5.607843399047851562e-01 1.921568661928176880e-01 5.607843399047851562e-01 3.137255012989044189e-01
5.607843399047851562e-01 3.137255012989044189e-01 5.215686559677124023e-01 3.137255012989044189e-01
5.215686559677124023e-01 3.137255012989044189e-01 5.215686559677124023e-01 3.725490272045135498e-01
5.215686559677124023e-01 3.725490272045135498e-01 6.078431606292724609e-01 3.725490272045135498e-01
6.078431606292724609e-01 3.725490272045135498e-01 7.333333492279052734e-01 3.725490272045135498e-01
7.333333492279052734e-01 3.725490272045135498e-01 8.196078538894653320e-01 3.725490272045135498e-01
8.196078538894653320e-01 3.725490272045135498e-01 8.196078538894653320e-01 1.921568661928176880e-01
8.196078538894653320e-01 1.921568661928176880e-01 8.196078538894653320e-01 1.921568661928176880e-01
4.470588266849517822e-01 1.921568661928176880e-01 2.509804069995880127e-01 1.921568661928176880e-01
2.509804069995880127e-01 1.921568661928176880e-01 2.509804069995880127e-01 3.137255012989044189e-01
2.509804069995880127e-01 3.137255012989044189e-01 2.509804069995880127e-01 3.764705955982208252e-01
2.509804069995880127e-01 3.764705955982208252e-01 4.470588266849517822e-01 3.764705955982208252e-01
4.470588266849517822e-01 3.764705955982208252e-01 4.470588266849517822e-01 3.137255012989044189e-01
4.470588266849517822e-01 3.137255012989044189e-01 4.470588266849517822e-01 1.921568661928176880e-01
4.470588266849517822e-01 1.921568661928176880e-01 4.470588266849517822e-01 1.921568661928176880e-01
4.470588266849517822e-01 3.764705955982208252e-01 2.509804069995880127e-01 3.764705955982208252e-01
2.509804069995880127e-01 3.764705955982208252e-01 2.509804069995880127e-01 5.254902243614196777e-01
2.509804069995880127e-01 5.254902243614196777e-01 4.470588266849517822e-01 5.254902243614196777e-01
4.470588266849517822e-01 5.254902243614196777e-01 4.470588266849517822e-01 3.764705955982208252e-01
4.470588266849517822e-01 3.764705955982208252e-01 4.470588266849517822e-01 3.764705955982208252e-01
5.215686559677124023e-01 3.725490272045135498e-01 5.215686559677124023e-01 3.137255012989044189e-01
5.215686559677124023e-01 3.137255012989044189e-01 4.470588266849517822e-01 3.137255012989044189e-01
4.470588266849517822e-01 3.137255012989044189e-01 4.470588266849517822e-01 3.764705955982208252e-01
4.470588266849517822e-01 3.764705955982208252e-01 4.470588266849517822e-01 5.254902243614196777e-01
4.470588266849517822e-01 5.254902243614196777e-01 2.509804069995880127e-01 5.254902243614196777e-01
2.509804069995880127e-01 5.254902243614196777e-01 2.509804069995880127e-01 6.941176652908325195e-01
2.509804069995880127e-01 6.941176652908325195e-01 4.117647111415863037e-01 6.941176652908325195e-01
4.117647111415863037e-01 6.941176652908325195e-01 4.117647111415863037e-01 8.117647171020507812e-01
4.117647111415863037e-01 8.117647171020507812e-01 7.333333492279052734e-01 8.117647171020507812e-01
7.333333492279052734e-01 8.117647171020507812e-01 7.333333492279052734e-01 6.901960968971252441e-01
7.333333492279052734e-01 6.901960968971252441e-01 7.333333492279052734e-01 4.745098054409027100e-01
7.333333492279052734e-01 4.745098054409027100e-01 6.078431606292724609e-01 4.745098054409027100e-01
6.078431606292724609e-01 4.745098054409027100e-01 5.215686559677124023e-01 4.745098054409027100e-01
5.215686559677124023e-01 4.745098054409027100e-01 5.215686559677124023e-01 3.725490272045135498e-01
5.215686559677124023e-01 3.725490272045135498e-01 5.215686559677124023e-01 3.725490272045135498e-01
8.196078538894653320e-01 4.745098054409027100e-01 7.333333492279052734e-01 4.745098054409027100e-01
7.333333492279052734e-01 4.745098054409027100e-01 7.333333492279052734e-01 6.901960968971252441e-01
7.333333492279052734e-01 6.901960968971252441e-01 8.196078538894653320e-01 6.901960968971252441e-01
8.196078538894653320e-01 6.901960968971252441e-01 8.196078538894653320e-01 4.745098054409027100e-01
8.196078538894653320e-01 4.745098054409027100e-01 8.196078538894653320e-01 4.745098054409027100e-01
2.509804069995880127e-01 6.941176652908325195e-01 2.509804069995880127e-01 5.254902243614196777e-01
2.509804069995880127e-01 5.254902243614196777e-01 1.843137294054031372e-01 5.254902243614196777e-01
1.843137294054031372e-01 5.254902243614196777e-01 1.843137294054031372e-01 6.941176652908325195e-01
1.843137294054031372e-01 6.941176652908325195e-01 2.509804069995880127e-01 6.941176652908325195e-01
2.509804069995880127e-01 6.941176652908325195e-01 2.509804069995880127e-01 6.941176652908325195e-01
