7.019608020782470703e-01 5.176470875740051270e-01 6.196078658103942871e-01 5.176470875740051270e-01
6.196078658103942871e-01 5.176470875740051270e-01 6.196078658103942871e-01 6.196078658103942871e-01
6.196078658103942871e-01 6.196078658103942871e-01 7.019608020782470703e-01 6.196078658103942871e-01
7.019608020782470703e-01 6.196078658103942871e-01 7.568627595901489258e-01 6.196078658103942871e-01
7.568627595901489258e-01 6.196078658103942871e-01 7.568627595901489258e-01 5.176470875740051270e-01
7.568627595901489258e-01 5.176470875740051270e-01 7.019608020782470703e-01 5.176470875740051270e-01
7.019608020782470703e-01 5.176470875740051270e-01 7.019608020782470703e-01 5.176470875740051270e-01
7.019608020782470703e-01 5.176470875740051270e-01 7.568627595901489258e-01 5.176470875740051270e-01
7.568627595901489258e-01 5.176470875740051270e-01 8.235294222831726074e-01 5.176470875740051270e-01
8.235294222831726074e-01 5.176470875740051270e-01 8.235294222831726074e-01 4.078431427478790283e-01
8.235294222831726074e-01 4.078431427478790283e-01 7.019608020782470703e-01 4.078431427478790283e-01
7.019608020782470703e-01 4.078431427478790283e-01 7.019608020782470703e-01 5.176470875740051270e-01
7.019608020782470703e-01 5.176470875740051270e-01 7.019608020782470703e-01 5.176470875740051270e-01
3.137255012989044189e-01 8.431372642517089844e-01 5.490196347236633301e-01 8.431372642517089844e-01
5.490196347236633301e-01 8.431372642517089844e-01 5.490196347236633301e-01 7.529411911964416504e-01
5.490196347236633301e-01 7.529411911964416504e-01 3.137255012989044189e-01 7.529411911964416504e-01
3.137255012989044189e-01 7.529411911964416504e-01 3.137255012989044189e-01 8.431372642517089844e-01
3.137255012989044189e-01 8.431372642517089844e-01 3.137255012989044189e-01 8.431372642517089844e-01
6.196078658103942871e-01 5.176470875740051270e-01 5.490196347236633301e-01 5.176470875740051270e-01
5.490196347236633301e-01 5.176470875740051270e-01 5.490196347236633301e-01 7.529411911964416504e-01
5.490196347236633301e-01 7.529411911964416504e-01 5.490196347236633301e-01 8.431372642517089844e-01
5.490196347236633301e-01 8.431372642517089844e-01 7.568627595901489258e-01 8.431372642517089844e-01
7.568627595901489258e-01 8.431372642517089844e-01 7.568627595901489258e-01 6.196078658103942871e-01
7.568627595901489258e-01 6.196078658103942871e-01 7.019608020782470703e-01 6.196078658103942871e-01
7.019608020782470703e-01 6.196078658103942871e-01 6.196078658103942871e-01 6.196078658103942871e-01
6.196078658103942871e-01 6.196078658103942871e-01 6.196078658103942871e-01 5.176470875740051270e-01
6.196078658103942871e-01 5.176470875740051270e-01 6.196078658103942871e-01 5.176470875740051270e-01
6.431372761726379395e-01 2.705882489681243896e-01 4.745098054409027100e-01 2.705882489681243896e-01
4.745098054409027100e-01 2.705882489681243896e-01 4.745098054409027100e-01 4.470588266849517822e-01
4.745098054409027100e-01 4.470588266849517822e-01 6.431372761726379395e-01 4.470588266849517822e-01
6.431372761726379395e-01 4.470588266849517822e-01 6.431372761726379395e-01 4.078431427478790283e-01
6.431372761726379395e-01 4.078431427478790283e-01 6.431372761726379395e-01 2.705882489681243896e-01
6.431372761726379395e-01 2.705882489681243896e-01 6.431372761726379395e-01 2.705882489681243896e-01
7.019608020782470703e-01 2.705882489681243896e-01 6.431372761726379395e-01 2.705882489681243896e-01
6.431372761726379395e-01 2.705882489681243896e-01 6.431372761726379395e-01 4.078431427478790283e-01
6.431372761726379395e-01 4.078431427478790283e-01 7.019608020782470703e-01 4.078431427478790283e-01
7.019608020782470703e-01 4.078431427478790283e-01 8.235294222831726074e-01 4.078431427478790283e-01
8.235294222831726074e-01 4.078431427478790283e-01 8.235294222831726074e-01 2.705882489681243896e-01
8.235294222831726074e-01 2.705882489681243896e-01 7.019608020782470703e-01 2.705882489681243896e-01
7.019608020782470703e-01 2.705882489681243896e-01 7.019608020782470703e-01 2.705882489681243896e-01
5.490196347236633301e-01 5.176470875740051270e-01 6.196078658103942871e-01 5.176470875740051270e-01
6.196078658103942871e-01 5.176470875740051270e-01 7.019608020782470703e-01 5.176470875740051270e-01
7.019608020782470703e-01 5.176470875740051270e-01 7.019608020782470703e-01 4.078431427478790283e-01
7.019608020782470703e-01 4.078431427478790283e-01 6.431372761726379395e-01 4.078431427478790283e-01
6.431372761726379395e-01 4.078431427478790283e-01 6.431372761726379395e-01 4.470588266849517822e-01
6.431372761726379395e-01 4.470588266849517822e-01 4.745098054409027100e-01 4.470588266849517822e-01
4.745098054409027100e-01 4.470588266849517822e-01 4.745098054409027100e-01 2.705882489681243896e-01
4.745098054409027100e-01 2.705882489681243896e-01 6.431372761726379395e-01 2.705882489681243896e-01
6.431372761726379395e-01 2.705882489681243896e-01 7.019608020782470703e-01 2.705882489681243896e-01
7.019608020782470703e-01 2.705882489681243896e-01 7.019608020782470703e-01 2.313725501298904419e-01
7.019608020782470703e-01 2.313725501298904419e-01 3.647058904170989990e-01 2.313725501298904419e-01
3.647058904170989990e-01 2.313725501298904419e-01 3.058823645114898682e-01 2.313725501298904419e-01
3.058823645114898682e-01 2.313725501298904419e-01 3.058823645114898682e-01 3.960784375667572021e-01
3.058823645114898682e-01 3.960784375667572021e-01 1.803921610116958618e-01 3.960784375667572021e-01
1.803921610116958618e-01 3.960784375667572021e-01 1.803921610116958618e-01 7.529411911964416504e-01
1.803921610116958618e-01 7.529411911964416504e-01 3.137255012989044189e-01 7.529411911964416504e-01
3.137255012989044189e-01 7.529411911964416504e-01 5.490196347236633301e-01 7.529411911964416504e-01
5.490196347236633301e-01 7.529411911964416504e-01 5.490196347236633301e-01 5.176470875740051270e-01
5.490196347236633301e-01 5.176470875740051270e-01 5.490196347236633301e-01 5.176470875740051270e-01
3.058823645114898682e-01 2.313725501298904419e-01 1.803921610116958618e-01 2.313725501298904419e-01
1.803921610116958618e-01 2.313725501298904419e-01 1.803921610116958618e-01 3.960784375667572021e-01
1.803921610116958618e-01 3.960784375667572021e-01 3.058823645114898682e-01 3.960784375667572021e-01
3.058823645114898682e-01 3.960784375667572021e-01 3.058823645114898682e-01 2.313725501298904419e-01
3.058823645114898682e-01 2.313725501298904419e-01 3.058823645114898682e-01 2.313725501298904419e-01
3.647058904170989990e-01 1.607843190431594849e-01 1.803921610116958618e-01 1.607843190431594849e-01
1.803921610116958618e-01 1.607843190431594849e-01 1.803921610116958618e-01 2.313725501298904419e-01
1.803921610116958618e-01 2.313725501298904419e-01 3.058823645114898682e-01 2.313725501298904419e-01
3.058823645114898682e-01 2.313725501298904419e-01 3.647058904170989990e-01 2.313725501298904419e-01
3.647058904170989990e-01 2.313725501298904419e-01 3.647058904170989990e-01 1.607843190431594849e-01
3.647058904170989990e-01 1.607843190431594849e-01 3.647058904170989990e-01 1.607843190431594849e-01
