7.176470756530761719e-01 2.588235437870025635e-01 6.196078658103942871e-01 2.588235437870025635e-01
6.196078658103942871e-01 2.588235437870025635e-01 6.196078658103942871e-01 4.117647111415863037e-01
6.196078658103942871e-01 4.117647111415863037e-01 7.176470756530761719e-01 4.117647111415863037e-01
7.176470756530761719e-01 4.117647111415863037e-01 7.176470756530761719e-01 2.588235437870025635e-01
7.176470756530761719e-01 2.588235437870025635e-01 7.176470756530761719e-01 2.588235437870025635e-01
5.450980663299560547e-01 1.725490242242813110e-01 4.470588266849517822e-01 1.725490242242813110e-01
4.470588266849517822e-01 1.725490242242813110e-01 4.470588266849517822e-01 3.294117748737335205e-01
4.470588266849517822e-01 3.294117748737335205e-01 5.450980663299560547e-01 3.294117748737335205e-01
5.450980663299560547e-01 3.294117748737335205e-01 5.450980663299560547e-01 1.725490242242813110e-01
5.450980663299560547e-01 1.725490242242813110e-01 5.450980663299560547e-01 1.725490242242813110e-01
5.058823823928833008e-01 7.294117808341979980e-01 5.058823823928833008e-01 5.686274766921997070e-01
5.058823823928833008e-01 5.686274766921997070e-01 4.470588266849517822e-01 5.686274766921997070e-01
4.470588266849517822e-01 5.686274766921997070e-01 4.470588266849517822e-01 6.156862974166870117e-01
4.470588266849517822e-01 6.156862974166870117e-01 3.215686380863189697e-01 6.156862974166870117e-01
3.215686380863189697e-01 6.156862974166870117e-01 3.215686380863189697e-01 8.274509906768798828e-01
3.215686380863189697e-01 8.274509906768798828e-01 5.058823823928833008e-01 8.274509906768798828e-01
5.058823823928833008e-01 8.274509906768798828e-01 5.058823823928833008e-01 7.294117808341979980e-01
5.058823823928833008e-01 7.294117808341979980e-01 5.058823823928833008e-01 7.294117808341979980e-01
4.470588266849517822e-01 4.823529422283172607e-01 5.450980663299560547e-01 4.823529422283172607e-01
5.450980663299560547e-01 4.823529422283172607e-01 5.450980663299560547e-01 3.294117748737335205e-01
5.450980663299560547e-01 3.294117748737335205e-01 4.470588266849517822e-01 3.294117748737335205e-01
4.470588266849517822e-01 3.294117748737335205e-01 3.372549116611480713e-01 3.294117748737335205e-01
3.372549116611480713e-01 3.294117748737335205e-01 3.372549116611480713e-01 4.823529422283172607e-01
3.372549116611480713e-01 4.823529422283172607e-01 4.470588266849517822e-01 4.823529422283172607e-01
4.470588266849517822e-01 4.823529422283172607e-01 4.470588266849517822e-01 4.823529422283172607e-01
6.196078658103942871e-01 2.588235437870025635e-01 7.176470756530761719e-01 2.588235437870025635e-01
7.176470756530761719e-01 2.588235437870025635e-01 7.176470756530761719e-01 1.725490242242813110e-01
7.176470756530761719e-01 1.725490242242813110e-01 5.450980663299560547e-01 1.725490242242813110e-01
5.450980663299560547e-01 1.725490242242813110e-01 5.450980663299560547e-01 3.294117748737335205e-01
5.450980663299560547e-01 3.294117748737335205e-01 5.450980663299560547e-01 4.823529422283172607e-01
5.450980663299560547e-01 4.823529422283172607e-01 4.470588266849517822e-01 4.823529422283172607e-01
4.470588266849517822e-01 4.823529422283172607e-01 4.470588266849517822e-01 5.686274766921997070e-01
4.470588266849517822e-01 5.686274766921997070e-01 5.058823823928833008e-01 5.686274766921997070e-01
5.058823823928833008e-01 5.686274766921997070e-01 5.058823823928833008e-01 7.294117808341979980e-01
5.058823823928833008e-01 7.294117808341979980e-01 7.176470756530761719e-01 7.294117808341979980e-01
7.176470756530761719e-01 7.294117808341979980e-01 7.176470756530761719e-01 4.117647111415863037e-01
7.176470756530761719e-01 4.117647111415863037e-01 6.196078658103942871e-01 4.117647111415863037e-01
6.196078658103942871e-01 4.117647111415863037e-01 6.196078658103942871e-01 2.588235437870025635e-01
6.196078658103942871e-01 2.588235437870025635e-01 6.196078658103942871e-01 2.588235437870025635e-01
7.176470756530761719e-01 8.274509906768798828e-01 7.176470756530761719e-01 7.294117808341979980e-01
7.176470756530761719e-01 7.294117808341979980e-01 5.058823823928833008e-01 7.294117808341979980e-01
5.058823823928833008e-01 7.294117808341979980e-01 5.058823823928833008e-01 8.274509906768798828e-01
5.058823823928833008e-01 8.274509906768798828e-01 7.176470756530761719e-01 8.274509906768798828e-01
7.176470756530761719e-01 8.274509906768798828e-01 7.176470756530761719e-01 8.274509906768798828e-01
4.470588266849517822e-01 5.686274766921997070e-01 4.470588266849517822e-01 4.823529422283172607e-01
4.470588266849517822e-01 4.823529422283172607e-01 3.372549116611480713e-01 4.823529422283172607e-01
3.372549116611480713e-01 4.823529422283172607e-01 2.862745225429534912e-01 4.823529422283172607e-01
2.862745225429534912e-01 4.823529422283172607e-01 2.862745225429534912e-01 5.686274766921997070e-01
2.862745225429534912e-01 5.686274766921997070e-01 2.862745225429534912e-01 6.156862974166870117e-01
2.862745225429534912e-01 6.156862974166870117e-01 3.215686380863189697e-01 6.156862974166870117e-01
3.215686380863189697e-01 6.156862974166870117e-01 4.470588266849517822e-01 6.156862974166870117e-01
4.470588266849517822e-01 6.156862974166870117e-01 4.470588266849517822e-01 5.686274766921997070e-01
4.470588266849517822e-01 5.686274766921997070e-01 4.470588266849517822e-01 5.686274766921997070e-01
