3.098039329051971436e-01 3.019607961177825928e-01 2.196078449487686157e-01 3.019607961177825928e-01
2.196078449487686157e-01 3.019607961177825928e-01 2.196078449487686157e-01 4.352941215038299561e-01
2.196078449487686157e-01 4.352941215038299561e-01 3.098039329051971436e-01 4.352941215038299561e-01
3.098039329051971436e-01 4.352941215038299561e-01 3.098039329051971436e-01 3.019607961177825928e-01
3.098039329051971436e-01 3.019607961177825928e-01 3.098039329051971436e-01 3.019607961177825928e-01
6.117647290229797363e-01 6.156862974166870117e-01 4.980392158031463623e-01 6.156862974166870117e-01
4.980392158031463623e-01 6.156862974166870117e-01 4.980392158031463623e-01 7.921568751335144043e-01
4.980392158031463623e-01 7.921568751335144043e-01 6.117647290229797363e-01 7.921568751335144043e-01
6.117647290229797363e-01 7.921568751335144043e-01 6.117647290229797363e-01 7.215686440467834473e-01
6.117647290229797363e-01 7.215686440467834473e-01 6.117647290229797363e-01 6.156862974166870117e-01
6.117647290229797363e-01 6.156862974166870117e-01 6.117647290229797363e-01 6.156862974166870117e-01
3.098039329051971436e-01 5.803921818733215332e-01 3.098039329051971436e-01 6.156862974166870117e-01
3.098039329051971436e-01 6.156862974166870117e-01 3.098039329051971436e-01 7.921568751335144043e-01
3.098039329051971436e-01 7.921568751335144043e-01 4.980392158031463623e-01 7.921568751335144043e-01
4.980392158031463623e-01 7.921568751335144043e-01 4.980392158031463623e-01 6.156862974166870117e-01
4.980392158031463623e-01 6.156862974166870117e-01 4.980392158031463623e-01 5.803921818733215332e-01
4.980392158031463623e-01 5.803921818733215332e-01 3.098039329051971436e-01 5.803921818733215332e-01
3.098039329051971436e-01 5.803921818733215332e-01 3.098039329051971436e-01 5.803921818733215332e-01
6.117647290229797363e-01 3.019607961177825928e-01 6.117647290229797363e-01 4.862745106220245361e-01
6.117647290229797363e-01 4.862745106220245361e-01 7.450980544090270996e-01 4.862745106220245361e-01
7.450980544090270996e-01 4.862745106220245361e-01 7.803921699523925781e-01 4.862745106220245361e-01
7.803921699523925781e-01 4.862745106220245361e-01 7.803921699523925781e-01 3.019607961177825928e-01
7.803921699523925781e-01 3.019607961177825928e-01 6.117647290229797363e-01 3.019607961177825928e-01
6.117647290229797363e-01 3.019607961177825928e-01 6.117647290229797363e-01 3.019607961177825928e-01
2.196078449487686157e-01 3.019607961177825928e-01 3.098039329051971436e-01 3.019607961177825928e-01
3.098039329051971436e-01 3.019607961177825928e-01 3.098039329051971436e-01 4.352941215038299561e-01
3.098039329051971436e-01 4.352941215038299561e-01 3.098039329051971436e-01 5.803921818733215332e-01
3.098039329051971436e-01 5.803921818733215332e-01 4.980392158031463623e-01 5.803921818733215332e-01
4.980392158031463623e-01 5.803921818733215332e-01 4.980392158031463623e-01 6.156862974166870117e-01
4.980392158031463623e-01 6.156862974166870117e-01 6.117647290229797363e-01 6.156862974166870117e-01
6.117647290229797363e-01 6.156862974166870117e-01 6.117647290229797363e-01 4.862745106220245361e-01
6.117647290229797363e-01 4.862745106220245361e-01 6.117647290229797363e-01 3.019607961177825928e-01
6.117647290229797363e-01 3.019607961177825928e-01 6.117647290229797363e-01 2.117647081613540649e-01
6.117647290229797363e-01 2.117647081613540649e-01 2.196078449487686157e-01 2.117647081613540649e-01
2.196078449487686157e-01 2.117647081613540649e-01 2.196078449487686157e-01 3.019607961177825928e-01
2.196078449487686157e-01 3.019607961177825928e-01 2.196078449487686157e-01 3.019607961177825928e-01
3.098039329051971436e-01 4.352941215038299561e-01 2.196078449487686157e-01 4.352941215038299561e-01
2.196078449487686157e-01 4.352941215038299561e-01 2.196078449487686157e-01 5.803921818733215332e-01
2.196078449487686157e-01 5.803921818733215332e-01 2.196078449487686157e-01 6.156862974166870117e-01
2.196078449487686157e-01 6.156862974166870117e-01 3.098039329051971436e-01 6.156862974166870117e-01
3.098039329051971436e-01 6.156862974166870117e-01 3.098039329051971436e-01 5.803921818733215332e-01
3.098039329051971436e-01 5.803921818733215332e-01 3.098039329051971436e-01 4.352941215038299561e-01
3.098039329051971436e-01 4.352941215038299561e-01 3.098039329051971436e-01 4.352941215038299561e-01
6.117647290229797363e-01 4.862745106220245361e-01 6.117647290229797363e-01 6.156862974166870117e-01
6.117647290229797363e-01 6.156862974166870117e-01 6.117647290229797363e-01 7.215686440467834473e-01
6.117647290229797363e-01 7.215686440467834473e-01 7.450980544090270996e-01 7.215686440467834473e-01
7.450980544090270996e-01 7.215686440467834473e-01 7.450980544090270996e-01 4.862745106220245361e-01
7.450980544090270996e-01 4.862745106220245361e-01 6.117647290229797363e-01 4.862745106220245361e-01
6.117647290229797363e-01 4.862745106220245361e-01 6.117647290229797363e-01 4.862745106220245361e-01
