6.666666865348815918e-01 4.980392158031463623e-01 8.039215803146362305e-01 4.980392158031463623e-01
8.039215803146362305e-01 4.980392158031463623e-01 8.039215803146362305e-01 4.000000059604644775e-01
8.039215803146362305e-01 4.000000059604644775e-01 7.568627595901489258e-01 4.000000059604644775e-01
7.568627595901489258e-01 4.000000059604644775e-01 6.666666865348815918e-01 4.000000059604644775e-01
6.666666865348815918e-01 4.000000059604644775e-01 6.666666865348815918e-01 4.980392158031463623e-01
6.666666865348815918e-01 4.980392158031463623e-01 6.666666865348815918e-01 4.980392158031463623e-01
3.411764800548553467e-01 1.921568661928176880e-01 3.411764800548553467e-01 3.058823645114898682e-01
3.411764800548553467e-01 3.058823645114898682e-01 4.392156898975372314e-01 3.058823645114898682e-01
4.392156898975372314e-01 3.058823645114898682e-01 4.392156898975372314e-01 1.921568661928176880e-01
4.392156898975372314e-01 1.921568661928176880e-01 3.411764800548553467e-01 1.921568661928176880e-01
3.411764800548553467e-01 1.921568661928176880e-01 3.411764800548553467e-01 1.921568661928176880e-01
6.000000238418579102e-01 7.254902124404907227e-01 3.411764800548553467e-01 7.254902124404907227e-01
3.411764800548553467e-01 7.254902124404907227e-01 3.411764800548553467e-01 8.156862854957580566e-01
3.411764800548553467e-01 8.156862854957580566e-01 6.000000238418579102e-01 8.156862854957580566e-01
6.000000238418579102e-01 8.156862854957580566e-01 6.000000238418579102e-01 7.254902124404907227e-01
6.000000238418579102e-01 7.254902124404907227e-01 6.000000238418579102e-01 7.254902124404907227e-01
6.666666865348815918e-01 4.980392158031463623e-01 6.000000238418579102e-01 4.980392158031463623e-01
6.000000238418579102e-01 4.980392158031463623e-01 6.000000238418579102e-01 7.254902124404907227e-01
6.000000238418579102e-01 7.254902124404907227e-01 6.666666865348815918e-01 7.254902124404907227e-01
6.666666865348815918e-01 7.254902124404907227e-01 8.039215803146362305e-01 7.254902124404907227e-01
8.039215803146362305e-01 7.254902124404907227e-01 8.039215803146362305e-01 4.980392158031463623e-01
8.039215803146362305e-01 4.980392158031463623e-01 6.666666865348815918e-01 4.980392158031463623e-01
6.666666865348815918e-01 4.980392158031463623e-01 6.666666865348815918e-01 4.980392158031463623e-01
2.000000029802322388e-01 7.254902124404907227e-01 3.411764800548553467e-01 7.254902124404907227e-01
3.411764800548553467e-01 7.254902124404907227e-01 3.411764800548553467e-01 4.980392158031463623e-01
3.411764800548553467e-01 4.980392158031463623e-01 2.000000029802322388e-01 4.980392158031463623e-01
2.000000029802322388e-01 4.980392158031463623e-01 2.000000029802322388e-01 7.254902124404907227e-01
2.000000029802322388e-01 7.254902124404907227e-01 2.000000029802322388e-01 7.254902124404907227e-01
7.568627595901489258e-01 1.921568661928176880e-01 6.000000238418579102e-01 1.921568661928176880e-01
6.000000238418579102e-01 1.921568661928176880e-01 6.000000238418579102e-01 3.058823645114898682e-01
6.000000238418579102e-01 3.058823645114898682e-01 6.000000238418579102e-01 4.000000059604644775e-01
6.000000238418579102e-01 4.000000059604644775e-01 6.666666865348815918e-01 4.000000059604644775e-01
6.666666865348815918e-01 4.000000059604644775e-01 7.568627595901489258e-01 4.000000059604644775e-01
7.568627595901489258e-01 4.000000059604644775e-01 7.568627595901489258e-01 1.921568661928176880e-01
7.568627595901489258e-01 1.921568661928176880e-01 7.568627595901489258e-01 1.921568661928176880e-01
6.000000238418579102e-01 4.980392158031463623e-01 6.666666865348815918e-01 4.980392158031463623e-01
6.666666865348815918e-01 4.980392158031463623e-01 6.666666865348815918e-01 4.000000059604644775e-01
6.666666865348815918e-01 4.000000059604644775e-01 6.000000238418579102e-01 4.000000059604644775e-01
6.000000238418579102e-01 4.000000059604644775e-01 6.000000238418579102e-01 3.058823645114898682e-01
6.000000238418579102e-01 3.058823645114898682e-01 4.392156898975372314e-01 3.058823645114898682e-01
4.392156898975372314e-01 3.058823645114898682e-01 4.392156898975372314e-01 4.000000059604644775e-01
4.392156898975372314e-01 4.000000059604644775e-01 3.411764800548553467e-01 4.000000059604644775e-01
3.411764800548553467e-01 4.000000059604644775e-01 3.411764800548553467e-01 4.980392158031463623e-01
3.411764800548553467e-01 4.980392158031463623e-01 3.411764800548553467e-01 7.254902124404907227e-01
3.411764800548553467e-01 7.254902124404907227e-01 6.000000238418579102e-01 7.254902124404907227e-01
6.000000238418579102e-01 7.254902124404907227e-01 6.000000238418579102e-01 4.980392158031463623e-01
6.000000238418579102e-01 4.980392158031463623e-01 6.000000238418579102e-01 4.980392158031463623e-01
6.000000238418579102e-01 1.921568661928176880e-01 4.392156898975372314e-01 1.921568661928176880e-01
4.392156898975372314e-01 1.921568661928176880e-01 4.392156898975372314e-01 3.058823645114898682e-01
4.392156898975372314e-01 3.058823645114898682e-01 6.000000238418579102e-01 3.058823645114898682e-01
6.000000238418579102e-01 3.058823645114898682e-01 6.000000238418579102e-01 1.921568661928176880e-01
6.000000238418579102e-01 1.921568661928176880e-01 6.000000238418579102e-01 1.921568661928176880e-01
3.411764800548553467e-01 3.058823645114898682e-01 3.411764800548553467e-01 4.000000059604644775e-01
3.411764800548553467e-01 4.000000059604644775e-01 4.392156898975372314e-01 4.000000059604644775e-01
4.392156898975372314e-01 4.000000059604644775e-01 4.392156898975372314e-01 3.058823645114898682e-01
4.392156898975372314e-01 3.058823645114898682e-01 3.411764800548553467e-01 3.058823645114898682e-01
3.411764800548553467e-01 3.058823645114898682e-01 3.411764800548553467e-01 3.058823645114898682e-01
