3.529411852359771729e-01 6.509804129600524902e-01 3.529411852359771729e-01 7.686274647712707520e-01
3.529411852359771729e-01 7.686274647712707520e-01 4.705882370471954346e-01 7.686274647712707520e-01
4.705882370471954346e-01 7.686274647712707520e-01 4.705882370471954346e-01 6.509804129600524902e-01
4.705882370471954346e-01 6.509804129600524902e-01 3.529411852359771729e-01 6.509804129600524902e-01
3.529411852359771729e-01 6.509804129600524902e-01 3.529411852359771729e-01 6.509804129600524902e-01
4.705882370471954346e-01 4.392156898975372314e-01 3.529411852359771729e-01 4.392156898975372314e-01
3.529411852359771729e-01 4.392156898975372314e-01 3.529411852359771729e-01 6.000000238418579102e-01
3.529411852359771729e-01 6.000000238418579102e-01 3.529411852359771729e-01 6.509804129600524902e-01
3.529411852359771729e-01 6.509804129600524902e-01 4.705882370471954346e-01 6.509804129600524902e-01
4.705882370471954346e-01 6.509804129600524902e-01 4.705882370471954346e-01 4.392156898975372314e-01
4.705882370471954346e-01 4.392156898975372314e-01 4.705882370471954346e-01 4.392156898975372314e-01
5.411764979362487793e-01 2.313725501298904419e-01 3.529411852359771729e-01 2.313725501298904419e-01
3.529411852359771729e-01 2.313725501298904419e-01 3.529411852359771729e-01 4.392156898975372314e-01
3.529411852359771729e-01 4.392156898975372314e-01 4.705882370471954346e-01 4.392156898975372314e-01
4.705882370471954346e-01 4.392156898975372314e-01 5.411764979362487793e-01 4.392156898975372314e-01
5.411764979362487793e-01 4.392156898975372314e-01 5.411764979362487793e-01 2.313725501298904419e-01
5.411764979362487793e-01 2.313725501298904419e-01 5.411764979362487793e-01 2.313725501298904419e-01
6.666666865348815918e-01 2.313725501298904419e-01 5.411764979362487793e-01 2.313725501298904419e-01
5.411764979362487793e-01 2.313725501298904419e-01 5.411764979362487793e-01 4.392156898975372314e-01
5.411764979362487793e-01 4.392156898975372314e-01 6.666666865348815918e-01 4.392156898975372314e-01
6.666666865348815918e-01 4.392156898975372314e-01 6.666666865348815918e-01 2.313725501298904419e-01
6.666666865348815918e-01 2.313725501298904419e-01 6.666666865348815918e-01 2.313725501298904419e-01
5.411764979362487793e-01 4.392156898975372314e-01 4.705882370471954346e-01 4.392156898975372314e-01
4.705882370471954346e-01 4.392156898975372314e-01 4.705882370471954346e-01 6.509804129600524902e-01
4.705882370471954346e-01 6.509804129600524902e-01 4.705882370471954346e-01 7.686274647712707520e-01
4.705882370471954346e-01 7.686274647712707520e-01 6.666666865348815918e-01 7.686274647712707520e-01
6.666666865348815918e-01 7.686274647712707520e-01 6.666666865348815918e-01 4.392156898975372314e-01
6.666666865348815918e-01 4.392156898975372314e-01 5.411764979362487793e-01 4.392156898975372314e-01
5.411764979362487793e-01 4.392156898975372314e-01 5.411764979362487793e-01 4.392156898975372314e-01
3.529411852359771729e-01 4.392156898975372314e-01 3.058823645114898682e-01 4.392156898975372314e-01
3.058823645114898682e-01 4.392156898975372314e-01 3.058823645114898682e-01 6.000000238418579102e-01
3.058823645114898682e-01 6.000000238418579102e-01 3.529411852359771729e-01 6.000000238418579102e-01
3.529411852359771729e-01 6.000000238418579102e-01 3.529411852359771729e-01 4.392156898975372314e-01
3.529411852359771729e-01 4.392156898975372314e-01 3.529411852359771729e-01 4.392156898975372314e-01
