2.156862765550613403e-01 4.941176474094390869e-01 1.803921610116958618e-01 4.941176474094390869e-01
1.803921610116958618e-01 4.941176474094390869e-01 1.803921610116958618e-01 5.450980663299560547e-01
1.803921610116958618e-01 5.450980663299560547e-01 2.156862765550613403e-01 5.450980663299560547e-01
2.156862765550613403e-01 5.450980663299560547e-01 2.156862765550613403e-01 5.960784554481506348e-01
2.156862765550613403e-01 5.960784554481506348e-01 3.294117748737335205e-01 5.960784554481506348e-01
3.294117748737335205e-01 5.960784554481506348e-01 3.294117748737335205e-01 5.450980663299560547e-01
3.294117748737335205e-01 5.450980663299560547e-01 3.294117748737335205e-01 4.941176474094390869e-01
3.294117748737335205e-01 4.941176474094390869e-01 2.156862765550613403e-01 4.941176474094390869e-01
2.156862765550613403e-01 4.941176474094390869e-01 2.156862765550613403e-01 4.941176474094390869e-01
4.901960790157318115e-01 6.117647290229797363e-01 6.000000238418579102e-01 6.117647290229797363e-01
6.000000238418579102e-01 6.117647290229797363e-01 6.000000238418579102e-01 5.450980663299560547e-01
6.000000238418579102e-01 5.450980663299560547e-01 4.901960790157318115e-01 5.450980663299560547e-01
4.901960790157318115e-01 5.450980663299560547e-01 4.901960790157318115e-01 6.117647290229797363e-01
4.901960790157318115e-01 6.117647290229797363e-01 4.901960790157318115e-01 6.117647290229797363e-01
6.000000238418579102e-01 6.117647290229797363e-01 4.901960790157318115e-01 6.117647290229797363e-01
4.901960790157318115e-01 6.117647290229797363e-01 4.901960790157318115e-01 6.980392336845397949e-01
4.901960790157318115e-01 6.980392336845397949e-01 6.000000238418579102e-01 6.980392336845397949e-01
6.000000238418579102e-01 6.980392336845397949e-01 6.000000238418579102e-01 6.117647290229797363e-01
6.000000238418579102e-01 6.117647290229797363e-01 6.000000238418579102e-01 6.117647290229797363e-01
7.490196228027343750e-01 6.980392336845397949e-01 6.000000238418579102e-01 6.980392336845397949e-01
6.000000238418579102e-01 6.980392336845397949e-01 6.000000238418579102e-01 8.117647171020507812e-01
6.000000238418579102e-01 8.117647171020507812e-01 7.490196228027343750e-01 8.117647171020507812e-01
7.490196228027343750e-01 8.117647171020507812e-01 7.490196228027343750e-01 6.980392336845397949e-01
7.490196228027343750e-01 6.980392336845397949e-01 7.490196228027343750e-01 6.980392336845397949e-01
1.803921610116958618e-01 4.941176474094390869e-01 2.156862765550613403e-01 4.941176474094390869e-01
2.156862765550613403e-01 4.941176474094390869e-01 3.294117748737335205e-01 4.941176474094390869e-01
3.294117748737335205e-01 4.941176474094390869e-01 3.294117748737335205e-01 5.450980663299560547e-01
3.294117748737335205e-01 5.450980663299560547e-01 4.117647111415863037e-01 5.450980663299560547e-01
4.117647111415863037e-01 5.450980663299560547e-01 4.117647111415863037e-01 4.666666686534881592e-01
4.117647111415863037e-01 4.666666686534881592e-01 4.117647111415863037e-01 2.980392277240753174e-01
4.117647111415863037e-01 2.980392277240753174e-01 4.117647111415863037e-01 2.274509817361831665e-01
4.117647111415863037e-01 2.274509817361831665e-01 1.803921610116958618e-01 2.274509817361831665e-01
1.803921610116958618e-01 2.274509817361831665e-01 1.803921610116958618e-01 4.941176474094390869e-01
1.803921610116958618e-01 4.941176474094390869e-01 1.803921610116958618e-01 4.941176474094390869e-01
6.000000238418579102e-01 2.980392277240753174e-01 6.000000238418579102e-01 2.274509817361831665e-01
6.000000238418579102e-01 2.274509817361831665e-01 4.117647111415863037e-01 2.274509817361831665e-01
4.117647111415863037e-01 2.274509817361831665e-01 4.117647111415863037e-01 2.980392277240753174e-01
4.117647111415863037e-01 2.980392277240753174e-01 4.117647111415863037e-01 4.666666686534881592e-01
4.117647111415863037e-01 4.666666686534881592e-01 6.000000238418579102e-01 4.666666686534881592e-01
6.000000238418579102e-01 4.666666686534881592e-01 6.000000238418579102e-01 2.980392277240753174e-01
6.000000238418579102e-01 2.980392277240753174e-01 6.000000238418579102e-01 2.980392277240753174e-01
6.000000238418579102e-01 6.980392336845397949e-01 7.490196228027343750e-01 6.980392336845397949e-01
7.490196228027343750e-01 6.980392336845397949e-01 8.235294222831726074e-01 6.980392336845397949e-01
8.235294222831726074e-01 6.980392336845397949e-01 8.235294222831726074e-01 2.980392277240753174e-01
8.235294222831726074e-01 2.980392277240753174e-01 6.000000238418579102e-01 2.980392277240753174e-01
6.000000238418579102e-01 2.980392277240753174e-01 6.000000238418579102e-01 4.666666686534881592e-01
6.000000238418579102e-01 4.666666686534881592e-01 4.117647111415863037e-01 4.666666686534881592e-01
4.117647111415863037e-01 4.666666686534881592e-01 4.117647111415863037e-01 5.450980663299560547e-01
4.117647111415863037e-01 5.450980663299560547e-01 4.901960790157318115e-01 5.450980663299560547e-01
4.901960790157318115e-01 5.450980663299560547e-01 6.000000238418579102e-01 5.450980663299560547e-01
6.000000238418579102e-01 5.450980663299560547e-01 6.000000238418579102e-01 6.117647290229797363e-01
6.000000238418579102e-01 6.117647290229797363e-01 6.000000238418579102e-01 6.980392336845397949e-01
6.000000238418579102e-01 6.980392336845397949e-01 6.000000238418579102e-01 6.980392336845397949e-01
6.000000238418579102e-01 2.980392277240753174e-01 8.235294222831726074e-01 2.980392277240753174e-01
8.235294222831726074e-01 2.980392277240753174e-01 8.235294222831726074e-01 1.882352977991104126e-01
8.235294222831726074e-01 1.882352977991104126e-01 6.000000238418579102e-01 1.882352977991104126e-01
6.000000238418579102e-01 1.882352977991104126e-01 6.000000238418579102e-01 2.274509817361831665e-01
6.000000238418579102e-01 2.274509817361831665e-01 6.000000238418579102e-01 2.980392277240753174e-01
6.000000238418579102e-01 2.980392277240753174e-01 6.000000238418579102e-01 2.980392277240753174e-01
6.000000238418579102e-01 6.980392336845397949e-01 4.901960790157318115e-01 6.980392336845397949e-01
4.901960790157318115e-01 6.980392336845397949e-01 4.901960790157318115e-01 8.117647171020507812e-01
4.901960790157318115e-01 8.117647171020507812e-01 6.000000238418579102e-01 8.117647171020507812e-01
6.000000238418579102e-01 8.117647171020507812e-01 6.000000238418579102e-01 6.980392336845397949e-01
6.000000238418579102e-01 6.980392336845397949e-01 6.000000238418579102e-01 6.980392336845397949e-01
3.294117748737335205e-01 5.450980663299560547e-01 3.294117748737335205e-01 5.960784554481506348e-01
3.294117748737335205e-01 5.960784554481506348e-01 3.294117748737335205e-01 6.980392336845397949e-01
3.294117748737335205e-01 6.980392336845397949e-01 4.117647111415863037e-01 6.980392336845397949e-01
4.117647111415863037e-01 6.980392336845397949e-01 4.901960790157318115e-01 6.980392336845397949e-01
4.901960790157318115e-01 6.980392336845397949e-01 4.901960790157318115e-01 6.117647290229797363e-01
4.901960790157318115e-01 6.117647290229797363e-01 4.901960790157318115e-01 5.450980663299560547e-01
4.901960790157318115e-01 5.450980663299560547e-01 4.117647111415863037e-01 5.450980663299560547e-01
4.117647111415863037e-01 5.450980663299560547e-01 3.294117748737335205e-01 5.450980663299560547e-01
3.294117748737335205e-01 5.450980663299560547e-01 3.294117748737335205e-01 5.450980663299560547e-01
