3.843137323856353760e-01 7.686274647712707520e-01 5.176470875740051270e-01 7.686274647712707520e-01
5.176470875740051270e-01 7.686274647712707520e-01 5.176470875740051270e-01 6.705882549285888672e-01
5.176470875740051270e-01 6.705882549285888672e-01 5.176470875740051270e-01 6.352941393852233887e-01
5.176470875740051270e-01 6.352941393852233887e-01 3.843137323856353760e-01 6.352941393852233887e-01
3.843137323856353760e-01 6.352941393852233887e-01 3.843137323856353760e-01 6.705882549285888672e-01
3.843137323856353760e-01 6.705882549285888672e-01 3.843137323856353760e-01 7.686274647712707520e-01
3.843137323856353760e-01 7.686274647712707520e-01 3.843137323856353760e-01 7.686274647712707520e-01
6.431372761726379395e-01 6.705882549285888672e-01 7.215686440467834473e-01 6.705882549285888672e-01
7.215686440467834473e-01 6.705882549285888672e-01 7.215686440467834473e-01 5.725490450859069824e-01
7.215686440467834473e-01 5.725490450859069824e-01 6.431372761726379395e-01 5.725490450859069824e-01
6.431372761726379395e-01 5.725490450859069824e-01 6.431372761726379395e-01 6.705882549285888672e-01
6.431372761726379395e-01 6.705882549285888672e-01 6.431372761726379395e-01 6.705882549285888672e-01
1.843137294054031372e-01 5.686274766921997070e-01 2.666666805744171143e-01 5.686274766921997070e-01
2.666666805744171143e-01 5.686274766921997070e-01 2.666666805744171143e-01 3.294117748737335205e-01
2.666666805744171143e-01 3.294117748737335205e-01 1.843137294054031372e-01 3.294117748737335205e-01
1.843137294054031372e-01 3.294117748737335205e-01 1.843137294054031372e-01 5.686274766921997070e-01
1.843137294054031372e-01 5.686274766921997070e-01 1.843137294054031372e-01 5.686274766921997070e-01
2.666666805744171143e-01 5.686274766921997070e-01 1.843137294054031372e-01 5.686274766921997070e-01
1.843137294054031372e-01 5.686274766921997070e-01 1.843137294054031372e-01 7.686274647712707520e-01
1.843137294054031372e-01 7.686274647712707520e-01 3.843137323856353760e-01 7.686274647712707520e-01
3.843137323856353760e-01 7.686274647712707520e-01 3.843137323856353760e-01 6.705882549285888672e-01
3.843137323856353760e-01 6.705882549285888672e-01 3.843137323856353760e-01 6.352941393852233887e-01
3.843137323856353760e-01 6.352941393852233887e-01 5.176470875740051270e-01 6.352941393852233887e-01
5.176470875740051270e-01 6.352941393852233887e-01 5.176470875740051270e-01 5.686274766921997070e-01
5.176470875740051270e-01 5.686274766921997070e-01 2.666666805744171143e-01 5.686274766921997070e-01
2.666666805744171143e-01 5.686274766921997070e-01 2.666666805744171143e-01 5.686274766921997070e-01
4.901960790157318115e-01 1.647058874368667603e-01 2.666666805744171143e-01 1.647058874368667603e-01
2.666666805744171143e-01 1.647058874368667603e-01 2.666666805744171143e-01 2.823529541492462158e-01
2.666666805744171143e-01 2.823529541492462158e-01 2.666666805744171143e-01 3.294117748737335205e-01
2.666666805744171143e-01 3.294117748737335205e-01 4.901960790157318115e-01 3.294117748737335205e-01
4.901960790157318115e-01 3.294117748737335205e-01 4.901960790157318115e-01 2.823529541492462158e-01
4.901960790157318115e-01 2.823529541492462158e-01 4.901960790157318115e-01 1.647058874368667603e-01
4.901960790157318115e-01 1.647058874368667603e-01 4.901960790157318115e-01 1.647058874368667603e-01
5.176470875740051270e-01 6.705882549285888672e-01 5.176470875740051270e-01 7.686274647712707520e-01
5.176470875740051270e-01 7.686274647712707520e-01 5.176470875740051270e-01 8.352941274642944336e-01
5.176470875740051270e-01 8.352941274642944336e-01 7.215686440467834473e-01 8.352941274642944336e-01
7.215686440467834473e-01 8.352941274642944336e-01 7.215686440467834473e-01 6.705882549285888672e-01
7.215686440467834473e-01 6.705882549285888672e-01 6.431372761726379395e-01 6.705882549285888672e-01
6.431372761726379395e-01 6.705882549285888672e-01 5.176470875740051270e-01 6.705882549285888672e-01
5.176470875740051270e-01 6.705882549285888672e-01 5.176470875740051270e-01 6.705882549285888672e-01
2.666666805744171143e-01 5.686274766921997070e-01 5.176470875740051270e-01 5.686274766921997070e-01
5.176470875740051270e-01 5.686274766921997070e-01 5.176470875740051270e-01 6.352941393852233887e-01
5.176470875740051270e-01 6.352941393852233887e-01 5.176470875740051270e-01 6.705882549285888672e-01
5.176470875740051270e-01 6.705882549285888672e-01 6.431372761726379395e-01 6.705882549285888672e-01
6.431372761726379395e-01 6.705882549285888672e-01 6.431372761726379395e-01 5.725490450859069824e-01
6.431372761726379395e-01 5.725490450859069824e-01 7.215686440467834473e-01 5.725490450859069824e-01
7.215686440467834473e-01 5.725490450859069824e-01 7.215686440467834473e-01 2.823529541492462158e-01
7.215686440467834473e-01 2.823529541492462158e-01 4.901960790157318115e-01 2.823529541492462158e-01
4.901960790157318115e-01 2.823529541492462158e-01 4.901960790157318115e-01 3.294117748737335205e-01
4.901960790157318115e-01 3.294117748737335205e-01 2.666666805744171143e-01 3.294117748737335205e-01
2.666666805744171143e-01 3.294117748737335205e-01 2.666666805744171143e-01 5.686274766921997070e-01
2.666666805744171143e-01 5.686274766921997070e-01 2.666666805744171143e-01 5.686274766921997070e-01
7.215686440467834473e-01 2.823529541492462158e-01 7.215686440467834473e-01 5.725490450859069824e-01
7.215686440467834473e-01 5.725490450859069824e-01 8.509804010391235352e-01 5.725490450859069824e-01
8.509804010391235352e-01 5.725490450859069824e-01 8.509804010391235352e-01 2.823529541492462158e-01
8.509804010391235352e-01 2.823529541492462158e-01 7.215686440467834473e-01 2.823529541492462158e-01
7.215686440467834473e-01 2.823529541492462158e-01 7.215686440467834473e-01 2.823529541492462158e-01
7.215686440467834473e-01 6.705882549285888672e-01 8.509804010391235352e-01 6.705882549285888672e-01
8.509804010391235352e-01 6.705882549285888672e-01 8.509804010391235352e-01 5.725490450859069824e-01
8.509804010391235352e-01 5.725490450859069824e-01 7.215686440467834473e-01 5.725490450859069824e-01
7.215686440467834473e-01 5.725490450859069824e-01 7.215686440467834473e-01 6.705882549285888672e-01
7.215686440467834473e-01 6.705882549285888672e-01 7.215686440467834473e-01 6.705882549285888672e-01
