7.803921699523925781e-01 3.450980484485626221e-01 6.901960968971252441e-01 3.450980484485626221e-01
6.901960968971252441e-01 3.450980484485626221e-01 6.901960968971252441e-01 4.039215743541717529e-01
6.901960968971252441e-01 4.039215743541717529e-01 6.901960968971252441e-01 4.941176474094390869e-01
6.901960968971252441e-01 4.941176474094390869e-01 7.803921699523925781e-01 4.941176474094390869e-01
7.803921699523925781e-01 4.941176474094390869e-01 7.803921699523925781e-01 3.450980484485626221e-01
7.803921699523925781e-01 3.450980484485626221e-01 7.803921699523925781e-01 3.450980484485626221e-01
4.470588266849517822e-01 4.941176474094390869e-01 6.000000238418579102e-01 4.941176474094390869e-01
6.000000238418579102e-01 4.941176474094390869e-01 6.901960968971252441e-01 4.941176474094390869e-01
6.901960968971252441e-01 4.941176474094390869e-01 6.901960968971252441e-01 4.039215743541717529e-01
6.901960968971252441e-01 4.039215743541717529e-01 5.372549295425415039e-01 4.039215743541717529e-01
5.372549295425415039e-01 4.039215743541717529e-01 4.470588266849517822e-01 4.039215743541717529e-01
4.470588266849517822e-01 4.039215743541717529e-01 4.470588266849517822e-01 4.941176474094390869e-01
4.470588266849517822e-01 4.941176474094390869e-01 4.470588266849517822e-01 4.941176474094390869e-01
5.372549295425415039e-01 2.392156869173049927e-01 4.470588266849517822e-01 2.392156869173049927e-01
4.470588266849517822e-01 2.392156869173049927e-01 4.470588266849517822e-01 4.039215743541717529e-01
4.470588266849517822e-01 4.039215743541717529e-01 5.372549295425415039e-01 4.039215743541717529e-01
5.372549295425415039e-01 4.039215743541717529e-01 5.372549295425415039e-01 2.862745225429534912e-01
5.372549295425415039e-01 2.862745225429534912e-01 5.372549295425415039e-01 2.392156869173049927e-01
5.372549295425415039e-01 2.392156869173049927e-01 5.372549295425415039e-01 2.392156869173049927e-01
6.901960968971252441e-01 4.941176474094390869e-01 6.000000238418579102e-01 4.941176474094390869e-01
6.000000238418579102e-01 4.941176474094390869e-01 6.000000238418579102e-01 6.901960968971252441e-01
6.000000238418579102e-01 6.901960968971252441e-01 7.803921699523925781e-01 6.901960968971252441e-01
7.803921699523925781e-01 6.901960968971252441e-01 7.803921699523925781e-01 4.941176474094390869e-01
7.803921699523925781e-01 4.941176474094390869e-01 6.901960968971252441e-01 4.941176474094390869e-01
6.901960968971252441e-01 4.941176474094390869e-01 6.901960968971252441e-01 4.941176474094390869e-01
6.000000238418579102e-01 4.941176474094390869e-01 4.470588266849517822e-01 4.941176474094390869e-01
4.470588266849517822e-01 4.941176474094390869e-01 4.470588266849517822e-01 6.901960968971252441e-01
4.470588266849517822e-01 6.901960968971252441e-01 6.000000238418579102e-01 6.901960968971252441e-01
6.000000238418579102e-01 6.901960968971252441e-01 6.000000238418579102e-01 4.941176474094390869e-01
6.000000238418579102e-01 4.941176474094390869e-01 6.000000238418579102e-01 4.941176474094390869e-01
4.470588266849517822e-01 2.392156869173049927e-01 2.196078449487686157e-01 2.392156869173049927e-01
2.196078449487686157e-01 2.392156869173049927e-01 2.196078449487686157e-01 6.901960968971252441e-01
2.196078449487686157e-01 6.901960968971252441e-01 3.921568691730499268e-01 6.901960968971252441e-01
3.921568691730499268e-01 6.901960968971252441e-01 4.470588266849517822e-01 6.901960968971252441e-01
4.470588266849517822e-01 6.901960968971252441e-01 4.470588266849517822e-01 4.941176474094390869e-01
4.470588266849517822e-01 4.941176474094390869e-01 4.470588266849517822e-01 4.039215743541717529e-01
4.470588266849517822e-01 4.039215743541717529e-01 4.470588266849517822e-01 2.392156869173049927e-01
4.470588266849517822e-01 2.392156869173049927e-01 4.470588266849517822e-01 2.392156869173049927e-01
3.921568691730499268e-01 6.901960968971252441e-01 2.196078449487686157e-01 6.901960968971252441e-01
2.196078449487686157e-01 6.901960968971252441e-01 2.196078449487686157e-01 7.607843279838562012e-01
2.196078449487686157e-01 7.607843279838562012e-01 3.921568691730499268e-01 7.607843279838562012e-01
3.921568691730499268e-01 7.607843279838562012e-01 3.921568691730499268e-01 6.901960968971252441e-01
3.921568691730499268e-01 6.901960968971252441e-01 3.921568691730499268e-01 6.901960968971252441e-01
6.901960968971252441e-01 3.450980484485626221e-01 6.901960968971252441e-01 2.862745225429534912e-01
6.901960968971252441e-01 2.862745225429534912e-01 5.372549295425415039e-01 2.862745225429534912e-01
5.372549295425415039e-01 2.862745225429534912e-01 5.372549295425415039e-01 4.039215743541717529e-01
5.372549295425415039e-01 4.039215743541717529e-01 6.901960968971252441e-01 4.039215743541717529e-01
6.901960968971252441e-01 4.039215743541717529e-01 6.901960968971252441e-01 3.450980484485626221e-01
6.901960968971252441e-01 3.450980484485626221e-01 6.901960968971252441e-01 3.450980484485626221e-01
