6.470588445663452148e-01 7.803921699523925781e-01 6.470588445663452148e-01 7.372549176216125488e-01
6.470588445663452148e-01 7.372549176216125488e-01 6.470588445663452148e-01 6.588235497474670410e-01
6.470588445663452148e-01 6.588235497474670410e-01 5.607843399047851562e-01 6.588235497474670410e-01
5.607843399047851562e-01 6.588235497474670410e-01 5.607843399047851562e-01 7.803921699523925781e-01
5.607843399047851562e-01 7.803921699523925781e-01 5.607843399047851562e-01 8.313725590705871582e-01
5.607843399047851562e-01 8.313725590705871582e-01 6.470588445663452148e-01 8.313725590705871582e-01
6.470588445663452148e-01 8.313725590705871582e-01 6.470588445663452148e-01 7.803921699523925781e-01
6.470588445663452148e-01 7.803921699523925781e-01 6.470588445663452148e-01 7.803921699523925781e-01
7.450980544090270996e-01 5.843137502670288086e-01 6.470588445663452148e-01 5.843137502670288086e-01
6.470588445663452148e-01 5.843137502670288086e-01 6.470588445663452148e-01 6.588235497474670410e-01
6.470588445663452148e-01 6.588235497474670410e-01 6.470588445663452148e-01 7.372549176216125488e-01
6.470588445663452148e-01 7.372549176216125488e-01 7.450980544090270996e-01 7.372549176216125488e-01
7.450980544090270996e-01 7.372549176216125488e-01 7.450980544090270996e-01 5.843137502670288086e-01
7.450980544090270996e-01 5.843137502670288086e-01 7.450980544090270996e-01 5.843137502670288086e-01
2.509804069995880127e-01 5.843137502670288086e-01 3.137255012989044189e-01 5.843137502670288086e-01
3.137255012989044189e-01 5.843137502670288086e-01 3.137255012989044189e-01 3.568627536296844482e-01
3.137255012989044189e-01 3.568627536296844482e-01 2.509804069995880127e-01 3.568627536296844482e-01
2.509804069995880127e-01 3.568627536296844482e-01 2.509804069995880127e-01 5.843137502670288086e-01
2.509804069995880127e-01 5.843137502670288086e-01 2.509804069995880127e-01 5.843137502670288086e-01
6.470588445663452148e-01 5.843137502670288086e-01 3.137255012989044189e-01 5.843137502670288086e-01
3.137255012989044189e-01 5.843137502670288086e-01 3.137255012989044189e-01 7.803921699523925781e-01
3.137255012989044189e-01 7.803921699523925781e-01 5.607843399047851562e-01 7.803921699523925781e-01
5.607843399047851562e-01 7.803921699523925781e-01 5.607843399047851562e-01 6.588235497474670410e-01
5.607843399047851562e-01 6.588235497474670410e-01 6.470588445663452148e-01 6.588235497474670410e-01
6.470588445663452148e-01 6.588235497474670410e-01 6.470588445663452148e-01 5.843137502670288086e-01
6.470588445663452148e-01 5.843137502670288086e-01 6.470588445663452148e-01 5.843137502670288086e-01
3.137255012989044189e-01 1.725490242242813110e-01 3.137255012989044189e-01 2.784313857555389404e-01
3.137255012989044189e-01 2.784313857555389404e-01 3.137255012989044189e-01 3.529411852359771729e-01
3.137255012989044189e-01 3.529411852359771729e-01 5.490196347236633301e-01 3.529411852359771729e-01
5.490196347236633301e-01 3.529411852359771729e-01 5.490196347236633301e-01 2.784313857555389404e-01
5.490196347236633301e-01 2.784313857555389404e-01 5.490196347236633301e-01 1.725490242242813110e-01
5.490196347236633301e-01 1.725490242242813110e-01 3.137255012989044189e-01 1.725490242242813110e-01
3.137255012989044189e-01 1.725490242242813110e-01 3.137255012989044189e-01 1.725490242242813110e-01
7.450980544090270996e-01 1.725490242242813110e-01 5.490196347236633301e-01 1.725490242242813110e-01
5.490196347236633301e-01 1.725490242242813110e-01 5.490196347236633301e-01 2.784313857555389404e-01
5.490196347236633301e-01 2.784313857555389404e-01 5.490196347236633301e-01 3.529411852359771729e-01
5.490196347236633301e-01 3.529411852359771729e-01 6.549019813537597656e-01 3.529411852359771729e-01
6.549019813537597656e-01 3.529411852359771729e-01 7.450980544090270996e-01 3.529411852359771729e-01
7.450980544090270996e-01 3.529411852359771729e-01 7.450980544090270996e-01 2.784313857555389404e-01
7.450980544090270996e-01 2.784313857555389404e-01 7.450980544090270996e-01 1.725490242242813110e-01
7.450980544090270996e-01 1.725490242242813110e-01 7.450980544090270996e-01 1.725490242242813110e-01
3.137255012989044189e-01 5.843137502670288086e-01 6.470588445663452148e-01 5.843137502670288086e-01
6.470588445663452148e-01 5.843137502670288086e-01 7.450980544090270996e-01 5.843137502670288086e-01
7.450980544090270996e-01 5.843137502670288086e-01 7.450980544090270996e-01 5.019608139991760254e-01
7.450980544090270996e-01 5.019608139991760254e-01 6.549019813537597656e-01 5.019608139991760254e-01
6.549019813537597656e-01 5.019608139991760254e-01 6.549019813537597656e-01 3.529411852359771729e-01
6.549019813537597656e-01 3.529411852359771729e-01 5.490196347236633301e-01 3.529411852359771729e-01
5.490196347236633301e-01 3.529411852359771729e-01 3.137255012989044189e-01 3.529411852359771729e-01
3.137255012989044189e-01 3.529411852359771729e-01 3.137255012989044189e-01 3.568627536296844482e-01
3.137255012989044189e-01 3.568627536296844482e-01 3.137255012989044189e-01 5.843137502670288086e-01
3.137255012989044189e-01 5.843137502670288086e-01 3.137255012989044189e-01 5.843137502670288086e-01
7.450980544090270996e-01 3.529411852359771729e-01 6.549019813537597656e-01 3.529411852359771729e-01
6.549019813537597656e-01 3.529411852359771729e-01 6.549019813537597656e-01 5.019608139991760254e-01
6.549019813537597656e-01 5.019608139991760254e-01 7.450980544090270996e-01 5.019608139991760254e-01
7.450980544090270996e-01 5.019608139991760254e-01 7.450980544090270996e-01 3.529411852359771729e-01
7.450980544090270996e-01 3.529411852359771729e-01 7.450980544090270996e-01 3.529411852359771729e-01
