3.411764800548553467e-01 4.039215743541717529e-01 4.352941215038299561e-01 4.039215743541717529e-01
4.352941215038299561e-01 4.039215743541717529e-01 4.352941215038299561e-01 5.647059082984924316e-01
4.352941215038299561e-01 5.647059082984924316e-01 3.411764800548553467e-01 5.647059082984924316e-01
3.411764800548553467e-01 5.647059082984924316e-01 3.411764800548553467e-01 6.352941393852233887e-01
3.411764800548553467e-01 6.352941393852233887e-01 3.411764800548553467e-01 7.450980544090270996e-01
3.411764800548553467e-01 7.450980544090270996e-01 6.549019813537597656e-01 7.450980544090270996e-01
6.549019813537597656e-01 7.450980544090270996e-01 6.549019813537597656e-01 6.588235497474670410e-01
6.549019813537597656e-01 6.588235497474670410e-01 6.549019813537597656e-01 5.137255191802978516e-01
6.549019813537597656e-01 5.137255191802978516e-01 6.549019813537597656e-01 3.098039329051971436e-01
6.549019813537597656e-01 3.098039329051971436e-01 6.549019813537597656e-01 2.588235437870025635e-01
6.549019813537597656e-01 2.588235437870025635e-01 3.411764800548553467e-01 2.588235437870025635e-01
3.411764800548553467e-01 2.588235437870025635e-01 3.411764800548553467e-01 4.039215743541717529e-01
3.411764800548553467e-01 4.039215743541717529e-01 3.411764800548553467e-01 4.039215743541717529e-01
3.411764800548553467e-01 4.039215743541717529e-01 1.058823540806770325e-01 4.039215743541717529e-01
1.058823540806770325e-01 4.039215743541717529e-01 1.058823540806770325e-01 6.352941393852233887e-01
1.058823540806770325e-01 6.352941393852233887e-01 3.411764800548553467e-01 6.352941393852233887e-01
3.411764800548553467e-01 6.352941393852233887e-01 3.411764800548553467e-01 5.647059082984924316e-01
3.411764800548553467e-01 5.647059082984924316e-01 3.411764800548553467e-01 4.039215743541717529e-01
3.411764800548553467e-01 4.039215743541717529e-01 3.411764800548553467e-01 4.039215743541717529e-01
8.313725590705871582e-01 3.098039329051971436e-01 6.549019813537597656e-01 3.098039329051971436e-01
6.549019813537597656e-01 3.098039329051971436e-01 6.549019813537597656e-01 5.137255191802978516e-01
6.549019813537597656e-01 5.137255191802978516e-01 8.313725590705871582e-01 5.137255191802978516e-01
8.313725590705871582e-01 5.137255191802978516e-01 8.313725590705871582e-01 3.098039329051971436e-01
8.313725590705871582e-01 3.098039329051971436e-01 8.313725590705871582e-01 3.098039329051971436e-01
4.352941215038299561e-01 4.039215743541717529e-01 3.411764800548553467e-01 4.039215743541717529e-01
3.411764800548553467e-01 4.039215743541717529e-01 3.411764800548553467e-01 5.647059082984924316e-01
3.411764800548553467e-01 5.647059082984924316e-01 4.352941215038299561e-01 5.647059082984924316e-01
4.352941215038299561e-01 5.647059082984924316e-01 4.352941215038299561e-01 4.039215743541717529e-01
4.352941215038299561e-01 4.039215743541717529e-01 4.352941215038299561e-01 4.039215743541717529e-01
8.313725590705871582e-01 5.137255191802978516e-01 6.549019813537597656e-01 5.137255191802978516e-01
6.549019813537597656e-01 5.137255191802978516e-01 6.549019813537597656e-01 6.588235497474670410e-01
6.549019813537597656e-01 6.588235497474670410e-01 8.941176533699035645e-01 6.588235497474670410e-01
8.941176533699035645e-01 6.588235497474670410e-01 8.941176533699035645e-01 5.137255191802978516e-01
8.941176533699035645e-01 5.137255191802978516e-01 8.313725590705871582e-01 5.137255191802978516e-01
8.313725590705871582e-01 5.137255191802978516e-01 8.313725590705871582e-01 5.137255191802978516e-01
