1.372549086809158325e-01 5.647059082984924316e-01 6.274510174989700317e-02 5.647059082984924316e-01
6.274510174989700317e-02 5.647059082984924316e-01 6.274510174989700317e-02 6.549019813537597656e-01
6.274510174989700317e-02 6.549019813537597656e-01 3.529411852359771729e-01 6.549019813537597656e-01
3.529411852359771729e-01 6.549019813537597656e-01 3.529411852359771729e-01 6.078431606292724609e-01
3.529411852359771729e-01 6.078431606292724609e-01 3.529411852359771729e-01 5.647059082984924316e-01
3.529411852359771729e-01 5.647059082984924316e-01 1.372549086809158325e-01 5.647059082984924316e-01
1.372549086809158325e-01 5.647059082984924316e-01 1.372549086809158325e-01 5.647059082984924316e-01
7.137255072593688965e-01 2.823529541492462158e-01 6.000000238418579102e-01 2.823529541492462158e-01
6.000000238418579102e-01 2.823529541492462158e-01 6.000000238418579102e-01 4.549019634723663330e-01
6.000000238418579102e-01 4.549019634723663330e-01 7.137255072593688965e-01 4.549019634723663330e-01
7.137255072593688965e-01 4.549019634723663330e-01 7.137255072593688965e-01 2.823529541492462158e-01
7.137255072593688965e-01 2.823529541492462158e-01 7.137255072593688965e-01 2.823529541492462158e-01
1.372549086809158325e-01 2.823529541492462158e-01 6.274510174989700317e-02 2.823529541492462158e-01
6.274510174989700317e-02 2.823529541492462158e-01 6.274510174989700317e-02 5.647059082984924316e-01
6.274510174989700317e-02 5.647059082984924316e-01 1.372549086809158325e-01 5.647059082984924316e-01
1.372549086809158325e-01 5.647059082984924316e-01 1.372549086809158325e-01 2.823529541492462158e-01
1.372549086809158325e-01 2.823529541492462158e-01 1.372549086809158325e-01 2.823529541492462158e-01
9.411764740943908691e-01 2.823529541492462158e-01 7.137255072593688965e-01 2.823529541492462158e-01
7.137255072593688965e-01 2.823529541492462158e-01 7.137255072593688965e-01 4.549019634723663330e-01
7.137255072593688965e-01 4.549019634723663330e-01 6.000000238418579102e-01 4.549019634723663330e-01
6.000000238418579102e-01 4.549019634723663330e-01 6.000000238418579102e-01 5.215686559677124023e-01
6.000000238418579102e-01 5.215686559677124023e-01 8.784313797950744629e-01 5.215686559677124023e-01
8.784313797950744629e-01 5.215686559677124023e-01 9.411764740943908691e-01 5.215686559677124023e-01
9.411764740943908691e-01 5.215686559677124023e-01 9.411764740943908691e-01 2.823529541492462158e-01
9.411764740943908691e-01 2.823529541492462158e-01 9.411764740943908691e-01 2.823529541492462158e-01
8.784313797950744629e-01 5.215686559677124023e-01 6.000000238418579102e-01 5.215686559677124023e-01
6.000000238418579102e-01 5.215686559677124023e-01 6.000000238418579102e-01 6.078431606292724609e-01
6.000000238418579102e-01 6.078431606292724609e-01 6.000000238418579102e-01 7.176470756530761719e-01
6.000000238418579102e-01 7.176470756530761719e-01 8.784313797950744629e-01 7.176470756530761719e-01
8.784313797950744629e-01 7.176470756530761719e-01 8.784313797950744629e-01 5.215686559677124023e-01
8.784313797950744629e-01 5.215686559677124023e-01 8.784313797950744629e-01 5.215686559677124023e-01
6.000000238418579102e-01 2.823529541492462158e-01 1.372549086809158325e-01 2.823529541492462158e-01
1.372549086809158325e-01 2.823529541492462158e-01 1.372549086809158325e-01 5.647059082984924316e-01
1.372549086809158325e-01 5.647059082984924316e-01 3.529411852359771729e-01 5.647059082984924316e-01
3.529411852359771729e-01 5.647059082984924316e-01 3.529411852359771729e-01 6.078431606292724609e-01
3.529411852359771729e-01 6.078431606292724609e-01 6.000000238418579102e-01 6.078431606292724609e-01
6.000000238418579102e-01 6.078431606292724609e-01 6.000000238418579102e-01 5.215686559677124023e-01
6.000000238418579102e-01 5.215686559677124023e-01 6.000000238418579102e-01 4.549019634723663330e-01
6.000000238418579102e-01 4.549019634723663330e-01 6.000000238418579102e-01 2.823529541492462158e-01
6.000000238418579102e-01 2.823529541492462158e-01 6.000000238418579102e-01 2.823529541492462158e-01
9.411764740943908691e-01 5.215686559677124023e-01 8.784313797950744629e-01 5.215686559677124023e-01
8.784313797950744629e-01 5.215686559677124023e-01 8.784313797950744629e-01 7.176470756530761719e-01
8.784313797950744629e-01 7.176470756530761719e-01 9.411764740943908691e-01 7.176470756530761719e-01
9.411764740943908691e-01 7.176470756530761719e-01 9.411764740943908691e-01 5.215686559677124023e-01
9.411764740943908691e-01 5.215686559677124023e-01 9.411764740943908691e-01 5.215686559677124023e-01
