5.490196347236633301e-01 2.274509817361831665e-01 4.666666686534881592e-01 2.274509817361831665e-01
4.666666686534881592e-01 2.274509817361831665e-01 4.666666686534881592e-01 3.490196168422698975e-01
4.666666686534881592e-01 3.490196168422698975e-01 5.490196347236633301e-01 3.490196168422698975e-01
5.490196347236633301e-01 3.490196168422698975e-01 5.490196347236633301e-01 2.274509817361831665e-01
5.490196347236633301e-01 2.274509817361831665e-01 5.490196347236633301e-01 2.274509817361831665e-01
2.470588237047195435e-01 2.274509817361831665e-01 1.607843190431594849e-01 2.274509817361831665e-01
1.607843190431594849e-01 2.274509817361831665e-01 1.607843190431594849e-01 4.196078479290008545e-01
1.607843190431594849e-01 4.196078479290008545e-01 2.470588237047195435e-01 4.196078479290008545e-01
2.470588237047195435e-01 4.196078479290008545e-01 2.470588237047195435e-01 2.274509817361831665e-01
2.470588237047195435e-01 2.274509817361831665e-01 2.470588237047195435e-01 2.274509817361831665e-01
4.666666686534881592e-01 2.274509817361831665e-01 2.470588237047195435e-01 2.274509817361831665e-01
2.470588237047195435e-01 2.274509817361831665e-01 2.470588237047195435e-01 4.196078479290008545e-01
2.470588237047195435e-01 4.196078479290008545e-01 4.666666686534881592e-01 4.196078479290008545e-01
4.666666686534881592e-01 4.196078479290008545e-01 4.666666686534881592e-01 3.490196168422698975e-01
4.666666686534881592e-01 3.490196168422698975e-01 4.666666686534881592e-01 2.274509817361831665e-01
4.666666686534881592e-01 2.274509817361831665e-01 4.666666686534881592e-01 2.274509817361831665e-01
7.607843279838562012e-01 2.274509817361831665e-01 5.490196347236633301e-01 2.274509817361831665e-01
5.490196347236633301e-01 2.274509817361831665e-01 5.490196347236633301e-01 3.490196168422698975e-01
5.490196347236633301e-01 3.490196168422698975e-01 5.490196347236633301e-01 4.196078479290008545e-01
5.490196347236633301e-01 4.196078479290008545e-01 7.607843279838562012e-01 4.196078479290008545e-01
7.607843279838562012e-01 4.196078479290008545e-01 7.607843279838562012e-01 3.490196168422698975e-01
7.607843279838562012e-01 3.490196168422698975e-01 7.607843279838562012e-01 2.274509817361831665e-01
7.607843279838562012e-01 2.274509817361831665e-01 7.607843279838562012e-01 2.274509817361831665e-01
4.666666686534881592e-01 3.490196168422698975e-01 4.666666686534881592e-01 4.196078479290008545e-01
4.666666686534881592e-01 4.196078479290008545e-01 4.666666686534881592e-01 6.392157077789306641e-01
4.666666686534881592e-01 6.392157077789306641e-01 5.529412031173706055e-01 6.392157077789306641e-01
5.529412031173706055e-01 6.392157077789306641e-01 7.568627595901489258e-01 6.392157077789306641e-01
7.568627595901489258e-01 6.392157077789306641e-01 8.392156958580017090e-01 6.392157077789306641e-01
8.392156958580017090e-01 6.392157077789306641e-01 8.392156958580017090e-01 3.490196168422698975e-01
8.392156958580017090e-01 3.490196168422698975e-01 7.607843279838562012e-01 3.490196168422698975e-01
7.607843279838562012e-01 3.490196168422698975e-01 7.607843279838562012e-01 4.196078479290008545e-01
7.607843279838562012e-01 4.196078479290008545e-01 5.490196347236633301e-01 4.196078479290008545e-01
5.490196347236633301e-01 4.196078479290008545e-01 5.490196347236633301e-01 3.490196168422698975e-01
5.490196347236633301e-01 3.490196168422698975e-01 4.666666686534881592e-01 3.490196168422698975e-01
4.666666686534881592e-01 3.490196168422698975e-01 4.666666686534881592e-01 3.490196168422698975e-01
7.568627595901489258e-01 6.392157077789306641e-01 5.529412031173706055e-01 6.392157077789306641e-01
5.529412031173706055e-01 6.392157077789306641e-01 5.529412031173706055e-01 7.764706015586853027e-01
5.529412031173706055e-01 7.764706015586853027e-01 7.568627595901489258e-01 7.764706015586853027e-01
7.568627595901489258e-01 7.764706015586853027e-01 7.568627595901489258e-01 6.392157077789306641e-01
7.568627595901489258e-01 6.392157077789306641e-01 7.568627595901489258e-01 6.392157077789306641e-01
