7.215686440467834473e-01 4.588235318660736084e-01 6.078431606292724609e-01 4.588235318660736084e-01
6.078431606292724609e-01 4.588235318660736084e-01 6.078431606292724609e-01 5.568627715110778809e-01
6.078431606292724609e-01 5.568627715110778809e-01 6.745098233222961426e-01 5.568627715110778809e-01
6.745098233222961426e-01 5.568627715110778809e-01 7.215686440467834473e-01 5.568627715110778809e-01
7.215686440467834473e-01 5.568627715110778809e-01 7.215686440467834473e-01 4.588235318660736084e-01
7.215686440467834473e-01 4.588235318660736084e-01 7.215686440467834473e-01 4.588235318660736084e-01
7.215686440467834473e-01 5.568627715110778809e-01 6.745098233222961426e-01 5.568627715110778809e-01
6.745098233222961426e-01 5.568627715110778809e-01 6.745098233222961426e-01 6.274510025978088379e-01
6.745098233222961426e-01 6.274510025978088379e-01 8.196078538894653320e-01 6.274510025978088379e-01
8.196078538894653320e-01 6.274510025978088379e-01 8.196078538894653320e-01 5.568627715110778809e-01
8.196078538894653320e-01 5.568627715110778809e-01 7.803921699523925781e-01 5.568627715110778809e-01
7.803921699523925781e-01 5.568627715110778809e-01 7.215686440467834473e-01 5.568627715110778809e-01
7.215686440467834473e-01 5.568627715110778809e-01 7.215686440467834473e-01 5.568627715110778809e-01
5.294117927551269531e-01 5.568627715110778809e-01 5.294117927551269531e-01 4.980392158031463623e-01
5.294117927551269531e-01 4.980392158031463623e-01 3.490196168422698975e-01 4.980392158031463623e-01
3.490196168422698975e-01 4.980392158031463623e-01 3.490196168422698975e-01 5.568627715110778809e-01
3.490196168422698975e-01 5.568627715110778809e-01 3.490196168422698975e-01 5.921568870544433594e-01
3.490196168422698975e-01 5.921568870544433594e-01 3.490196168422698975e-01 7.019608020782470703e-01
3.490196168422698975e-01 7.019608020782470703e-01 5.294117927551269531e-01 7.019608020782470703e-01
5.294117927551269531e-01 7.019608020782470703e-01 5.294117927551269531e-01 5.568627715110778809e-01
5.294117927551269531e-01 5.568627715110778809e-01 5.294117927551269531e-01 5.568627715110778809e-01
3.490196168422698975e-01 4.980392158031463623e-01 3.490196168422698975e-01 4.274509847164154053e-01
3.490196168422698975e-01 4.274509847164154053e-01 1.843137294054031372e-01 4.274509847164154053e-01
1.843137294054031372e-01 4.274509847164154053e-01 1.843137294054031372e-01 5.921568870544433594e-01
1.843137294054031372e-01 5.921568870544433594e-01 3.490196168422698975e-01 5.921568870544433594e-01
3.490196168422698975e-01 5.921568870544433594e-01 3.490196168422698975e-01 5.568627715110778809e-01
3.490196168422698975e-01 5.568627715110778809e-01 3.490196168422698975e-01 4.980392158031463623e-01
3.490196168422698975e-01 4.980392158031463623e-01 3.490196168422698975e-01 4.980392158031463623e-01
6.078431606292724609e-01 4.588235318660736084e-01 7.215686440467834473e-01 4.588235318660736084e-01
7.215686440467834473e-01 4.588235318660736084e-01 7.215686440467834473e-01 3.764705955982208252e-01
7.215686440467834473e-01 3.764705955982208252e-01 7.803921699523925781e-01 3.764705955982208252e-01
7.803921699523925781e-01 3.764705955982208252e-01 7.803921699523925781e-01 3.019607961177825928e-01
7.803921699523925781e-01 3.019607961177825928e-01 3.490196168422698975e-01 3.019607961177825928e-01
3.490196168422698975e-01 3.019607961177825928e-01 3.490196168422698975e-01 4.274509847164154053e-01
3.490196168422698975e-01 4.274509847164154053e-01 3.490196168422698975e-01 4.980392158031463623e-01
3.490196168422698975e-01 4.980392158031463623e-01 5.294117927551269531e-01 4.980392158031463623e-01
5.294117927551269531e-01 4.980392158031463623e-01 5.294117927551269531e-01 5.568627715110778809e-01
5.294117927551269531e-01 5.568627715110778809e-01 6.078431606292724609e-01 5.568627715110778809e-01
6.078431606292724609e-01 5.568627715110778809e-01 6.078431606292724609e-01 4.588235318660736084e-01
6.078431606292724609e-01 4.588235318660736084e-01 6.078431606292724609e-01 4.588235318660736084e-01
7.215686440467834473e-01 5.568627715110778809e-01 7.803921699523925781e-01 5.568627715110778809e-01
7.803921699523925781e-01 5.568627715110778809e-01 8.196078538894653320e-01 5.568627715110778809e-01
8.196078538894653320e-01 5.568627715110778809e-01 8.196078538894653320e-01 3.764705955982208252e-01
8.196078538894653320e-01 3.764705955982208252e-01 7.803921699523925781e-01 3.764705955982208252e-01
7.803921699523925781e-01 3.764705955982208252e-01 7.215686440467834473e-01 3.764705955982208252e-01
7.215686440467834473e-01 3.764705955982208252e-01 7.215686440467834473e-01 4.588235318660736084e-01
7.215686440467834473e-01 4.588235318660736084e-01 7.215686440467834473e-01 5.568627715110778809e-01
7.215686440467834473e-01 5.568627715110778809e-01 7.215686440467834473e-01 5.568627715110778809e-01
6.078431606292724609e-01 5.568627715110778809e-01 5.294117927551269531e-01 5.568627715110778809e-01
5.294117927551269531e-01 5.568627715110778809e-01 5.294117927551269531e-01 7.019608020782470703e-01
5.294117927551269531e-01 7.019608020782470703e-01 6.745098233222961426e-01 7.019608020782470703e-01
6.745098233222961426e-01 7.019608020782470703e-01 6.745098233222961426e-01 6.274510025978088379e-01
6.745098233222961426e-01 6.274510025978088379e-01 6.745098233222961426e-01 5.568627715110778809e-01
6.745098233222961426e-01 5.568627715110778809e-01 6.078431606292724609e-01 5.568627715110778809e-01
6.078431606292724609e-01 5.568627715110778809e-01 6.078431606292724609e-01 5.568627715110778809e-01
