2.431372553110122681e-01 6.039215922355651855e-01 2.862745225429534912e-01 6.039215922355651855e-01
2.862745225429534912e-01 6.039215922355651855e-01 3.843137323856353760e-01 6.039215922355651855e-01
3.843137323856353760e-01 6.039215922355651855e-01 3.843137323856353760e-01 5.137255191802978516e-01
3.843137323856353760e-01 5.137255191802978516e-01 3.215686380863189697e-01 5.137255191802978516e-01
3.215686380863189697e-01 5.137255191802978516e-01 2.862745225429534912e-01 5.137255191802978516e-01
2.862745225429534912e-01 5.137255191802978516e-01 2.431372553110122681e-01 5.137255191802978516e-01
2.431372553110122681e-01 5.137255191802978516e-01 2.431372553110122681e-01 6.039215922355651855e-01
2.431372553110122681e-01 6.039215922355651855e-01 2.431372553110122681e-01 6.039215922355651855e-01
3.843137323856353760e-01 6.039215922355651855e-01 4.352941215038299561e-01 6.039215922355651855e-01
4.352941215038299561e-01 6.039215922355651855e-01 4.352941215038299561e-01 5.137255191802978516e-01
4.352941215038299561e-01 5.137255191802978516e-01 3.843137323856353760e-01 5.137255191802978516e-01
3.843137323856353760e-01 5.137255191802978516e-01 3.843137323856353760e-01 6.039215922355651855e-01
3.843137323856353760e-01 6.039215922355651855e-01 3.843137323856353760e-01 6.039215922355651855e-01
2.431372553110122681e-01 3.490196168422698975e-01 2.431372553110122681e-01 5.137255191802978516e-01
2.431372553110122681e-01 5.137255191802978516e-01 2.862745225429534912e-01 5.137255191802978516e-01
2.862745225429534912e-01 5.137255191802978516e-01 3.215686380863189697e-01 5.137255191802978516e-01
3.215686380863189697e-01 5.137255191802978516e-01 3.215686380863189697e-01 3.490196168422698975e-01
3.215686380863189697e-01 3.490196168422698975e-01 2.431372553110122681e-01 3.490196168422698975e-01
2.431372553110122681e-01 3.490196168422698975e-01 2.431372553110122681e-01 3.490196168422698975e-01
2.862745225429534912e-01 6.039215922355651855e-01 2.431372553110122681e-01 6.039215922355651855e-01
2.431372553110122681e-01 6.039215922355651855e-01 2.431372553110122681e-01 6.627451181411743164e-01
2.431372553110122681e-01 6.627451181411743164e-01 2.431372553110122681e-01 7.490196228027343750e-01
2.431372553110122681e-01 7.490196228027343750e-01 4.784313738346099854e-01 7.490196228027343750e-01
4.784313738346099854e-01 7.490196228027343750e-01 4.784313738346099854e-01 6.627451181411743164e-01
4.784313738346099854e-01 6.627451181411743164e-01 4.784313738346099854e-01 6.039215922355651855e-01
4.784313738346099854e-01 6.039215922355651855e-01 4.352941215038299561e-01 6.039215922355651855e-01
4.352941215038299561e-01 6.039215922355651855e-01 3.843137323856353760e-01 6.039215922355651855e-01
3.843137323856353760e-01 6.039215922355651855e-01 2.862745225429534912e-01 6.039215922355651855e-01
2.862745225429534912e-01 6.039215922355651855e-01 2.862745225429534912e-01 6.039215922355651855e-01
5.215686559677124023e-01 6.039215922355651855e-01 4.784313738346099854e-01 6.039215922355651855e-01
4.784313738346099854e-01 6.039215922355651855e-01 4.784313738346099854e-01 6.627451181411743164e-01
4.784313738346099854e-01 6.627451181411743164e-01 4.784313738346099854e-01 7.490196228027343750e-01
4.784313738346099854e-01 7.490196228027343750e-01 6.862745285034179688e-01 7.490196228027343750e-01
6.862745285034179688e-01 7.490196228027343750e-01 6.862745285034179688e-01 6.627451181411743164e-01
6.862745285034179688e-01 6.627451181411743164e-01 6.862745285034179688e-01 6.039215922355651855e-01
6.862745285034179688e-01 6.039215922355651855e-01 5.215686559677124023e-01 6.039215922355651855e-01
5.215686559677124023e-01 6.039215922355651855e-01 5.215686559677124023e-01 6.039215922355651855e-01
5.215686559677124023e-01 6.039215922355651855e-01 6.862745285034179688e-01 6.039215922355651855e-01
6.862745285034179688e-01 6.039215922355651855e-01 6.862745285034179688e-01 4.470588266849517822e-01
6.862745285034179688e-01 4.470588266849517822e-01 5.215686559677124023e-01 4.470588266849517822e-01
5.215686559677124023e-01 4.470588266849517822e-01 5.215686559677124023e-01 6.039215922355651855e-01
5.215686559677124023e-01 6.039215922355651855e-01 5.215686559677124023e-01 6.039215922355651855e-01
4.352941215038299561e-01 6.039215922355651855e-01 4.784313738346099854e-01 6.039215922355651855e-01
4.784313738346099854e-01 6.039215922355651855e-01 5.215686559677124023e-01 6.039215922355651855e-01
5.215686559677124023e-01 6.039215922355651855e-01 5.215686559677124023e-01 4.470588266849517822e-01
5.215686559677124023e-01 4.470588266849517822e-01 6.862745285034179688e-01 4.470588266849517822e-01
6.862745285034179688e-01 4.470588266849517822e-01 6.862745285034179688e-01 2.549019753932952881e-01
6.862745285034179688e-01 2.549019753932952881e-01 2.431372553110122681e-01 2.549019753932952881e-01
2.431372553110122681e-01 2.549019753932952881e-01 2.431372553110122681e-01 3.490196168422698975e-01
2.431372553110122681e-01 3.490196168422698975e-01 3.215686380863189697e-01 3.490196168422698975e-01
3.215686380863189697e-01 3.490196168422698975e-01 3.215686380863189697e-01 5.137255191802978516e-01
3.215686380863189697e-01 5.137255191802978516e-01 3.843137323856353760e-01 5.137255191802978516e-01
3.843137323856353760e-01 5.137255191802978516e-01 4.352941215038299561e-01 5.137255191802978516e-01
4.352941215038299561e-01 5.137255191802978516e-01 4.352941215038299561e-01 6.039215922355651855e-01
4.352941215038299561e-01 6.039215922355651855e-01 4.352941215038299561e-01 6.039215922355651855e-01
6.862745285034179688e-01 2.549019753932952881e-01 6.862745285034179688e-01 4.470588266849517822e-01
6.862745285034179688e-01 4.470588266849517822e-01 7.607843279838562012e-01 4.470588266849517822e-01
7.607843279838562012e-01 4.470588266849517822e-01 7.607843279838562012e-01 2.549019753932952881e-01
7.607843279838562012e-01 2.549019753932952881e-01 6.862745285034179688e-01 2.549019753932952881e-01
6.862745285034179688e-01 2.549019753932952881e-01 6.862745285034179688e-01 2.549019753932952881e-01
