4.745098054409027100e-01 6.549019813537597656e-01 3.843137323856353760e-01 6.549019813537597656e-01
3.843137323856353760e-01 6.549019813537597656e-01 3.843137323856353760e-01 7.686274647712707520e-01
3.843137323856353760e-01 7.686274647712707520e-01 4.745098054409027100e-01 7.686274647712707520e-01
4.745098054409027100e-01 7.686274647712707520e-01 4.745098054409027100e-01 6.549019813537597656e-01
4.745098054409027100e-01 6.549019813537597656e-01 4.745098054409027100e-01 6.549019813537597656e-01
4.745098054409027100e-01 7.686274647712707520e-01 6.196078658103942871e-01 7.686274647712707520e-01
6.196078658103942871e-01 7.686274647712707520e-01 6.196078658103942871e-01 3.333333432674407959e-01
6.196078658103942871e-01 3.333333432674407959e-01 3.843137323856353760e-01 3.333333432674407959e-01
3.843137323856353760e-01 3.333333432674407959e-01 3.843137323856353760e-01 6.078431606292724609e-01
3.843137323856353760e-01 6.078431606292724609e-01 4.745098054409027100e-01 6.078431606292724609e-01
4.745098054409027100e-01 6.078431606292724609e-01 4.745098054409027100e-01 6.549019813537597656e-01
4.745098054409027100e-01 6.549019813537597656e-01 4.745098054409027100e-01 7.686274647712707520e-01
4.745098054409027100e-01 7.686274647712707520e-01 4.745098054409027100e-01 7.686274647712707520e-01
3.843137323856353760e-01 6.549019813537597656e-01 4.745098054409027100e-01 6.549019813537597656e-01
4.745098054409027100e-01 6.549019813537597656e-01 4.745098054409027100e-01 6.078431606292724609e-01
4.745098054409027100e-01 6.078431606292724609e-01 3.843137323856353760e-01 6.078431606292724609e-01
3.843137323856353760e-01 6.078431606292724609e-01 3.843137323856353760e-01 6.549019813537597656e-01
3.843137323856353760e-01 6.549019813537597656e-01 3.843137323856353760e-01 6.549019813537597656e-01
3.843137323856353760e-01 2.392156869173049927e-01 3.843137323856353760e-01 3.333333432674407959e-01
3.843137323856353760e-01 3.333333432674407959e-01 6.196078658103942871e-01 3.333333432674407959e-01
6.196078658103942871e-01 3.333333432674407959e-01 6.196078658103942871e-01 2.392156869173049927e-01
6.196078658103942871e-01 2.392156869173049927e-01 3.843137323856353760e-01 2.392156869173049927e-01
3.843137323856353760e-01 2.392156869173049927e-01 3.843137323856353760e-01 2.392156869173049927e-01
