4.078431427478790283e-01 3.960784375667572021e-01 2.784313857555389404e-01 3.960784375667572021e-01
2.784313857555389404e-01 3.960784375667572021e-01 2.784313857555389404e-01 4.980392158031463623e-01
2.784313857555389404e-01 4.980392158031463623e-01 4.078431427478790283e-01 4.980392158031463623e-01
4.078431427478790283e-01 4.980392158031463623e-01 4.078431427478790283e-01 3.960784375667572021e-01
4.078431427478790283e-01 3.960784375667572021e-01 4.078431427478790283e-01 3.960784375667572021e-01
4.627451002597808838e-01 3.960784375667572021e-01 4.078431427478790283e-01 3.960784375667572021e-01
4.078431427478790283e-01 3.960784375667572021e-01 4.078431427478790283e-01 4.980392158031463623e-01
4.078431427478790283e-01 4.980392158031463623e-01 4.627451002597808838e-01 4.980392158031463623e-01
4.627451002597808838e-01 4.980392158031463623e-01 4.627451002597808838e-01 3.960784375667572021e-01
4.627451002597808838e-01 3.960784375667572021e-01 4.627451002597808838e-01 3.960784375667572021e-01
7.882353067398071289e-01 2.392156869173049927e-01 5.019608139991760254e-01 2.392156869173049927e-01
5.019608139991760254e-01 2.392156869173049927e-01 5.019608139991760254e-01 3.333333432674407959e-01
5.019608139991760254e-01 3.333333432674407959e-01 5.019608139991760254e-01 3.960784375667572021e-01
5.019608139991760254e-01 3.960784375667572021e-01 5.019608139991760254e-01 4.392156898975372314e-01
5.019608139991760254e-01 4.392156898975372314e-01 7.882353067398071289e-01 4.392156898975372314e-01
7.882353067398071289e-01 4.392156898975372314e-01 7.882353067398071289e-01 3.333333432674407959e-01
7.882353067398071289e-01 3.333333432674407959e-01 7.882353067398071289e-01 2.392156869173049927e-01
7.882353067398071289e-01 2.392156869173049927e-01 7.882353067398071289e-01 2.392156869173049927e-01
2.784313857555389404e-01 3.960784375667572021e-01 4.078431427478790283e-01 3.960784375667572021e-01
4.078431427478790283e-01 3.960784375667572021e-01 4.627451002597808838e-01 3.960784375667572021e-01
4.627451002597808838e-01 3.960784375667572021e-01 5.019608139991760254e-01 3.960784375667572021e-01
5.019608139991760254e-01 3.960784375667572021e-01 5.019608139991760254e-01 3.333333432674407959e-01
5.019608139991760254e-01 3.333333432674407959e-01 5.019608139991760254e-01 2.392156869173049927e-01
5.019608139991760254e-01 2.392156869173049927e-01 2.784313857555389404e-01 2.392156869173049927e-01
2.784313857555389404e-01 2.392156869173049927e-01 2.784313857555389404e-01 3.333333432674407959e-01
2.784313857555389404e-01 3.333333432674407959e-01 2.784313857555389404e-01 3.960784375667572021e-01
2.784313857555389404e-01 3.960784375667572021e-01 2.784313857555389404e-01 3.960784375667572021e-01
5.019608139991760254e-01 3.960784375667572021e-01 4.627451002597808838e-01 3.960784375667572021e-01
4.627451002597808838e-01 3.960784375667572021e-01 4.627451002597808838e-01 4.980392158031463623e-01
4.627451002597808838e-01 4.980392158031463623e-01 4.078431427478790283e-01 4.980392158031463623e-01
4.078431427478790283e-01 4.980392158031463623e-01 2.784313857555389404e-01 4.980392158031463623e-01
2.784313857555389404e-01 4.980392158031463623e-01 2.784313857555389404e-01 6.352941393852233887e-01
2.784313857555389404e-01 6.352941393852233887e-01 4.470588266849517822e-01 6.352941393852233887e-01
4.470588266849517822e-01 6.352941393852233887e-01 4.470588266849517822e-01 7.490196228027343750e-01
4.470588266849517822e-01 7.490196228027343750e-01 7.882353067398071289e-01 7.490196228027343750e-01
7.882353067398071289e-01 7.490196228027343750e-01 7.882353067398071289e-01 4.392156898975372314e-01
7.882353067398071289e-01 4.392156898975372314e-01 5.019608139991760254e-01 4.392156898975372314e-01
5.019608139991760254e-01 4.392156898975372314e-01 5.019608139991760254e-01 3.960784375667572021e-01
5.019608139991760254e-01 3.960784375667572021e-01 5.019608139991760254e-01 3.960784375667572021e-01
2.784313857555389404e-01 7.490196228027343750e-01 4.470588266849517822e-01 7.490196228027343750e-01
4.470588266849517822e-01 7.490196228027343750e-01 4.470588266849517822e-01 6.352941393852233887e-01
4.470588266849517822e-01 6.352941393852233887e-01 2.784313857555389404e-01 6.352941393852233887e-01
2.784313857555389404e-01 6.352941393852233887e-01 2.078431397676467896e-01 6.352941393852233887e-01
2.078431397676467896e-01 6.352941393852233887e-01 2.078431397676467896e-01 7.490196228027343750e-01
2.078431397676467896e-01 7.490196228027343750e-01 2.784313857555389404e-01 7.490196228027343750e-01
2.784313857555389404e-01 7.490196228027343750e-01 2.784313857555389404e-01 7.490196228027343750e-01
