2.627451121807098389e-01 3.568627536296844482e-01 1.294117718935012817e-01 3.568627536296844482e-01
1.294117718935012817e-01 3.568627536296844482e-01 1.294117718935012817e-01 4.862745106220245361e-01
1.294117718935012817e-01 4.862745106220245361e-01 2.627451121807098389e-01 4.862745106220245361e-01
2.627451121807098389e-01 4.862745106220245361e-01 2.627451121807098389e-01 3.568627536296844482e-01
2.627451121807098389e-01 3.568627536296844482e-01 2.627451121807098389e-01 3.568627536296844482e-01
3.803921639919281006e-01 3.568627536296844482e-01 2.627451121807098389e-01 3.568627536296844482e-01
2.627451121807098389e-01 3.568627536296844482e-01 2.627451121807098389e-01 4.862745106220245361e-01
2.627451121807098389e-01 4.862745106220245361e-01 3.803921639919281006e-01 4.862745106220245361e-01
3.803921639919281006e-01 4.862745106220245361e-01 3.803921639919281006e-01 3.568627536296844482e-01
3.803921639919281006e-01 3.568627536296844482e-01 3.803921639919281006e-01 3.568627536296844482e-01
5.058823823928833008e-01 2.823529541492462158e-01 4.588235318660736084e-01 2.823529541492462158e-01
4.588235318660736084e-01 2.823529541492462158e-01 4.588235318660736084e-01 3.882353007793426514e-01
4.588235318660736084e-01 3.882353007793426514e-01 7.803921699523925781e-01 3.882353007793426514e-01
7.803921699523925781e-01 3.882353007793426514e-01 7.803921699523925781e-01 2.823529541492462158e-01
7.803921699523925781e-01 2.823529541492462158e-01 7.803921699523925781e-01 1.921568661928176880e-01
7.803921699523925781e-01 1.921568661928176880e-01 5.058823823928833008e-01 1.921568661928176880e-01
5.058823823928833008e-01 1.921568661928176880e-01 5.058823823928833008e-01 2.823529541492462158e-01
5.058823823928833008e-01 2.823529541492462158e-01 5.058823823928833008e-01 2.823529541492462158e-01
1.294117718935012817e-01 3.568627536296844482e-01 2.627451121807098389e-01 3.568627536296844482e-01
2.627451121807098389e-01 3.568627536296844482e-01 3.803921639919281006e-01 3.568627536296844482e-01
3.803921639919281006e-01 3.568627536296844482e-01 3.803921639919281006e-01 2.823529541492462158e-01
3.803921639919281006e-01 2.823529541492462158e-01 3.803921639919281006e-01 1.921568661928176880e-01
3.803921639919281006e-01 1.921568661928176880e-01 1.294117718935012817e-01 1.921568661928176880e-01
1.294117718935012817e-01 1.921568661928176880e-01 1.294117718935012817e-01 2.823529541492462158e-01
1.294117718935012817e-01 2.823529541492462158e-01 1.294117718935012817e-01 3.568627536296844482e-01
1.294117718935012817e-01 3.568627536296844482e-01 1.294117718935012817e-01 3.568627536296844482e-01
2.627451121807098389e-01 4.862745106220245361e-01 1.294117718935012817e-01 4.862745106220245361e-01
1.294117718935012817e-01 4.862745106220245361e-01 1.294117718935012817e-01 8.117647171020507812e-01
1.294117718935012817e-01 8.117647171020507812e-01 7.803921699523925781e-01 8.117647171020507812e-01
7.803921699523925781e-01 8.117647171020507812e-01 7.803921699523925781e-01 5.607843399047851562e-01
7.803921699523925781e-01 5.607843399047851562e-01 4.588235318660736084e-01 5.607843399047851562e-01
4.588235318660736084e-01 5.607843399047851562e-01 4.588235318660736084e-01 3.882353007793426514e-01
4.588235318660736084e-01 3.882353007793426514e-01 4.588235318660736084e-01 2.823529541492462158e-01
4.588235318660736084e-01 2.823529541492462158e-01 3.803921639919281006e-01 2.823529541492462158e-01
3.803921639919281006e-01 2.823529541492462158e-01 3.803921639919281006e-01 3.568627536296844482e-01
3.803921639919281006e-01 3.568627536296844482e-01 3.803921639919281006e-01 4.862745106220245361e-01
3.803921639919281006e-01 4.862745106220245361e-01 2.627451121807098389e-01 4.862745106220245361e-01
2.627451121807098389e-01 4.862745106220245361e-01 2.627451121807098389e-01 4.862745106220245361e-01
7.803921699523925781e-01 8.117647171020507812e-01 8.705882430076599121e-01 8.117647171020507812e-01
8.705882430076599121e-01 8.117647171020507812e-01 8.705882430076599121e-01 5.607843399047851562e-01
8.705882430076599121e-01 5.607843399047851562e-01 7.803921699523925781e-01 5.607843399047851562e-01
7.803921699523925781e-01 5.607843399047851562e-01 7.803921699523925781e-01 8.117647171020507812e-01
7.803921699523925781e-01 8.117647171020507812e-01 7.803921699523925781e-01 8.117647171020507812e-01
3.803921639919281006e-01 1.921568661928176880e-01 3.803921639919281006e-01 2.823529541492462158e-01
3.803921639919281006e-01 2.823529541492462158e-01 4.588235318660736084e-01 2.823529541492462158e-01
4.588235318660736084e-01 2.823529541492462158e-01 5.058823823928833008e-01 2.823529541492462158e-01
5.058823823928833008e-01 2.823529541492462158e-01 5.058823823928833008e-01 1.921568661928176880e-01
5.058823823928833008e-01 1.921568661928176880e-01 4.588235318660736084e-01 1.921568661928176880e-01
4.588235318660736084e-01 1.921568661928176880e-01 3.803921639919281006e-01 1.921568661928176880e-01
3.803921639919281006e-01 1.921568661928176880e-01 3.803921639919281006e-01 1.921568661928176880e-01
7.803921699523925781e-01 5.607843399047851562e-01 8.705882430076599121e-01 5.607843399047851562e-01
8.705882430076599121e-01 5.607843399047851562e-01 8.705882430076599121e-01 3.882353007793426514e-01
8.705882430076599121e-01 3.882353007793426514e-01 7.803921699523925781e-01 3.882353007793426514e-01
7.803921699523925781e-01 3.882353007793426514e-01 4.588235318660736084e-01 3.882353007793426514e-01
4.588235318660736084e-01 3.882353007793426514e-01 4.588235318660736084e-01 5.607843399047851562e-01
4.588235318660736084e-01 5.607843399047851562e-01 7.803921699523925781e-01 5.607843399047851562e-01
7.803921699523925781e-01 5.607843399047851562e-01 7.803921699523925781e-01 5.607843399047851562e-01
