3.333333432674407959e-01 4.666666686534881592e-01 2.901960909366607666e-01 4.666666686534881592e-01
2.901960909366607666e-01 4.666666686534881592e-01 2.901960909366607666e-01 5.607843399047851562e-01
2.901960909366607666e-01 5.607843399047851562e-01 3.333333432674407959e-01 5.607843399047851562e-01
3.333333432674407959e-01 5.607843399047851562e-01 4.509803950786590576e-01 5.607843399047851562e-01
4.509803950786590576e-01 5.607843399047851562e-01 4.509803950786590576e-01 4.666666686534881592e-01
4.509803950786590576e-01 4.666666686534881592e-01 3.333333432674407959e-01 4.666666686534881592e-01
3.333333432674407959e-01 4.666666686534881592e-01 3.333333432674407959e-01 4.666666686534881592e-01
5.137255191802978516e-01 4.666666686534881592e-01 4.509803950786590576e-01 4.666666686534881592e-01
4.509803950786590576e-01 4.666666686534881592e-01 4.509803950786590576e-01 5.607843399047851562e-01
4.509803950786590576e-01 5.607843399047851562e-01 5.137255191802978516e-01 5.607843399047851562e-01
5.137255191802978516e-01 5.607843399047851562e-01 5.137255191802978516e-01 4.666666686534881592e-01
5.137255191802978516e-01 4.666666686534881592e-01 5.137255191802978516e-01 4.666666686534881592e-01
6.274510025978088379e-01 2.470588237047195435e-01 6.274510025978088379e-01 2.039215713739395142e-01
6.274510025978088379e-01 2.039215713739395142e-01 5.137255191802978516e-01 2.039215713739395142e-01
5.137255191802978516e-01 2.039215713739395142e-01 5.137255191802978516e-01 2.470588237047195435e-01
5.137255191802978516e-01 2.470588237047195435e-01 5.137255191802978516e-01 2.980392277240753174e-01
5.137255191802978516e-01 2.980392277240753174e-01 5.137255191802978516e-01 3.529411852359771729e-01
5.137255191802978516e-01 3.529411852359771729e-01 6.274510025978088379e-01 3.529411852359771729e-01
6.274510025978088379e-01 3.529411852359771729e-01 6.274510025978088379e-01 2.470588237047195435e-01
6.274510025978088379e-01 2.470588237047195435e-01 6.274510025978088379e-01 2.470588237047195435e-01
4.509803950786590576e-01 5.607843399047851562e-01 3.333333432674407959e-01 5.607843399047851562e-01
3.333333432674407959e-01 5.607843399047851562e-01 3.333333432674407959e-01 7.607843279838562012e-01
3.333333432674407959e-01 7.607843279838562012e-01 5.137255191802978516e-01 7.607843279838562012e-01
5.137255191802978516e-01 7.607843279838562012e-01 5.137255191802978516e-01 7.176470756530761719e-01
5.137255191802978516e-01 7.176470756530761719e-01 5.137255191802978516e-01 5.607843399047851562e-01
5.137255191802978516e-01 5.607843399047851562e-01 4.509803950786590576e-01 5.607843399047851562e-01
4.509803950786590576e-01 5.607843399047851562e-01 4.509803950786590576e-01 5.607843399047851562e-01
3.333333432674407959e-01 4.666666686534881592e-01 4.509803950786590576e-01 4.666666686534881592e-01
4.509803950786590576e-01 4.666666686534881592e-01 5.137255191802978516e-01 4.666666686534881592e-01
5.137255191802978516e-01 4.666666686534881592e-01 5.137255191802978516e-01 3.529411852359771729e-01
5.137255191802978516e-01 3.529411852359771729e-01 5.137255191802978516e-01 2.980392277240753174e-01
5.137255191802978516e-01 2.980392277240753174e-01 3.333333432674407959e-01 2.980392277240753174e-01
3.333333432674407959e-01 2.980392277240753174e-01 3.333333432674407959e-01 4.666666686534881592e-01
3.333333432674407959e-01 4.666666686534881592e-01 3.333333432674407959e-01 4.666666686534881592e-01
7.137255072593688965e-01 2.470588237047195435e-01 6.274510025978088379e-01 2.470588237047195435e-01
6.274510025978088379e-01 2.470588237047195435e-01 6.274510025978088379e-01 3.529411852359771729e-01
6.274510025978088379e-01 3.529411852359771729e-01 5.137255191802978516e-01 3.529411852359771729e-01
5.137255191802978516e-01 3.529411852359771729e-01 5.137255191802978516e-01 4.666666686534881592e-01
5.137255191802978516e-01 4.666666686534881592e-01 5.137255191802978516e-01 5.607843399047851562e-01
5.137255191802978516e-01 5.607843399047851562e-01 5.137255191802978516e-01 7.176470756530761719e-01
5.137255191802978516e-01 7.176470756530761719e-01 7.137255072593688965e-01 7.176470756530761719e-01
7.137255072593688965e-01 7.176470756530761719e-01 7.137255072593688965e-01 2.470588237047195435e-01
7.137255072593688965e-01 2.470588237047195435e-01 7.137255072593688965e-01 2.470588237047195435e-01
7.137255072593688965e-01 7.176470756530761719e-01 5.137255191802978516e-01 7.176470756530761719e-01
5.137255191802978516e-01 7.176470756530761719e-01 5.137255191802978516e-01 7.607843279838562012e-01
5.137255191802978516e-01 7.607843279838562012e-01 5.137255191802978516e-01 8.000000119209289551e-01
5.137255191802978516e-01 8.000000119209289551e-01 7.137255072593688965e-01 8.000000119209289551e-01
7.137255072593688965e-01 8.000000119209289551e-01 7.137255072593688965e-01 7.176470756530761719e-01
7.137255072593688965e-01 7.176470756530761719e-01 7.137255072593688965e-01 7.176470756530761719e-01
