3.411764800548553467e-01 4.235294163227081299e-01 4.392156898975372314e-01 4.235294163227081299e-01
4.392156898975372314e-01 4.235294163227081299e-01 4.392156898975372314e-01 2.588235437870025635e-01
4.392156898975372314e-01 2.588235437870025635e-01 3.411764800548553467e-01 2.588235437870025635e-01
3.411764800548553467e-01 2.588235437870025635e-01 3.411764800548553467e-01 4.235294163227081299e-01
3.411764800548553467e-01 4.235294163227081299e-01 3.411764800548553467e-01 4.235294163227081299e-01
1.607843190431594849e-01 5.019608139991760254e-01 2.588235437870025635e-01 5.019608139991760254e-01
2.588235437870025635e-01 5.019608139991760254e-01 2.588235437870025635e-01 4.235294163227081299e-01
2.588235437870025635e-01 4.235294163227081299e-01 2.588235437870025635e-01 3.764705955982208252e-01
2.588235437870025635e-01 3.764705955982208252e-01 1.607843190431594849e-01 3.764705955982208252e-01
1.607843190431594849e-01 3.764705955982208252e-01 1.607843190431594849e-01 4.235294163227081299e-01
1.607843190431594849e-01 4.235294163227081299e-01 1.607843190431594849e-01 5.019608139991760254e-01
1.607843190431594849e-01 5.019608139991760254e-01 1.607843190431594849e-01 5.019608139991760254e-01
2.588235437870025635e-01 5.019608139991760254e-01 1.607843190431594849e-01 5.019608139991760254e-01
1.607843190431594849e-01 5.019608139991760254e-01 1.607843190431594849e-01 5.960784554481506348e-01
1.607843190431594849e-01 5.960784554481506348e-01 2.588235437870025635e-01 5.960784554481506348e-01
2.588235437870025635e-01 5.960784554481506348e-01 2.588235437870025635e-01 5.019608139991760254e-01
2.588235437870025635e-01 5.019608139991760254e-01 2.588235437870025635e-01 5.019608139991760254e-01
4.392156898975372314e-01 4.235294163227081299e-01 5.568627715110778809e-01 4.235294163227081299e-01
5.568627715110778809e-01 4.235294163227081299e-01 5.568627715110778809e-01 2.588235437870025635e-01
5.568627715110778809e-01 2.588235437870025635e-01 4.392156898975372314e-01 2.588235437870025635e-01
4.392156898975372314e-01 2.588235437870025635e-01 4.392156898975372314e-01 4.235294163227081299e-01
4.392156898975372314e-01 4.235294163227081299e-01 4.392156898975372314e-01 4.235294163227081299e-01
3.568627536296844482e-01 5.019608139991760254e-01 2.588235437870025635e-01 5.019608139991760254e-01
2.588235437870025635e-01 5.019608139991760254e-01 2.588235437870025635e-01 5.960784554481506348e-01
2.588235437870025635e-01 5.960784554481506348e-01 1.607843190431594849e-01 5.960784554481506348e-01
1.607843190431594849e-01 5.960784554481506348e-01 1.607843190431594849e-01 8.470588326454162598e-01
1.607843190431594849e-01 8.470588326454162598e-01 3.568627536296844482e-01 8.470588326454162598e-01
3.568627536296844482e-01 8.470588326454162598e-01 3.568627536296844482e-01 7.529411911964416504e-01
3.568627536296844482e-01 7.529411911964416504e-01 3.568627536296844482e-01 6.901960968971252441e-01
3.568627536296844482e-01 6.901960968971252441e-01 3.568627536296844482e-01 5.019608139991760254e-01
3.568627536296844482e-01 5.019608139991760254e-01 3.568627536296844482e-01 5.019608139991760254e-01
1.607843190431594849e-01 1.568627506494522095e-01 1.607843190431594849e-01 3.764705955982208252e-01
1.607843190431594849e-01 3.764705955982208252e-01 2.588235437870025635e-01 3.764705955982208252e-01
2.588235437870025635e-01 3.764705955982208252e-01 2.588235437870025635e-01 4.235294163227081299e-01
2.588235437870025635e-01 4.235294163227081299e-01 3.411764800548553467e-01 4.235294163227081299e-01
3.411764800548553467e-01 4.235294163227081299e-01 3.411764800548553467e-01 2.588235437870025635e-01
3.411764800548553467e-01 2.588235437870025635e-01 3.411764800548553467e-01 1.568627506494522095e-01
3.411764800548553467e-01 1.568627506494522095e-01 1.607843190431594849e-01 1.568627506494522095e-01
1.607843190431594849e-01 1.568627506494522095e-01 1.607843190431594849e-01 1.568627506494522095e-01
5.254902243614196777e-01 5.019608139991760254e-01 3.568627536296844482e-01 5.019608139991760254e-01
3.568627536296844482e-01 5.019608139991760254e-01 3.568627536296844482e-01 6.901960968971252441e-01
3.568627536296844482e-01 6.901960968971252441e-01 5.254902243614196777e-01 6.901960968971252441e-01
5.254902243614196777e-01 6.901960968971252441e-01 5.254902243614196777e-01 5.019608139991760254e-01
5.254902243614196777e-01 5.019608139991760254e-01 5.254902243614196777e-01 5.019608139991760254e-01
2.588235437870025635e-01 5.019608139991760254e-01 3.568627536296844482e-01 5.019608139991760254e-01
3.568627536296844482e-01 5.019608139991760254e-01 5.254902243614196777e-01 5.019608139991760254e-01
5.254902243614196777e-01 5.019608139991760254e-01 5.254902243614196777e-01 6.901960968971252441e-01
5.254902243614196777e-01 6.901960968971252441e-01 3.568627536296844482e-01 6.901960968971252441e-01
3.568627536296844482e-01 6.901960968971252441e-01 3.568627536296844482e-01 7.529411911964416504e-01
3.568627536296844482e-01 7.529411911964416504e-01 5.294117927551269531e-01 7.529411911964416504e-01
5.294117927551269531e-01 7.529411911964416504e-01 7.607843279838562012e-01 7.529411911964416504e-01
7.607843279838562012e-01 7.529411911964416504e-01 8.431372642517089844e-01 7.529411911964416504e-01
8.431372642517089844e-01 7.529411911964416504e-01 8.431372642517089844e-01 2.588235437870025635e-01
8.431372642517089844e-01 2.588235437870025635e-01 7.294117808341979980e-01 2.588235437870025635e-01
7.294117808341979980e-01 2.588235437870025635e-01 5.568627715110778809e-01 2.588235437870025635e-01
5.568627715110778809e-01 2.588235437870025635e-01 5.568627715110778809e-01 4.235294163227081299e-01
5.568627715110778809e-01 4.235294163227081299e-01 4.392156898975372314e-01 4.235294163227081299e-01
4.392156898975372314e-01 4.235294163227081299e-01 3.411764800548553467e-01 4.235294163227081299e-01
3.411764800548553467e-01 4.235294163227081299e-01 2.588235437870025635e-01 4.235294163227081299e-01
2.588235437870025635e-01 4.235294163227081299e-01 2.588235437870025635e-01 5.019608139991760254e-01
2.588235437870025635e-01 5.019608139991760254e-01 2.588235437870025635e-01 5.019608139991760254e-01
4.392156898975372314e-01 2.588235437870025635e-01 5.568627715110778809e-01 2.588235437870025635e-01
5.568627715110778809e-01 2.588235437870025635e-01 7.294117808341979980e-01 2.588235437870025635e-01
7.294117808341979980e-01 2.588235437870025635e-01 7.294117808341979980e-01 1.764705926179885864e-01
7.294117808341979980e-01 1.764705926179885864e-01 4.392156898975372314e-01 1.764705926179885864e-01
4.392156898975372314e-01 1.764705926179885864e-01 4.392156898975372314e-01 2.588235437870025635e-01
4.392156898975372314e-01 2.588235437870025635e-01 4.392156898975372314e-01 2.588235437870025635e-01
7.607843279838562012e-01 7.529411911964416504e-01 5.294117927551269531e-01 7.529411911964416504e-01
5.294117927551269531e-01 7.529411911964416504e-01 5.294117927551269531e-01 8.352941274642944336e-01
5.294117927551269531e-01 8.352941274642944336e-01 7.607843279838562012e-01 8.352941274642944336e-01
7.607843279838562012e-01 8.352941274642944336e-01 7.607843279838562012e-01 7.529411911964416504e-01
7.607843279838562012e-01 7.529411911964416504e-01 7.607843279838562012e-01 7.529411911964416504e-01
