5.411764979362487793e-01 1.882352977991104126e-01 4.431372582912445068e-01 1.882352977991104126e-01
4.431372582912445068e-01 1.882352977991104126e-01 4.431372582912445068e-01 3.137255012989044189e-01
4.431372582912445068e-01 3.137255012989044189e-01 5.411764979362487793e-01 3.137255012989044189e-01
5.411764979362487793e-01 3.137255012989044189e-01 5.411764979362487793e-01 1.882352977991104126e-01
5.411764979362487793e-01 1.882352977991104126e-01 5.411764979362487793e-01 1.882352977991104126e-01
5.411764979362487793e-01 3.137255012989044189e-01 4.431372582912445068e-01 3.137255012989044189e-01
4.431372582912445068e-01 3.137255012989044189e-01 4.431372582912445068e-01 3.764705955982208252e-01
4.431372582912445068e-01 3.764705955982208252e-01 5.411764979362487793e-01 3.764705955982208252e-01
5.411764979362487793e-01 3.764705955982208252e-01 5.411764979362487793e-01 3.137255012989044189e-01
5.411764979362487793e-01 3.137255012989044189e-01 5.411764979362487793e-01 3.137255012989044189e-01
4.470588266849517822e-01 5.960784554481506348e-01 2.470588237047195435e-01 5.960784554481506348e-01
2.470588237047195435e-01 5.960784554481506348e-01 2.470588237047195435e-01 8.196078538894653320e-01
2.470588237047195435e-01 8.196078538894653320e-01 4.470588266849517822e-01 8.196078538894653320e-01
4.470588266849517822e-01 8.196078538894653320e-01 4.470588266849517822e-01 5.960784554481506348e-01
4.470588266849517822e-01 5.960784554481506348e-01 4.470588266849517822e-01 5.960784554481506348e-01
4.431372582912445068e-01 1.882352977991104126e-01 2.588235437870025635e-01 1.882352977991104126e-01
2.588235437870025635e-01 1.882352977991104126e-01 2.588235437870025635e-01 3.764705955982208252e-01
2.588235437870025635e-01 3.764705955982208252e-01 4.431372582912445068e-01 3.764705955982208252e-01
4.431372582912445068e-01 3.764705955982208252e-01 4.431372582912445068e-01 3.137255012989044189e-01
4.431372582912445068e-01 3.137255012989044189e-01 4.431372582912445068e-01 1.882352977991104126e-01
4.431372582912445068e-01 1.882352977991104126e-01 4.431372582912445068e-01 1.882352977991104126e-01
2.588235437870025635e-01 1.882352977991104126e-01 2.039215713739395142e-01 1.882352977991104126e-01
2.039215713739395142e-01 1.882352977991104126e-01 2.039215713739395142e-01 5.960784554481506348e-01
2.039215713739395142e-01 5.960784554481506348e-01 2.470588237047195435e-01 5.960784554481506348e-01
2.470588237047195435e-01 5.960784554481506348e-01 4.470588266849517822e-01 5.960784554481506348e-01
4.470588266849517822e-01 5.960784554481506348e-01 6.745098233222961426e-01 5.960784554481506348e-01
6.745098233222961426e-01 5.960784554481506348e-01 6.745098233222961426e-01 3.137255012989044189e-01
6.745098233222961426e-01 3.137255012989044189e-01 6.745098233222961426e-01 1.882352977991104126e-01
6.745098233222961426e-01 1.882352977991104126e-01 5.411764979362487793e-01 1.882352977991104126e-01
5.411764979362487793e-01 1.882352977991104126e-01 5.411764979362487793e-01 3.137255012989044189e-01
5.411764979362487793e-01 3.137255012989044189e-01 5.411764979362487793e-01 3.764705955982208252e-01
5.411764979362487793e-01 3.764705955982208252e-01 4.431372582912445068e-01 3.764705955982208252e-01
4.431372582912445068e-01 3.764705955982208252e-01 2.588235437870025635e-01 3.764705955982208252e-01
2.588235437870025635e-01 3.764705955982208252e-01 2.588235437870025635e-01 1.882352977991104126e-01
2.588235437870025635e-01 1.882352977991104126e-01 2.588235437870025635e-01 1.882352977991104126e-01
8.000000119209289551e-01 1.882352977991104126e-01 6.745098233222961426e-01 1.882352977991104126e-01
6.745098233222961426e-01 1.882352977991104126e-01 6.745098233222961426e-01 3.137255012989044189e-01
6.745098233222961426e-01 3.137255012989044189e-01 8.000000119209289551e-01 3.137255012989044189e-01
8.000000119209289551e-01 3.137255012989044189e-01 8.000000119209289551e-01 1.882352977991104126e-01
8.000000119209289551e-01 1.882352977991104126e-01 8.000000119209289551e-01 1.882352977991104126e-01
