2.235294133424758911e-01 2.313725501298904419e-01 9.019608050584793091e-02 2.313725501298904419e-01
9.019608050584793091e-02 2.313725501298904419e-01 9.019608050584793091e-02 4.000000059604644775e-01
9.019608050584793091e-02 4.000000059604644775e-01 2.235294133424758911e-01 4.000000059604644775e-01
2.235294133424758911e-01 4.000000059604644775e-01 2.235294133424758911e-01 2.313725501298904419e-01
2.235294133424758911e-01 2.313725501298904419e-01 2.235294133424758911e-01 2.313725501298904419e-01
4.039215743541717529e-01 4.000000059604644775e-01 5.137255191802978516e-01 4.000000059604644775e-01
5.137255191802978516e-01 4.000000059604644775e-01 5.137255191802978516e-01 3.333333432674407959e-01
5.137255191802978516e-01 3.333333432674407959e-01 4.039215743541717529e-01 3.333333432674407959e-01
4.039215743541717529e-01 3.333333432674407959e-01 4.039215743541717529e-01 4.000000059604644775e-01
4.039215743541717529e-01 4.000000059604644775e-01 4.039215743541717529e-01 4.000000059604644775e-01
5.137255191802978516e-01 2.313725501298904419e-01 4.039215743541717529e-01 2.313725501298904419e-01
4.039215743541717529e-01 2.313725501298904419e-01 4.039215743541717529e-01 3.333333432674407959e-01
4.039215743541717529e-01 3.333333432674407959e-01 5.137255191802978516e-01 3.333333432674407959e-01
5.137255191802978516e-01 3.333333432674407959e-01 5.137255191802978516e-01 2.313725501298904419e-01
5.137255191802978516e-01 2.313725501298904419e-01 5.137255191802978516e-01 2.313725501298904419e-01
6.431372761726379395e-01 2.313725501298904419e-01 5.137255191802978516e-01 2.313725501298904419e-01
5.137255191802978516e-01 2.313725501298904419e-01 5.137255191802978516e-01 3.333333432674407959e-01
5.137255191802978516e-01 3.333333432674407959e-01 5.137255191802978516e-01 4.000000059604644775e-01
5.137255191802978516e-01 4.000000059604644775e-01 6.431372761726379395e-01 4.000000059604644775e-01
6.431372761726379395e-01 4.000000059604644775e-01 6.431372761726379395e-01 2.313725501298904419e-01
6.431372761726379395e-01 2.313725501298904419e-01 6.431372761726379395e-01 2.313725501298904419e-01
2.235294133424758911e-01 4.784313738346099854e-01 2.235294133424758911e-01 5.176470875740051270e-01
2.235294133424758911e-01 5.176470875740051270e-01 9.019608050584793091e-02 5.176470875740051270e-01
9.019608050584793091e-02 5.176470875740051270e-01 9.019608050584793091e-02 7.568627595901489258e-01
9.019608050584793091e-02 7.568627595901489258e-01 2.235294133424758911e-01 7.568627595901489258e-01
2.235294133424758911e-01 7.568627595901489258e-01 3.058823645114898682e-01 7.568627595901489258e-01
3.058823645114898682e-01 7.568627595901489258e-01 3.058823645114898682e-01 4.784313738346099854e-01
3.058823645114898682e-01 4.784313738346099854e-01 2.235294133424758911e-01 4.784313738346099854e-01
2.235294133424758911e-01 4.784313738346099854e-01 2.235294133424758911e-01 4.784313738346099854e-01
3.058823645114898682e-01 7.568627595901489258e-01 4.823529422283172607e-01 7.568627595901489258e-01
4.823529422283172607e-01 7.568627595901489258e-01 4.823529422283172607e-01 4.784313738346099854e-01
4.823529422283172607e-01 4.784313738346099854e-01 3.058823645114898682e-01 4.784313738346099854e-01
3.058823645114898682e-01 4.784313738346099854e-01 3.058823645114898682e-01 7.568627595901489258e-01
3.058823645114898682e-01 7.568627595901489258e-01 3.058823645114898682e-01 7.568627595901489258e-01
4.039215743541717529e-01 2.313725501298904419e-01 2.235294133424758911e-01 2.313725501298904419e-01
2.235294133424758911e-01 2.313725501298904419e-01 2.235294133424758911e-01 4.000000059604644775e-01
2.235294133424758911e-01 4.000000059604644775e-01 4.039215743541717529e-01 4.000000059604644775e-01
4.039215743541717529e-01 4.000000059604644775e-01 4.039215743541717529e-01 3.333333432674407959e-01
4.039215743541717529e-01 3.333333432674407959e-01 4.039215743541717529e-01 2.313725501298904419e-01
4.039215743541717529e-01 2.313725501298904419e-01 4.039215743541717529e-01 2.313725501298904419e-01
4.039215743541717529e-01 4.000000059604644775e-01 2.235294133424758911e-01 4.000000059604644775e-01
2.235294133424758911e-01 4.000000059604644775e-01 2.235294133424758911e-01 4.784313738346099854e-01
2.235294133424758911e-01 4.784313738346099854e-01 3.058823645114898682e-01 4.784313738346099854e-01
3.058823645114898682e-01 4.784313738346099854e-01 4.823529422283172607e-01 4.784313738346099854e-01
4.823529422283172607e-01 4.784313738346099854e-01 4.823529422283172607e-01 7.568627595901489258e-01
4.823529422283172607e-01 7.568627595901489258e-01 5.882353186607360840e-01 7.568627595901489258e-01
5.882353186607360840e-01 7.568627595901489258e-01 9.098039269447326660e-01 7.568627595901489258e-01
9.098039269447326660e-01 7.568627595901489258e-01 9.098039269447326660e-01 4.000000059604644775e-01
9.098039269447326660e-01 4.000000059604644775e-01 6.431372761726379395e-01 4.000000059604644775e-01
6.431372761726379395e-01 4.000000059604644775e-01 5.137255191802978516e-01 4.000000059604644775e-01
5.137255191802978516e-01 4.000000059604644775e-01 4.039215743541717529e-01 4.000000059604644775e-01
4.039215743541717529e-01 4.000000059604644775e-01 4.039215743541717529e-01 4.000000059604644775e-01
9.098039269447326660e-01 7.568627595901489258e-01 5.882353186607360840e-01 7.568627595901489258e-01
5.882353186607360840e-01 7.568627595901489258e-01 5.882353186607360840e-01 8.549019694328308105e-01
5.882353186607360840e-01 8.549019694328308105e-01 9.098039269447326660e-01 8.549019694328308105e-01
9.098039269447326660e-01 8.549019694328308105e-01 9.098039269447326660e-01 7.568627595901489258e-01
9.098039269447326660e-01 7.568627595901489258e-01 9.098039269447326660e-01 7.568627595901489258e-01
5.137255191802978516e-01 2.313725501298904419e-01 6.431372761726379395e-01 2.313725501298904419e-01
6.431372761726379395e-01 2.313725501298904419e-01 6.431372761726379395e-01 1.490196138620376587e-01
6.431372761726379395e-01 1.490196138620376587e-01 5.137255191802978516e-01 1.490196138620376587e-01
5.137255191802978516e-01 1.490196138620376587e-01 5.137255191802978516e-01 2.313725501298904419e-01
5.137255191802978516e-01 2.313725501298904419e-01 5.137255191802978516e-01 2.313725501298904419e-01
2.235294133424758911e-01 4.000000059604644775e-01 9.019608050584793091e-02 4.000000059604644775e-01
9.019608050584793091e-02 4.000000059604644775e-01 9.019608050584793091e-02 4.784313738346099854e-01
9.019608050584793091e-02 4.784313738346099854e-01 9.019608050584793091e-02 5.176470875740051270e-01
9.019608050584793091e-02 5.176470875740051270e-01 2.235294133424758911e-01 5.176470875740051270e-01
2.235294133424758911e-01 5.176470875740051270e-01 2.235294133424758911e-01 4.784313738346099854e-01
2.235294133424758911e-01 4.784313738346099854e-01 2.235294133424758911e-01 4.000000059604644775e-01
2.235294133424758911e-01 4.000000059604644775e-01 2.235294133424758911e-01 4.000000059604644775e-01
