5.529412031173706055e-01 3.490196168422698975e-01 5.098039507865905762e-01 3.490196168422698975e-01
5.098039507865905762e-01 3.490196168422698975e-01 5.098039507865905762e-01 4.745098054409027100e-01
5.098039507865905762e-01 4.745098054409027100e-01 5.098039507865905762e-01 5.450980663299560547e-01
5.098039507865905762e-01 5.450980663299560547e-01 5.529412031173706055e-01 5.450980663299560547e-01
5.529412031173706055e-01 5.450980663299560547e-01 5.529412031173706055e-01 4.745098054409027100e-01
5.529412031173706055e-01 4.745098054409027100e-01 6.117647290229797363e-01 4.745098054409027100e-01
6.117647290229797363e-01 4.745098054409027100e-01 6.117647290229797363e-01 3.490196168422698975e-01
6.117647290229797363e-01 3.490196168422698975e-01 5.529412031173706055e-01 3.490196168422698975e-01
5.529412031173706055e-01 3.490196168422698975e-01 5.529412031173706055e-01 3.490196168422698975e-01
3.215686380863189697e-01 5.450980663299560547e-01 2.313725501298904419e-01 5.450980663299560547e-01
2.313725501298904419e-01 5.450980663299560547e-01 2.313725501298904419e-01 6.078431606292724609e-01
2.313725501298904419e-01 6.078431606292724609e-01 3.215686380863189697e-01 6.078431606292724609e-01
3.215686380863189697e-01 6.078431606292724609e-01 3.215686380863189697e-01 5.450980663299560547e-01
3.215686380863189697e-01 5.450980663299560547e-01 3.215686380863189697e-01 5.450980663299560547e-01
2.313725501298904419e-01 5.450980663299560547e-01 1.333333402872085571e-01 5.450980663299560547e-01
1.333333402872085571e-01 5.450980663299560547e-01 1.333333402872085571e-01 6.078431606292724609e-01
1.333333402872085571e-01 6.078431606292724609e-01 2.313725501298904419e-01 6.078431606292724609e-01
2.313725501298904419e-01 6.078431606292724609e-01 2.313725501298904419e-01 5.450980663299560547e-01
2.313725501298904419e-01 5.450980663299560547e-01 2.313725501298904419e-01 5.450980663299560547e-01
8.705882430076599121e-01 5.450980663299560547e-01 7.725490331649780273e-01 5.450980663299560547e-01
7.725490331649780273e-01 5.450980663299560547e-01 7.725490331649780273e-01 7.490196228027343750e-01
7.725490331649780273e-01 7.490196228027343750e-01 8.705882430076599121e-01 7.490196228027343750e-01
8.705882430076599121e-01 7.490196228027343750e-01 8.705882430076599121e-01 5.450980663299560547e-01
8.705882430076599121e-01 5.450980663299560547e-01 8.705882430076599121e-01 5.450980663299560547e-01
8.705882430076599121e-01 3.490196168422698975e-01 6.117647290229797363e-01 3.490196168422698975e-01
6.117647290229797363e-01 3.490196168422698975e-01 6.117647290229797363e-01 4.745098054409027100e-01
6.117647290229797363e-01 4.745098054409027100e-01 5.529412031173706055e-01 4.745098054409027100e-01
5.529412031173706055e-01 4.745098054409027100e-01 5.529412031173706055e-01 5.450980663299560547e-01
5.529412031173706055e-01 5.450980663299560547e-01 7.725490331649780273e-01 5.450980663299560547e-01
7.725490331649780273e-01 5.450980663299560547e-01 8.705882430076599121e-01 5.450980663299560547e-01
8.705882430076599121e-01 5.450980663299560547e-01 8.705882430076599121e-01 3.490196168422698975e-01
8.705882430076599121e-01 3.490196168422698975e-01 8.705882430076599121e-01 3.490196168422698975e-01
1.333333402872085571e-01 5.450980663299560547e-01 2.313725501298904419e-01 5.450980663299560547e-01
2.313725501298904419e-01 5.450980663299560547e-01 3.215686380863189697e-01 5.450980663299560547e-01
3.215686380863189697e-01 5.450980663299560547e-01 3.215686380863189697e-01 3.764705955982208252e-01
3.215686380863189697e-01 3.764705955982208252e-01 1.333333402872085571e-01 3.764705955982208252e-01
1.333333402872085571e-01 3.764705955982208252e-01 1.333333402872085571e-01 5.450980663299560547e-01
1.333333402872085571e-01 5.450980663299560547e-01 1.333333402872085571e-01 5.450980663299560547e-01
5.098039507865905762e-01 5.450980663299560547e-01 3.215686380863189697e-01 5.450980663299560547e-01
3.215686380863189697e-01 5.450980663299560547e-01 3.215686380863189697e-01 6.078431606292724609e-01
3.215686380863189697e-01 6.078431606292724609e-01 3.215686380863189697e-01 7.490196228027343750e-01
3.215686380863189697e-01 7.490196228027343750e-01 7.725490331649780273e-01 7.490196228027343750e-01
7.725490331649780273e-01 7.490196228027343750e-01 7.725490331649780273e-01 5.450980663299560547e-01
7.725490331649780273e-01 5.450980663299560547e-01 5.529412031173706055e-01 5.450980663299560547e-01
5.529412031173706055e-01 5.450980663299560547e-01 5.098039507865905762e-01 5.450980663299560547e-01
5.098039507865905762e-01 5.450980663299560547e-01 5.098039507865905762e-01 5.450980663299560547e-01
2.313725501298904419e-01 6.078431606292724609e-01 1.333333402872085571e-01 6.078431606292724609e-01
1.333333402872085571e-01 6.078431606292724609e-01 1.333333402872085571e-01 7.490196228027343750e-01
1.333333402872085571e-01 7.490196228027343750e-01 3.215686380863189697e-01 7.490196228027343750e-01
3.215686380863189697e-01 7.490196228027343750e-01 3.215686380863189697e-01 6.078431606292724609e-01
3.215686380863189697e-01 6.078431606292724609e-01 2.313725501298904419e-01 6.078431606292724609e-01
2.313725501298904419e-01 6.078431606292724609e-01 2.313725501298904419e-01 6.078431606292724609e-01
5.098039507865905762e-01 3.490196168422698975e-01 5.529412031173706055e-01 3.490196168422698975e-01
5.529412031173706055e-01 3.490196168422698975e-01 5.529412031173706055e-01 2.509804069995880127e-01
5.529412031173706055e-01 2.509804069995880127e-01 3.215686380863189697e-01 2.509804069995880127e-01
3.215686380863189697e-01 2.509804069995880127e-01 3.215686380863189697e-01 3.764705955982208252e-01
3.215686380863189697e-01 3.764705955982208252e-01 3.215686380863189697e-01 5.450980663299560547e-01
3.215686380863189697e-01 5.450980663299560547e-01 5.098039507865905762e-01 5.450980663299560547e-01
5.098039507865905762e-01 5.450980663299560547e-01 5.098039507865905762e-01 4.745098054409027100e-01
5.098039507865905762e-01 4.745098054409027100e-01 5.098039507865905762e-01 3.490196168422698975e-01
5.098039507865905762e-01 3.490196168422698975e-01 5.098039507865905762e-01 3.490196168422698975e-01
