6.156862974166870117e-01 2.470588237047195435e-01 4.823529422283172607e-01 2.470588237047195435e-01
4.823529422283172607e-01 2.470588237047195435e-01 4.823529422283172607e-01 3.647058904170989990e-01
4.823529422283172607e-01 3.647058904170989990e-01 6.156862974166870117e-01 3.647058904170989990e-01
6.156862974166870117e-01 3.647058904170989990e-01 6.156862974166870117e-01 2.470588237047195435e-01
6.156862974166870117e-01 2.470588237047195435e-01 6.156862974166870117e-01 2.470588237047195435e-01
2.431372553110122681e-01 2.470588237047195435e-01 1.607843190431594849e-01 2.470588237047195435e-01
1.607843190431594849e-01 2.470588237047195435e-01 1.607843190431594849e-01 4.274509847164154053e-01
1.607843190431594849e-01 4.274509847164154053e-01 2.431372553110122681e-01 4.274509847164154053e-01
2.431372553110122681e-01 4.274509847164154053e-01 2.431372553110122681e-01 2.470588237047195435e-01
2.431372553110122681e-01 2.470588237047195435e-01 2.431372553110122681e-01 2.470588237047195435e-01
4.823529422283172607e-01 2.470588237047195435e-01 2.431372553110122681e-01 2.470588237047195435e-01
2.431372553110122681e-01 2.470588237047195435e-01 2.431372553110122681e-01 4.274509847164154053e-01
2.431372553110122681e-01 4.274509847164154053e-01 4.823529422283172607e-01 4.274509847164154053e-01
4.823529422283172607e-01 4.274509847164154053e-01 4.823529422283172607e-01 3.647058904170989990e-01
4.823529422283172607e-01 3.647058904170989990e-01 4.823529422283172607e-01 2.470588237047195435e-01
4.823529422283172607e-01 2.470588237047195435e-01 4.823529422283172607e-01 2.470588237047195435e-01
8.392156958580017090e-01 2.470588237047195435e-01 6.156862974166870117e-01 2.470588237047195435e-01
6.156862974166870117e-01 2.470588237047195435e-01 6.156862974166870117e-01 3.647058904170989990e-01
6.156862974166870117e-01 3.647058904170989990e-01 6.156862974166870117e-01 4.274509847164154053e-01
6.156862974166870117e-01 4.274509847164154053e-01 8.392156958580017090e-01 4.274509847164154053e-01
8.392156958580017090e-01 4.274509847164154053e-01 8.392156958580017090e-01 3.647058904170989990e-01
8.392156958580017090e-01 3.647058904170989990e-01 8.392156958580017090e-01 2.470588237047195435e-01
8.392156958580017090e-01 2.470588237047195435e-01 8.392156958580017090e-01 2.470588237047195435e-01
4.823529422283172607e-01 3.647058904170989990e-01 4.823529422283172607e-01 4.274509847164154053e-01
4.823529422283172607e-01 4.274509847164154053e-01 4.823529422283172607e-01 6.862745285034179688e-01
4.823529422283172607e-01 6.862745285034179688e-01 5.921568870544433594e-01 6.862745285034179688e-01
5.921568870544433594e-01 6.862745285034179688e-01 5.921568870544433594e-01 6.313725709915161133e-01
5.921568870544433594e-01 6.313725709915161133e-01 8.392156958580017090e-01 6.313725709915161133e-01
8.392156958580017090e-01 6.313725709915161133e-01 8.392156958580017090e-01 4.274509847164154053e-01
8.392156958580017090e-01 4.274509847164154053e-01 6.156862974166870117e-01 4.274509847164154053e-01
6.156862974166870117e-01 4.274509847164154053e-01 6.156862974166870117e-01 3.647058904170989990e-01
6.156862974166870117e-01 3.647058904170989990e-01 4.823529422283172607e-01 3.647058904170989990e-01
4.823529422283172607e-01 3.647058904170989990e-01 4.823529422283172607e-01 3.647058904170989990e-01
8.392156958580017090e-01 6.862745285034179688e-01 8.392156958580017090e-01 6.313725709915161133e-01
8.392156958580017090e-01 6.313725709915161133e-01 5.921568870544433594e-01 6.313725709915161133e-01
5.921568870544433594e-01 6.313725709915161133e-01 5.921568870544433594e-01 6.862745285034179688e-01
5.921568870544433594e-01 6.862745285034179688e-01 5.921568870544433594e-01 7.529411911964416504e-01
5.921568870544433594e-01 7.529411911964416504e-01 8.392156958580017090e-01 7.529411911964416504e-01
8.392156958580017090e-01 7.529411911964416504e-01 8.392156958580017090e-01 6.862745285034179688e-01
8.392156958580017090e-01 6.862745285034179688e-01 8.392156958580017090e-01 6.862745285034179688e-01
