5.921568870544433594e-01 2.588235437870025635e-01 4.705882370471954346e-01 2.588235437870025635e-01
4.705882370471954346e-01 2.588235437870025635e-01 4.705882370471954346e-01 3.803921639919281006e-01
4.705882370471954346e-01 3.803921639919281006e-01 5.921568870544433594e-01 3.803921639919281006e-01
5.921568870544433594e-01 3.803921639919281006e-01 5.921568870544433594e-01 3.137255012989044189e-01
5.921568870544433594e-01 3.137255012989044189e-01 5.921568870544433594e-01 2.588235437870025635e-01
5.921568870544433594e-01 2.588235437870025635e-01 5.921568870544433594e-01 2.588235437870025635e-01
4.705882370471954346e-01 2.588235437870025635e-01 2.588235437870025635e-01 2.588235437870025635e-01
2.588235437870025635e-01 2.588235437870025635e-01 2.588235437870025635e-01 4.509803950786590576e-01
2.588235437870025635e-01 4.509803950786590576e-01 2.980392277240753174e-01 4.509803950786590576e-01
2.980392277240753174e-01 4.509803950786590576e-01 4.705882370471954346e-01 4.509803950786590576e-01
4.705882370471954346e-01 4.509803950786590576e-01 4.705882370471954346e-01 3.803921639919281006e-01
4.705882370471954346e-01 3.803921639919281006e-01 4.705882370471954346e-01 2.588235437870025635e-01
4.705882370471954346e-01 2.588235437870025635e-01 4.705882370471954346e-01 2.588235437870025635e-01
7.882353067398071289e-01 3.803921639919281006e-01 7.882353067398071289e-01 3.137255012989044189e-01
7.882353067398071289e-01 3.137255012989044189e-01 5.921568870544433594e-01 3.137255012989044189e-01
5.921568870544433594e-01 3.137255012989044189e-01 5.921568870544433594e-01 3.803921639919281006e-01
5.921568870544433594e-01 3.803921639919281006e-01 5.921568870544433594e-01 4.901960790157318115e-01
5.921568870544433594e-01 4.901960790157318115e-01 7.882353067398071289e-01 4.901960790157318115e-01
7.882353067398071289e-01 4.901960790157318115e-01 7.882353067398071289e-01 3.803921639919281006e-01
7.882353067398071289e-01 3.803921639919281006e-01 7.882353067398071289e-01 3.803921639919281006e-01
5.921568870544433594e-01 3.803921639919281006e-01 4.705882370471954346e-01 3.803921639919281006e-01
4.705882370471954346e-01 3.803921639919281006e-01 4.705882370471954346e-01 4.509803950786590576e-01
4.705882370471954346e-01 4.509803950786590576e-01 2.980392277240753174e-01 4.509803950786590576e-01
2.980392277240753174e-01 4.509803950786590576e-01 2.980392277240753174e-01 6.509804129600524902e-01
2.980392277240753174e-01 6.509804129600524902e-01 2.980392277240753174e-01 7.411764860153198242e-01
2.980392277240753174e-01 7.411764860153198242e-01 7.882353067398071289e-01 7.411764860153198242e-01
7.882353067398071289e-01 7.411764860153198242e-01 7.882353067398071289e-01 4.901960790157318115e-01
7.882353067398071289e-01 4.901960790157318115e-01 5.921568870544433594e-01 4.901960790157318115e-01
5.921568870544433594e-01 4.901960790157318115e-01 5.921568870544433594e-01 3.803921639919281006e-01
5.921568870544433594e-01 3.803921639919281006e-01 5.921568870544433594e-01 3.803921639919281006e-01
2.588235437870025635e-01 4.509803950786590576e-01 2.117647081613540649e-01 4.509803950786590576e-01
2.117647081613540649e-01 4.509803950786590576e-01 2.117647081613540649e-01 6.509804129600524902e-01
2.117647081613540649e-01 6.509804129600524902e-01 2.980392277240753174e-01 6.509804129600524902e-01
2.980392277240753174e-01 6.509804129600524902e-01 2.980392277240753174e-01 4.509803950786590576e-01
2.980392277240753174e-01 4.509803950786590576e-01 2.588235437870025635e-01 4.509803950786590576e-01
2.588235437870025635e-01 4.509803950786590576e-01 2.588235437870025635e-01 4.509803950786590576e-01
