7.568627595901489258e-01 3.843137323856353760e-01 6.509804129600524902e-01 3.843137323856353760e-01
6.509804129600524902e-01 3.843137323856353760e-01 6.509804129600524902e-01 4.274509847164154053e-01
6.509804129600524902e-01 4.274509847164154053e-01 6.509804129600524902e-01 4.980392158031463623e-01
6.509804129600524902e-01 4.980392158031463623e-01 7.568627595901489258e-01 4.980392158031463623e-01
7.568627595901489258e-01 4.980392158031463623e-01 7.568627595901489258e-01 3.843137323856353760e-01
7.568627595901489258e-01 3.843137323856353760e-01 7.568627595901489258e-01 3.843137323856353760e-01
5.568627715110778809e-01 3.137255012989044189e-01 3.843137323856353760e-01 3.137255012989044189e-01
3.843137323856353760e-01 3.137255012989044189e-01 3.843137323856353760e-01 5.098039507865905762e-01
3.843137323856353760e-01 5.098039507865905762e-01 4.313725531101226807e-01 5.098039507865905762e-01
4.313725531101226807e-01 5.098039507865905762e-01 5.568627715110778809e-01 5.098039507865905762e-01
5.568627715110778809e-01 5.098039507865905762e-01 5.568627715110778809e-01 4.274509847164154053e-01
5.568627715110778809e-01 4.274509847164154053e-01 5.568627715110778809e-01 3.137255012989044189e-01
5.568627715110778809e-01 3.137255012989044189e-01 5.568627715110778809e-01 3.137255012989044189e-01
3.843137323856353760e-01 5.098039507865905762e-01 2.431372553110122681e-01 5.098039507865905762e-01
2.431372553110122681e-01 5.098039507865905762e-01 2.431372553110122681e-01 6.901960968971252441e-01
2.431372553110122681e-01 6.901960968971252441e-01 4.313725531101226807e-01 6.901960968971252441e-01
4.313725531101226807e-01 6.901960968971252441e-01 4.313725531101226807e-01 5.098039507865905762e-01
4.313725531101226807e-01 5.098039507865905762e-01 3.843137323856353760e-01 5.098039507865905762e-01
3.843137323856353760e-01 5.098039507865905762e-01 3.843137323856353760e-01 5.098039507865905762e-01
6.509804129600524902e-01 4.980392158031463623e-01 6.509804129600524902e-01 4.274509847164154053e-01
6.509804129600524902e-01 4.274509847164154053e-01 5.568627715110778809e-01 4.274509847164154053e-01
5.568627715110778809e-01 4.274509847164154053e-01 5.568627715110778809e-01 5.098039507865905762e-01
5.568627715110778809e-01 5.098039507865905762e-01 4.313725531101226807e-01 5.098039507865905762e-01
4.313725531101226807e-01 5.098039507865905762e-01 4.313725531101226807e-01 6.901960968971252441e-01
4.313725531101226807e-01 6.901960968971252441e-01 6.509804129600524902e-01 6.901960968971252441e-01
6.509804129600524902e-01 6.901960968971252441e-01 6.509804129600524902e-01 4.980392158031463623e-01
6.509804129600524902e-01 4.980392158031463623e-01 6.509804129600524902e-01 4.980392158031463623e-01
7.568627595901489258e-01 4.980392158031463623e-01 6.509804129600524902e-01 4.980392158031463623e-01
6.509804129600524902e-01 4.980392158031463623e-01 6.509804129600524902e-01 6.901960968971252441e-01
6.509804129600524902e-01 6.901960968971252441e-01 7.568627595901489258e-01 6.901960968971252441e-01
7.568627595901489258e-01 6.901960968971252441e-01 7.568627595901489258e-01 4.980392158031463623e-01
7.568627595901489258e-01 4.980392158031463623e-01 7.568627595901489258e-01 4.980392158031463623e-01
6.509804129600524902e-01 3.843137323856353760e-01 6.509804129600524902e-01 3.137255012989044189e-01
6.509804129600524902e-01 3.137255012989044189e-01 5.568627715110778809e-01 3.137255012989044189e-01
5.568627715110778809e-01 3.137255012989044189e-01 5.568627715110778809e-01 4.274509847164154053e-01
5.568627715110778809e-01 4.274509847164154053e-01 6.509804129600524902e-01 4.274509847164154053e-01
6.509804129600524902e-01 4.274509847164154053e-01 6.509804129600524902e-01 3.843137323856353760e-01
6.509804129600524902e-01 3.843137323856353760e-01 6.509804129600524902e-01 3.843137323856353760e-01
