5.686274766921997070e-01 2.549019753932952881e-01 4.588235318660736084e-01 2.549019753932952881e-01
4.588235318660736084e-01 2.549019753932952881e-01 4.588235318660736084e-01 3.843137323856353760e-01
4.588235318660736084e-01 3.843137323856353760e-01 5.686274766921997070e-01 3.843137323856353760e-01
5.686274766921997070e-01 3.843137323856353760e-01 5.686274766921997070e-01 2.549019753932952881e-01
5.686274766921997070e-01 2.549019753932952881e-01 5.686274766921997070e-01 2.549019753932952881e-01
5.686274766921997070e-01 3.843137323856353760e-01 4.588235318660736084e-01 3.843137323856353760e-01
4.588235318660736084e-01 3.843137323856353760e-01 4.588235318660736084e-01 4.196078479290008545e-01
4.588235318660736084e-01 4.196078479290008545e-01 5.686274766921997070e-01 4.196078479290008545e-01
5.686274766921997070e-01 4.196078479290008545e-01 5.686274766921997070e-01 3.843137323856353760e-01
5.686274766921997070e-01 3.843137323856353760e-01 5.686274766921997070e-01 3.843137323856353760e-01
5.450980663299560547e-01 7.098039388656616211e-01 4.627451002597808838e-01 7.098039388656616211e-01
4.627451002597808838e-01 7.098039388656616211e-01 4.627451002597808838e-01 8.274509906768798828e-01
4.627451002597808838e-01 8.274509906768798828e-01 5.450980663299560547e-01 8.274509906768798828e-01
5.450980663299560547e-01 8.274509906768798828e-01 5.450980663299560547e-01 7.098039388656616211e-01
5.450980663299560547e-01 7.098039388656616211e-01 5.450980663299560547e-01 7.098039388656616211e-01
6.862745285034179688e-01 2.549019753932952881e-01 7.294117808341979980e-01 2.549019753932952881e-01
7.294117808341979980e-01 2.549019753932952881e-01 8.156862854957580566e-01 2.549019753932952881e-01
8.156862854957580566e-01 2.549019753932952881e-01 8.156862854957580566e-01 1.764705926179885864e-01
8.156862854957580566e-01 1.764705926179885864e-01 6.862745285034179688e-01 1.764705926179885864e-01
6.862745285034179688e-01 1.764705926179885864e-01 6.862745285034179688e-01 2.549019753932952881e-01
6.862745285034179688e-01 2.549019753932952881e-01 6.862745285034179688e-01 2.549019753932952881e-01
4.627451002597808838e-01 7.098039388656616211e-01 5.450980663299560547e-01 7.098039388656616211e-01
5.450980663299560547e-01 7.098039388656616211e-01 5.450980663299560547e-01 6.705882549285888672e-01
5.450980663299560547e-01 6.705882549285888672e-01 2.784313857555389404e-01 6.705882549285888672e-01
2.784313857555389404e-01 6.705882549285888672e-01 2.784313857555389404e-01 8.274509906768798828e-01
2.784313857555389404e-01 8.274509906768798828e-01 4.627451002597808838e-01 8.274509906768798828e-01
4.627451002597808838e-01 8.274509906768798828e-01 4.627451002597808838e-01 7.098039388656616211e-01
4.627451002597808838e-01 7.098039388656616211e-01 4.627451002597808838e-01 7.098039388656616211e-01
4.588235318660736084e-01 2.549019753932952881e-01 2.784313857555389404e-01 2.549019753932952881e-01
2.784313857555389404e-01 2.549019753932952881e-01 2.784313857555389404e-01 3.843137323856353760e-01
2.784313857555389404e-01 3.843137323856353760e-01 2.784313857555389404e-01 4.196078479290008545e-01
2.784313857555389404e-01 4.196078479290008545e-01 4.588235318660736084e-01 4.196078479290008545e-01
4.588235318660736084e-01 4.196078479290008545e-01 4.588235318660736084e-01 3.843137323856353760e-01
4.588235318660736084e-01 3.843137323856353760e-01 4.588235318660736084e-01 2.549019753932952881e-01
4.588235318660736084e-01 2.549019753932952881e-01 4.588235318660736084e-01 2.549019753932952881e-01
6.862745285034179688e-01 2.549019753932952881e-01 5.686274766921997070e-01 2.549019753932952881e-01
5.686274766921997070e-01 2.549019753932952881e-01 5.686274766921997070e-01 3.843137323856353760e-01
5.686274766921997070e-01 3.843137323856353760e-01 5.686274766921997070e-01 4.196078479290008545e-01
5.686274766921997070e-01 4.196078479290008545e-01 7.294117808341979980e-01 4.196078479290008545e-01
7.294117808341979980e-01 4.196078479290008545e-01 7.294117808341979980e-01 3.843137323856353760e-01
7.294117808341979980e-01 3.843137323856353760e-01 7.294117808341979980e-01 2.549019753932952881e-01
7.294117808341979980e-01 2.549019753932952881e-01 6.862745285034179688e-01 2.549019753932952881e-01
6.862745285034179688e-01 2.549019753932952881e-01 6.862745285034179688e-01 2.549019753932952881e-01
2.784313857555389404e-01 3.843137323856353760e-01 1.843137294054031372e-01 3.843137323856353760e-01
1.843137294054031372e-01 3.843137323856353760e-01 1.843137294054031372e-01 6.705882549285888672e-01
1.843137294054031372e-01 6.705882549285888672e-01 2.784313857555389404e-01 6.705882549285888672e-01
2.784313857555389404e-01 6.705882549285888672e-01 5.450980663299560547e-01 6.705882549285888672e-01
5.450980663299560547e-01 6.705882549285888672e-01 8.156862854957580566e-01 6.705882549285888672e-01
8.156862854957580566e-01 6.705882549285888672e-01 8.156862854957580566e-01 4.980392158031463623e-01
8.156862854957580566e-01 4.980392158031463623e-01 7.294117808341979980e-01 4.980392158031463623e-01
7.294117808341979980e-01 4.980392158031463623e-01 7.294117808341979980e-01 4.196078479290008545e-01
7.294117808341979980e-01 4.196078479290008545e-01 5.686274766921997070e-01 4.196078479290008545e-01
5.686274766921997070e-01 4.196078479290008545e-01 4.588235318660736084e-01 4.196078479290008545e-01
4.588235318660736084e-01 4.196078479290008545e-01 2.784313857555389404e-01 4.196078479290008545e-01
2.784313857555389404e-01 4.196078479290008545e-01 2.784313857555389404e-01 3.843137323856353760e-01
2.784313857555389404e-01 3.843137323856353760e-01 2.784313857555389404e-01 3.843137323856353760e-01
8.156862854957580566e-01 2.549019753932952881e-01 7.294117808341979980e-01 2.549019753932952881e-01
7.294117808341979980e-01 2.549019753932952881e-01 7.294117808341979980e-01 3.843137323856353760e-01
7.294117808341979980e-01 3.843137323856353760e-01 7.294117808341979980e-01 4.196078479290008545e-01
7.294117808341979980e-01 4.196078479290008545e-01 7.294117808341979980e-01 4.980392158031463623e-01
7.294117808341979980e-01 4.980392158031463623e-01 8.156862854957580566e-01 4.980392158031463623e-01
8.156862854957580566e-01 4.980392158031463623e-01 8.156862854957580566e-01 3.843137323856353760e-01
8.156862854957580566e-01 3.843137323856353760e-01 8.156862854957580566e-01 2.549019753932952881e-01
8.156862854957580566e-01 2.549019753932952881e-01 8.156862854957580566e-01 2.549019753932952881e-01
