6.196078658103942871e-01 4.039215743541717529e-01 4.627451002597808838e-01 4.039215743541717529e-01
4.627451002597808838e-01 4.039215743541717529e-01 4.627451002597808838e-01 5.019608139991760254e-01
4.627451002597808838e-01 5.019608139991760254e-01 6.196078658103942871e-01 5.019608139991760254e-01
6.196078658103942871e-01 5.019608139991760254e-01 6.196078658103942871e-01 4.039215743541717529e-01
6.196078658103942871e-01 4.039215743541717529e-01 6.196078658103942871e-01 4.039215743541717529e-01
4.627451002597808838e-01 3.450980484485626221e-01 4.627451002597808838e-01 2.274509817361831665e-01
4.627451002597808838e-01 2.274509817361831665e-01 3.921568691730499268e-01 2.274509817361831665e-01
3.921568691730499268e-01 2.274509817361831665e-01 3.921568691730499268e-01 3.450980484485626221e-01
3.921568691730499268e-01 3.450980484485626221e-01 4.627451002597808838e-01 3.450980484485626221e-01
4.627451002597808838e-01 3.450980484485626221e-01 4.627451002597808838e-01 3.450980484485626221e-01
6.588235497474670410e-01 4.039215743541717529e-01 6.196078658103942871e-01 4.039215743541717529e-01
6.196078658103942871e-01 4.039215743541717529e-01 6.196078658103942871e-01 5.019608139991760254e-01
6.196078658103942871e-01 5.019608139991760254e-01 6.588235497474670410e-01 5.019608139991760254e-01
6.588235497474670410e-01 5.019608139991760254e-01 8.235294222831726074e-01 5.019608139991760254e-01
8.235294222831726074e-01 5.019608139991760254e-01 8.235294222831726074e-01 4.039215743541717529e-01
8.235294222831726074e-01 4.039215743541717529e-01 6.588235497474670410e-01 4.039215743541717529e-01
6.588235497474670410e-01 4.039215743541717529e-01 6.588235497474670410e-01 4.039215743541717529e-01
3.921568691730499268e-01 2.274509817361831665e-01 2.117647081613540649e-01 2.274509817361831665e-01
2.117647081613540649e-01 2.274509817361831665e-01 2.117647081613540649e-01 3.450980484485626221e-01
2.117647081613540649e-01 3.450980484485626221e-01 1.764705926179885864e-01 3.450980484485626221e-01
1.764705926179885864e-01 3.450980484485626221e-01 1.764705926179885864e-01 4.039215743541717529e-01
1.764705926179885864e-01 4.039215743541717529e-01 2.117647081613540649e-01 4.039215743541717529e-01
2.117647081613540649e-01 4.039215743541717529e-01 3.921568691730499268e-01 4.039215743541717529e-01
3.921568691730499268e-01 4.039215743541717529e-01 3.921568691730499268e-01 3.450980484485626221e-01
3.921568691730499268e-01 3.450980484485626221e-01 3.921568691730499268e-01 2.274509817361831665e-01
3.921568691730499268e-01 2.274509817361831665e-01 3.921568691730499268e-01 2.274509817361831665e-01
3.921568691730499268e-01 5.725490450859069824e-01 3.921568691730499268e-01 4.039215743541717529e-01
3.921568691730499268e-01 4.039215743541717529e-01 2.117647081613540649e-01 4.039215743541717529e-01
2.117647081613540649e-01 4.039215743541717529e-01 1.764705926179885864e-01 4.039215743541717529e-01
1.764705926179885864e-01 4.039215743541717529e-01 1.764705926179885864e-01 5.725490450859069824e-01
1.764705926179885864e-01 5.725490450859069824e-01 3.921568691730499268e-01 5.725490450859069824e-01
3.921568691730499268e-01 5.725490450859069824e-01 3.921568691730499268e-01 5.725490450859069824e-01
4.627451002597808838e-01 4.039215743541717529e-01 6.196078658103942871e-01 4.039215743541717529e-01
6.196078658103942871e-01 4.039215743541717529e-01 6.588235497474670410e-01 4.039215743541717529e-01
6.588235497474670410e-01 4.039215743541717529e-01 6.588235497474670410e-01 3.450980484485626221e-01
6.588235497474670410e-01 3.450980484485626221e-01 6.588235497474670410e-01 2.274509817361831665e-01
6.588235497474670410e-01 2.274509817361831665e-01 4.627451002597808838e-01 2.274509817361831665e-01
4.627451002597808838e-01 2.274509817361831665e-01 4.627451002597808838e-01 3.450980484485626221e-01
4.627451002597808838e-01 3.450980484485626221e-01 4.627451002597808838e-01 4.039215743541717529e-01
4.627451002597808838e-01 4.039215743541717529e-01 4.627451002597808838e-01 4.039215743541717529e-01
4.627451002597808838e-01 4.039215743541717529e-01 4.627451002597808838e-01 3.450980484485626221e-01
4.627451002597808838e-01 3.450980484485626221e-01 3.921568691730499268e-01 3.450980484485626221e-01
3.921568691730499268e-01 3.450980484485626221e-01 3.921568691730499268e-01 4.039215743541717529e-01
3.921568691730499268e-01 4.039215743541717529e-01 3.921568691730499268e-01 5.725490450859069824e-01
3.921568691730499268e-01 5.725490450859069824e-01 1.764705926179885864e-01 5.725490450859069824e-01
1.764705926179885864e-01 5.725490450859069824e-01 1.764705926179885864e-01 7.764706015586853027e-01
1.764705926179885864e-01 7.764706015586853027e-01 6.588235497474670410e-01 7.764706015586853027e-01
6.588235497474670410e-01 7.764706015586853027e-01 6.588235497474670410e-01 7.176470756530761719e-01
6.588235497474670410e-01 7.176470756530761719e-01 6.588235497474670410e-01 6.000000238418579102e-01
6.588235497474670410e-01 6.000000238418579102e-01 4.627451002597808838e-01 6.000000238418579102e-01
4.627451002597808838e-01 6.000000238418579102e-01 4.627451002597808838e-01 5.019608139991760254e-01
4.627451002597808838e-01 5.019608139991760254e-01 4.627451002597808838e-01 4.039215743541717529e-01
4.627451002597808838e-01 4.039215743541717529e-01 4.627451002597808838e-01 4.039215743541717529e-01
6.196078658103942871e-01 5.019608139991760254e-01 4.627451002597808838e-01 5.019608139991760254e-01
4.627451002597808838e-01 5.019608139991760254e-01 4.627451002597808838e-01 6.000000238418579102e-01
4.627451002597808838e-01 6.000000238418579102e-01 6.588235497474670410e-01 6.000000238418579102e-01
6.588235497474670410e-01 6.000000238418579102e-01 6.588235497474670410e-01 5.019608139991760254e-01
6.588235497474670410e-01 5.019608139991760254e-01 6.196078658103942871e-01 5.019608139991760254e-01
6.196078658103942871e-01 5.019608139991760254e-01 6.196078658103942871e-01 5.019608139991760254e-01
8.235294222831726074e-01 5.019608139991760254e-01 6.588235497474670410e-01 5.019608139991760254e-01
6.588235497474670410e-01 5.019608139991760254e-01 6.588235497474670410e-01 6.000000238418579102e-01
6.588235497474670410e-01 6.000000238418579102e-01 6.588235497474670410e-01 7.176470756530761719e-01
6.588235497474670410e-01 7.176470756530761719e-01 8.235294222831726074e-01 7.176470756530761719e-01
8.235294222831726074e-01 7.176470756530761719e-01 8.235294222831726074e-01 5.019608139991760254e-01
8.235294222831726074e-01 5.019608139991760254e-01 8.235294222831726074e-01 5.019608139991760254e-01
