5.764706134796142578e-01 6.078431606292724609e-01 4.235294163227081299e-01 6.078431606292724609e-01
4.235294163227081299e-01 6.078431606292724609e-01 4.235294163227081299e-01 6.784313917160034180e-01
4.235294163227081299e-01 6.784313917160034180e-01 5.764706134796142578e-01 6.784313917160034180e-01
5.764706134796142578e-01 6.784313917160034180e-01 5.764706134796142578e-01 6.078431606292724609e-01
5.764706134796142578e-01 6.078431606292724609e-01 5.764706134796142578e-01 6.078431606292724609e-01
5.764706134796142578e-01 6.078431606292724609e-01 7.803921699523925781e-01 6.078431606292724609e-01
7.803921699523925781e-01 6.078431606292724609e-01 7.803921699523925781e-01 3.176470696926116943e-01
7.803921699523925781e-01 3.176470696926116943e-01 5.764706134796142578e-01 3.176470696926116943e-01
5.764706134796142578e-01 3.176470696926116943e-01 5.764706134796142578e-01 5.058823823928833008e-01
5.764706134796142578e-01 5.058823823928833008e-01 5.764706134796142578e-01 6.078431606292724609e-01
5.764706134796142578e-01 6.078431606292724609e-01 5.764706134796142578e-01 6.078431606292724609e-01
5.764706134796142578e-01 3.176470696926116943e-01 5.764706134796142578e-01 2.274509817361831665e-01
5.764706134796142578e-01 2.274509817361831665e-01 4.274509847164154053e-01 2.274509817361831665e-01
4.274509847164154053e-01 2.274509817361831665e-01 4.274509847164154053e-01 3.176470696926116943e-01
4.274509847164154053e-01 3.176470696926116943e-01 4.274509847164154053e-01 5.058823823928833008e-01
4.274509847164154053e-01 5.058823823928833008e-01 5.764706134796142578e-01 5.058823823928833008e-01
5.764706134796142578e-01 5.058823823928833008e-01 5.764706134796142578e-01 3.176470696926116943e-01
5.764706134796142578e-01 3.176470696926116943e-01 5.764706134796142578e-01 3.176470696926116943e-01
4.235294163227081299e-01 6.078431606292724609e-01 5.764706134796142578e-01 6.078431606292724609e-01
5.764706134796142578e-01 6.078431606292724609e-01 5.764706134796142578e-01 5.058823823928833008e-01
5.764706134796142578e-01 5.058823823928833008e-01 4.274509847164154053e-01 5.058823823928833008e-01
4.274509847164154053e-01 5.058823823928833008e-01 4.274509847164154053e-01 3.176470696926116943e-01
4.274509847164154053e-01 3.176470696926116943e-01 2.549019753932952881e-01 3.176470696926116943e-01
2.549019753932952881e-01 3.176470696926116943e-01 2.196078449487686157e-01 3.176470696926116943e-01
2.196078449487686157e-01 3.176470696926116943e-01 2.196078449487686157e-01 7.450980544090270996e-01
2.196078449487686157e-01 7.450980544090270996e-01 4.235294163227081299e-01 7.450980544090270996e-01
4.235294163227081299e-01 7.450980544090270996e-01 4.235294163227081299e-01 6.784313917160034180e-01
4.235294163227081299e-01 6.784313917160034180e-01 4.235294163227081299e-01 6.078431606292724609e-01
4.235294163227081299e-01 6.078431606292724609e-01 4.235294163227081299e-01 6.078431606292724609e-01
2.549019753932952881e-01 3.176470696926116943e-01 4.274509847164154053e-01 3.176470696926116943e-01
4.274509847164154053e-01 3.176470696926116943e-01 4.274509847164154053e-01 2.274509817361831665e-01
4.274509847164154053e-01 2.274509817361831665e-01 2.549019753932952881e-01 2.274509817361831665e-01
2.549019753932952881e-01 2.274509817361831665e-01 2.549019753932952881e-01 3.176470696926116943e-01
2.549019753932952881e-01 3.176470696926116943e-01 2.549019753932952881e-01 3.176470696926116943e-01
5.764706134796142578e-01 6.784313917160034180e-01 4.235294163227081299e-01 6.784313917160034180e-01
4.235294163227081299e-01 6.784313917160034180e-01 4.235294163227081299e-01 7.450980544090270996e-01
4.235294163227081299e-01 7.450980544090270996e-01 5.764706134796142578e-01 7.450980544090270996e-01
5.764706134796142578e-01 7.450980544090270996e-01 5.764706134796142578e-01 6.784313917160034180e-01
5.764706134796142578e-01 6.784313917160034180e-01 5.764706134796142578e-01 6.784313917160034180e-01
