2.431372553110122681e-01 4.078431427478790283e-01 1.254902034997940063e-01 4.078431427478790283e-01
1.254902034997940063e-01 4.078431427478790283e-01 1.254902034997940063e-01 5.411764979362487793e-01
1.254902034997940063e-01 5.411764979362487793e-01 2.431372553110122681e-01 5.411764979362487793e-01
2.431372553110122681e-01 5.411764979362487793e-01 2.431372553110122681e-01 4.078431427478790283e-01
2.431372553110122681e-01 4.078431427478790283e-01 2.431372553110122681e-01 4.078431427478790283e-01
3.058823645114898682e-01 4.078431427478790283e-01 4.117647111415863037e-01 4.078431427478790283e-01
4.117647111415863037e-01 4.078431427478790283e-01 4.117647111415863037e-01 3.294117748737335205e-01
4.117647111415863037e-01 3.294117748737335205e-01 3.058823645114898682e-01 3.294117748737335205e-01
3.058823645114898682e-01 3.294117748737335205e-01 3.058823645114898682e-01 4.078431427478790283e-01
3.058823645114898682e-01 4.078431427478790283e-01 3.058823645114898682e-01 4.078431427478790283e-01
4.117647111415863037e-01 1.882352977991104126e-01 3.058823645114898682e-01 1.882352977991104126e-01
3.058823645114898682e-01 1.882352977991104126e-01 3.058823645114898682e-01 3.294117748737335205e-01
3.058823645114898682e-01 3.294117748737335205e-01 4.117647111415863037e-01 3.294117748737335205e-01
4.117647111415863037e-01 3.294117748737335205e-01 4.117647111415863037e-01 1.882352977991104126e-01
4.117647111415863037e-01 1.882352977991104126e-01 4.117647111415863037e-01 1.882352977991104126e-01
4.117647111415863037e-01 4.078431427478790283e-01 5.568627715110778809e-01 4.078431427478790283e-01
5.568627715110778809e-01 4.078431427478790283e-01 5.568627715110778809e-01 1.882352977991104126e-01
5.568627715110778809e-01 1.882352977991104126e-01 4.117647111415863037e-01 1.882352977991104126e-01
4.117647111415863037e-01 1.882352977991104126e-01 4.117647111415863037e-01 3.294117748737335205e-01
4.117647111415863037e-01 3.294117748737335205e-01 4.117647111415863037e-01 4.078431427478790283e-01
4.117647111415863037e-01 4.078431427478790283e-01 4.117647111415863037e-01 4.078431427478790283e-01
2.431372553110122681e-01 5.411764979362487793e-01 1.254902034997940063e-01 5.411764979362487793e-01
1.254902034997940063e-01 5.411764979362487793e-01 1.254902034997940063e-01 7.725490331649780273e-01
1.254902034997940063e-01 7.725490331649780273e-01 2.431372553110122681e-01 7.725490331649780273e-01
2.431372553110122681e-01 7.725490331649780273e-01 3.215686380863189697e-01 7.725490331649780273e-01
3.215686380863189697e-01 7.725490331649780273e-01 3.215686380863189697e-01 5.411764979362487793e-01
3.215686380863189697e-01 5.411764979362487793e-01 2.431372553110122681e-01 5.411764979362487793e-01
2.431372553110122681e-01 5.411764979362487793e-01 2.431372553110122681e-01 5.411764979362487793e-01
4.901960790157318115e-01 5.411764979362487793e-01 3.215686380863189697e-01 5.411764979362487793e-01
3.215686380863189697e-01 5.411764979362487793e-01 3.215686380863189697e-01 7.725490331649780273e-01
3.215686380863189697e-01 7.725490331649780273e-01 4.901960790157318115e-01 7.725490331649780273e-01
4.901960790157318115e-01 7.725490331649780273e-01 4.901960790157318115e-01 5.411764979362487793e-01
4.901960790157318115e-01 5.411764979362487793e-01 4.901960790157318115e-01 5.411764979362487793e-01
1.254902034997940063e-01 4.078431427478790283e-01 2.431372553110122681e-01 4.078431427478790283e-01
2.431372553110122681e-01 4.078431427478790283e-01 3.058823645114898682e-01 4.078431427478790283e-01
3.058823645114898682e-01 4.078431427478790283e-01 3.058823645114898682e-01 3.294117748737335205e-01
3.058823645114898682e-01 3.294117748737335205e-01 3.058823645114898682e-01 1.882352977991104126e-01
3.058823645114898682e-01 1.882352977991104126e-01 2.431372553110122681e-01 1.882352977991104126e-01
2.431372553110122681e-01 1.882352977991104126e-01 1.254902034997940063e-01 1.882352977991104126e-01
1.254902034997940063e-01 1.882352977991104126e-01 1.254902034997940063e-01 4.078431427478790283e-01
1.254902034997940063e-01 4.078431427478790283e-01 1.254902034997940063e-01 4.078431427478790283e-01
3.058823645114898682e-01 4.078431427478790283e-01 2.431372553110122681e-01 4.078431427478790283e-01
2.431372553110122681e-01 4.078431427478790283e-01 2.431372553110122681e-01 5.411764979362487793e-01
2.431372553110122681e-01 5.411764979362487793e-01 3.215686380863189697e-01 5.411764979362487793e-01
3.215686380863189697e-01 5.411764979362487793e-01 4.901960790157318115e-01 5.411764979362487793e-01
4.901960790157318115e-01 5.411764979362487793e-01 6.431372761726379395e-01 5.411764979362487793e-01
6.431372761726379395e-01 5.411764979362487793e-01 6.431372761726379395e-01 7.725490331649780273e-01
6.431372761726379395e-01 7.725490331649780273e-01 8.745098114013671875e-01 7.725490331649780273e-01
8.745098114013671875e-01 7.725490331649780273e-01 8.745098114013671875e-01 1.882352977991104126e-01
8.745098114013671875e-01 1.882352977991104126e-01 5.568627715110778809e-01 1.882352977991104126e-01
5.568627715110778809e-01 1.882352977991104126e-01 5.568627715110778809e-01 4.078431427478790283e-01
5.568627715110778809e-01 4.078431427478790283e-01 4.117647111415863037e-01 4.078431427478790283e-01
4.117647111415863037e-01 4.078431427478790283e-01 3.058823645114898682e-01 4.078431427478790283e-01
3.058823645114898682e-01 4.078431427478790283e-01 3.058823645114898682e-01 4.078431427478790283e-01
8.745098114013671875e-01 7.725490331649780273e-01 6.431372761726379395e-01 7.725490331649780273e-01
6.431372761726379395e-01 7.725490331649780273e-01 6.431372761726379395e-01 8.509804010391235352e-01
6.431372761726379395e-01 8.509804010391235352e-01 8.745098114013671875e-01 8.509804010391235352e-01
8.745098114013671875e-01 8.509804010391235352e-01 8.745098114013671875e-01 7.725490331649780273e-01
8.745098114013671875e-01 7.725490331649780273e-01 8.745098114013671875e-01 7.725490331649780273e-01
4.901960790157318115e-01 7.725490331649780273e-01 3.215686380863189697e-01 7.725490331649780273e-01
3.215686380863189697e-01 7.725490331649780273e-01 3.215686380863189697e-01 8.509804010391235352e-01
3.215686380863189697e-01 8.509804010391235352e-01 4.901960790157318115e-01 8.509804010391235352e-01
4.901960790157318115e-01 8.509804010391235352e-01 4.901960790157318115e-01 7.725490331649780273e-01
4.901960790157318115e-01 7.725490331649780273e-01 4.901960790157318115e-01 7.725490331649780273e-01
3.058823645114898682e-01 1.882352977991104126e-01 4.117647111415863037e-01 1.882352977991104126e-01
4.117647111415863037e-01 1.882352977991104126e-01 4.117647111415863037e-01 1.529411822557449341e-01
4.117647111415863037e-01 1.529411822557449341e-01 3.058823645114898682e-01 1.529411822557449341e-01
3.058823645114898682e-01 1.529411822557449341e-01 3.058823645114898682e-01 1.882352977991104126e-01
3.058823645114898682e-01 1.882352977991104126e-01 3.058823645114898682e-01 1.882352977991104126e-01
6.431372761726379395e-01 5.411764979362487793e-01 4.901960790157318115e-01 5.411764979362487793e-01
4.901960790157318115e-01 5.411764979362487793e-01 4.901960790157318115e-01 7.725490331649780273e-01
4.901960790157318115e-01 7.725490331649780273e-01 6.431372761726379395e-01 7.725490331649780273e-01
6.431372761726379395e-01 7.725490331649780273e-01 6.431372761726379395e-01 5.411764979362487793e-01
6.431372761726379395e-01 5.411764979362487793e-01 6.431372761726379395e-01 5.411764979362487793e-01
