6.901960968971252441e-01 4.901960790157318115e-01 5.411764979362487793e-01 4.901960790157318115e-01
5.411764979362487793e-01 4.901960790157318115e-01 5.411764979362487793e-01 5.843137502670288086e-01
5.411764979362487793e-01 5.843137502670288086e-01 6.901960968971252441e-01 5.843137502670288086e-01
6.901960968971252441e-01 5.843137502670288086e-01 6.901960968971252441e-01 4.901960790157318115e-01
6.901960968971252441e-01 4.901960790157318115e-01 6.901960968971252441e-01 4.901960790157318115e-01
5.411764979362487793e-01 3.215686380863189697e-01 5.411764979362487793e-01 2.235294133424758911e-01
5.411764979362487793e-01 2.235294133424758911e-01 4.588235318660736084e-01 2.235294133424758911e-01
4.588235318660736084e-01 2.235294133424758911e-01 4.588235318660736084e-01 3.215686380863189697e-01
4.588235318660736084e-01 3.215686380863189697e-01 5.411764979362487793e-01 3.215686380863189697e-01
5.411764979362487793e-01 3.215686380863189697e-01 5.411764979362487793e-01 3.215686380863189697e-01
8.156862854957580566e-01 5.843137502670288086e-01 6.901960968971252441e-01 5.843137502670288086e-01
6.901960968971252441e-01 5.843137502670288086e-01 6.901960968971252441e-01 7.803921699523925781e-01
6.901960968971252441e-01 7.803921699523925781e-01 8.156862854957580566e-01 7.803921699523925781e-01
8.156862854957580566e-01 7.803921699523925781e-01 8.156862854957580566e-01 5.843137502670288086e-01
8.156862854957580566e-01 5.843137502670288086e-01 8.156862854957580566e-01 5.843137502670288086e-01
5.411764979362487793e-01 3.960784375667572021e-01 5.411764979362487793e-01 3.215686380863189697e-01
5.411764979362487793e-01 3.215686380863189697e-01 4.588235318660736084e-01 3.215686380863189697e-01
4.588235318660736084e-01 3.215686380863189697e-01 4.588235318660736084e-01 2.235294133424758911e-01
4.588235318660736084e-01 2.235294133424758911e-01 1.960784345865249634e-01 2.235294133424758911e-01
1.960784345865249634e-01 2.235294133424758911e-01 1.960784345865249634e-01 3.960784375667572021e-01
1.960784345865249634e-01 3.960784375667572021e-01 2.705882489681243896e-01 3.960784375667572021e-01
2.705882489681243896e-01 3.960784375667572021e-01 4.549019634723663330e-01 3.960784375667572021e-01
4.549019634723663330e-01 3.960784375667572021e-01 5.411764979362487793e-01 3.960784375667572021e-01
5.411764979362487793e-01 3.960784375667572021e-01 5.411764979362487793e-01 3.960784375667572021e-01
5.411764979362487793e-01 4.901960790157318115e-01 6.901960968971252441e-01 4.901960790157318115e-01
6.901960968971252441e-01 4.901960790157318115e-01 6.901960968971252441e-01 3.960784375667572021e-01
6.901960968971252441e-01 3.960784375667572021e-01 6.901960968971252441e-01 2.235294133424758911e-01
6.901960968971252441e-01 2.235294133424758911e-01 5.411764979362487793e-01 2.235294133424758911e-01
5.411764979362487793e-01 2.235294133424758911e-01 5.411764979362487793e-01 3.215686380863189697e-01
5.411764979362487793e-01 3.215686380863189697e-01 5.411764979362487793e-01 3.960784375667572021e-01
5.411764979362487793e-01 3.960784375667572021e-01 5.411764979362487793e-01 4.901960790157318115e-01
5.411764979362487793e-01 4.901960790157318115e-01 5.411764979362487793e-01 4.901960790157318115e-01
6.901960968971252441e-01 5.843137502670288086e-01 5.411764979362487793e-01 5.843137502670288086e-01
5.411764979362487793e-01 5.843137502670288086e-01 5.411764979362487793e-01 4.901960790157318115e-01
5.411764979362487793e-01 4.901960790157318115e-01 5.411764979362487793e-01 3.960784375667572021e-01
5.411764979362487793e-01 3.960784375667572021e-01 4.549019634723663330e-01 3.960784375667572021e-01
4.549019634723663330e-01 3.960784375667572021e-01 4.549019634723663330e-01 5.568627715110778809e-01
4.549019634723663330e-01 5.568627715110778809e-01 2.705882489681243896e-01 5.568627715110778809e-01
2.705882489681243896e-01 5.568627715110778809e-01 2.705882489681243896e-01 7.803921699523925781e-01
2.705882489681243896e-01 7.803921699523925781e-01 6.901960968971252441e-01 7.803921699523925781e-01
6.901960968971252441e-01 7.803921699523925781e-01 6.901960968971252441e-01 5.843137502670288086e-01
6.901960968971252441e-01 5.843137502670288086e-01 6.901960968971252441e-01 5.843137502670288086e-01
1.960784345865249634e-01 7.803921699523925781e-01 2.705882489681243896e-01 7.803921699523925781e-01
2.705882489681243896e-01 7.803921699523925781e-01 2.705882489681243896e-01 5.568627715110778809e-01
2.705882489681243896e-01 5.568627715110778809e-01 1.960784345865249634e-01 5.568627715110778809e-01
1.960784345865249634e-01 5.568627715110778809e-01 1.960784345865249634e-01 7.803921699523925781e-01
1.960784345865249634e-01 7.803921699523925781e-01 1.960784345865249634e-01 7.803921699523925781e-01
2.705882489681243896e-01 3.960784375667572021e-01 1.960784345865249634e-01 3.960784375667572021e-01
1.960784345865249634e-01 3.960784375667572021e-01 1.960784345865249634e-01 5.568627715110778809e-01
1.960784345865249634e-01 5.568627715110778809e-01 2.705882489681243896e-01 5.568627715110778809e-01
2.705882489681243896e-01 5.568627715110778809e-01 2.705882489681243896e-01 3.960784375667572021e-01
2.705882489681243896e-01 3.960784375667572021e-01 2.705882489681243896e-01 3.960784375667572021e-01
4.549019634723663330e-01 3.960784375667572021e-01 2.705882489681243896e-01 3.960784375667572021e-01
2.705882489681243896e-01 3.960784375667572021e-01 2.705882489681243896e-01 5.568627715110778809e-01
2.705882489681243896e-01 5.568627715110778809e-01 4.549019634723663330e-01 5.568627715110778809e-01
4.549019634723663330e-01 5.568627715110778809e-01 4.549019634723663330e-01 3.960784375667572021e-01
4.549019634723663330e-01 3.960784375667572021e-01 4.549019634723663330e-01 3.960784375667572021e-01
