6.000000238418579102e-01 3.215686380863189697e-01 4.980392158031463623e-01 3.215686380863189697e-01
4.980392158031463623e-01 3.215686380863189697e-01 4.980392158031463623e-01 4.862745106220245361e-01
4.980392158031463623e-01 4.862745106220245361e-01 6.000000238418579102e-01 4.862745106220245361e-01
6.000000238418579102e-01 4.862745106220245361e-01 6.000000238418579102e-01 3.215686380863189697e-01
6.000000238418579102e-01 3.215686380863189697e-01 6.000000238418579102e-01 3.215686380863189697e-01
4.980392158031463623e-01 3.215686380863189697e-01 6.000000238418579102e-01 3.215686380863189697e-01
6.000000238418579102e-01 3.215686380863189697e-01 6.000000238418579102e-01 1.882352977991104126e-01
6.000000238418579102e-01 1.882352977991104126e-01 4.980392158031463623e-01 1.882352977991104126e-01
4.980392158031463623e-01 1.882352977991104126e-01 4.980392158031463623e-01 3.215686380863189697e-01
4.980392158031463623e-01 3.215686380863189697e-01 4.980392158031463623e-01 3.215686380863189697e-01
6.000000238418579102e-01 3.215686380863189697e-01 7.843137383460998535e-01 3.215686380863189697e-01
7.843137383460998535e-01 3.215686380863189697e-01 7.843137383460998535e-01 1.882352977991104126e-01
7.843137383460998535e-01 1.882352977991104126e-01 6.000000238418579102e-01 1.882352977991104126e-01
6.000000238418579102e-01 1.882352977991104126e-01 6.000000238418579102e-01 3.215686380863189697e-01
6.000000238418579102e-01 3.215686380863189697e-01 6.000000238418579102e-01 3.215686380863189697e-01
4.078431427478790283e-01 3.215686380863189697e-01 2.196078449487686157e-01 3.215686380863189697e-01
2.196078449487686157e-01 3.215686380863189697e-01 2.196078449487686157e-01 6.745098233222961426e-01
2.196078449487686157e-01 6.745098233222961426e-01 4.078431427478790283e-01 6.745098233222961426e-01
4.078431427478790283e-01 6.745098233222961426e-01 4.078431427478790283e-01 5.568627715110778809e-01
4.078431427478790283e-01 5.568627715110778809e-01 4.980392158031463623e-01 5.568627715110778809e-01
4.980392158031463623e-01 5.568627715110778809e-01 4.980392158031463623e-01 4.862745106220245361e-01
4.980392158031463623e-01 4.862745106220245361e-01 4.980392158031463623e-01 3.215686380863189697e-01
4.980392158031463623e-01 3.215686380863189697e-01 4.078431427478790283e-01 3.215686380863189697e-01
4.078431427478790283e-01 3.215686380863189697e-01 4.078431427478790283e-01 3.215686380863189697e-01
4.078431427478790283e-01 6.745098233222961426e-01 4.078431427478790283e-01 7.254902124404907227e-01
4.078431427478790283e-01 7.254902124404907227e-01 5.764706134796142578e-01 7.254902124404907227e-01
5.764706134796142578e-01 7.254902124404907227e-01 5.764706134796142578e-01 5.568627715110778809e-01
5.764706134796142578e-01 5.568627715110778809e-01 4.980392158031463623e-01 5.568627715110778809e-01
4.980392158031463623e-01 5.568627715110778809e-01 4.078431427478790283e-01 5.568627715110778809e-01
4.078431427478790283e-01 5.568627715110778809e-01 4.078431427478790283e-01 6.745098233222961426e-01
4.078431427478790283e-01 6.745098233222961426e-01 4.078431427478790283e-01 6.745098233222961426e-01
7.843137383460998535e-01 3.215686380863189697e-01 6.000000238418579102e-01 3.215686380863189697e-01
6.000000238418579102e-01 3.215686380863189697e-01 6.000000238418579102e-01 4.862745106220245361e-01
6.000000238418579102e-01 4.862745106220245361e-01 4.980392158031463623e-01 4.862745106220245361e-01
4.980392158031463623e-01 4.862745106220245361e-01 4.980392158031463623e-01 5.568627715110778809e-01
4.980392158031463623e-01 5.568627715110778809e-01 5.764706134796142578e-01 5.568627715110778809e-01
5.764706134796142578e-01 5.568627715110778809e-01 5.764706134796142578e-01 7.254902124404907227e-01
5.764706134796142578e-01 7.254902124404907227e-01 7.843137383460998535e-01 7.254902124404907227e-01
7.843137383460998535e-01 7.254902124404907227e-01 7.843137383460998535e-01 3.215686380863189697e-01
7.843137383460998535e-01 3.215686380863189697e-01 7.843137383460998535e-01 3.215686380863189697e-01
7.843137383460998535e-01 7.254902124404907227e-01 5.764706134796142578e-01 7.254902124404907227e-01
5.764706134796142578e-01 7.254902124404907227e-01 5.764706134796142578e-01 8.117647171020507812e-01
5.764706134796142578e-01 8.117647171020507812e-01 7.843137383460998535e-01 8.117647171020507812e-01
7.843137383460998535e-01 8.117647171020507812e-01 7.843137383460998535e-01 7.254902124404907227e-01
7.843137383460998535e-01 7.254902124404907227e-01 7.843137383460998535e-01 7.254902124404907227e-01
