4.117647111415863037e-01 4.509803950786590576e-01 2.941176593303680420e-01 4.509803950786590576e-01
2.941176593303680420e-01 4.509803950786590576e-01 2.941176593303680420e-01 6.862745285034179688e-01
2.941176593303680420e-01 6.862745285034179688e-01 5.960784554481506348e-01 6.862745285034179688e-01
5.960784554481506348e-01 6.862745285034179688e-01 5.960784554481506348e-01 5.411764979362487793e-01
5.960784554481506348e-01 5.411764979362487793e-01 6.352941393852233887e-01 5.411764979362487793e-01
6.352941393852233887e-01 5.411764979362487793e-01 6.352941393852233887e-01 4.509803950786590576e-01
6.352941393852233887e-01 4.509803950786590576e-01 5.215686559677124023e-01 4.509803950786590576e-01
5.215686559677124023e-01 4.509803950786590576e-01 5.215686559677124023e-01 4.980392158031463623e-01
5.215686559677124023e-01 4.980392158031463623e-01 4.117647111415863037e-01 4.980392158031463623e-01
4.117647111415863037e-01 4.980392158031463623e-01 4.117647111415863037e-01 4.509803950786590576e-01
4.117647111415863037e-01 4.509803950786590576e-01 4.117647111415863037e-01 4.509803950786590576e-01
5.215686559677124023e-01 4.509803950786590576e-01 5.215686559677124023e-01 3.137255012989044189e-01
5.215686559677124023e-01 3.137255012989044189e-01 4.117647111415863037e-01 3.137255012989044189e-01
4.117647111415863037e-01 3.137255012989044189e-01 4.117647111415863037e-01 4.509803950786590576e-01
4.117647111415863037e-01 4.509803950786590576e-01 4.117647111415863037e-01 4.980392158031463623e-01
4.117647111415863037e-01 4.980392158031463623e-01 5.215686559677124023e-01 4.980392158031463623e-01
5.215686559677124023e-01 4.980392158031463623e-01 5.215686559677124023e-01 4.509803950786590576e-01
5.215686559677124023e-01 4.509803950786590576e-01 5.215686559677124023e-01 4.509803950786590576e-01
5.215686559677124023e-01 4.509803950786590576e-01 6.352941393852233887e-01 4.509803950786590576e-01
6.352941393852233887e-01 4.509803950786590576e-01 6.352941393852233887e-01 3.137255012989044189e-01
6.352941393852233887e-01 3.137255012989044189e-01 5.215686559677124023e-01 3.137255012989044189e-01
5.215686559677124023e-01 3.137255012989044189e-01 5.215686559677124023e-01 4.509803950786590576e-01
5.215686559677124023e-01 4.509803950786590576e-01 5.215686559677124023e-01 4.509803950786590576e-01
5.960784554481506348e-01 6.862745285034179688e-01 6.352941393852233887e-01 6.862745285034179688e-01
6.352941393852233887e-01 6.862745285034179688e-01 7.058823704719543457e-01 6.862745285034179688e-01
7.058823704719543457e-01 6.862745285034179688e-01 7.058823704719543457e-01 5.411764979362487793e-01
7.058823704719543457e-01 5.411764979362487793e-01 6.352941393852233887e-01 5.411764979362487793e-01
6.352941393852233887e-01 5.411764979362487793e-01 5.960784554481506348e-01 5.411764979362487793e-01
5.960784554481506348e-01 5.411764979362487793e-01 5.960784554481506348e-01 6.862745285034179688e-01
5.960784554481506348e-01 6.862745285034179688e-01 5.960784554481506348e-01 6.862745285034179688e-01
