4.745098054409027100e-01 3.176470696926116943e-01 4.745098054409027100e-01 4.274509847164154053e-01
4.745098054409027100e-01 4.274509847164154053e-01 5.686274766921997070e-01 4.274509847164154053e-01
5.686274766921997070e-01 4.274509847164154053e-01 5.686274766921997070e-01 3.176470696926116943e-01
5.686274766921997070e-01 3.176470696926116943e-01 4.745098054409027100e-01 3.176470696926116943e-01
4.745098054409027100e-01 3.176470696926116943e-01 4.745098054409027100e-01 3.176470696926116943e-01
2.352941185235977173e-01 4.862745106220245361e-01 1.686274558305740356e-01 4.862745106220245361e-01
1.686274558305740356e-01 4.862745106220245361e-01 1.686274558305740356e-01 7.215686440467834473e-01
1.686274558305740356e-01 7.215686440467834473e-01 2.745098173618316650e-01 7.215686440467834473e-01
2.745098173618316650e-01 7.215686440467834473e-01 2.745098173618316650e-01 4.862745106220245361e-01
2.745098173618316650e-01 4.862745106220245361e-01 2.352941185235977173e-01 4.862745106220245361e-01
2.352941185235977173e-01 4.862745106220245361e-01 2.352941185235977173e-01 4.862745106220245361e-01
4.745098054409027100e-01 2.784313857555389404e-01 2.352941185235977173e-01 2.784313857555389404e-01
2.352941185235977173e-01 2.784313857555389404e-01 2.352941185235977173e-01 4.862745106220245361e-01
2.352941185235977173e-01 4.862745106220245361e-01 2.745098173618316650e-01 4.862745106220245361e-01
2.745098173618316650e-01 4.862745106220245361e-01 4.745098054409027100e-01 4.862745106220245361e-01
4.745098054409027100e-01 4.862745106220245361e-01 4.745098054409027100e-01 4.274509847164154053e-01
4.745098054409027100e-01 4.274509847164154053e-01 4.745098054409027100e-01 3.176470696926116943e-01
4.745098054409027100e-01 3.176470696926116943e-01 4.745098054409027100e-01 2.784313857555389404e-01
4.745098054409027100e-01 2.784313857555389404e-01 4.745098054409027100e-01 2.784313857555389404e-01
7.098039388656616211e-01 3.176470696926116943e-01 5.686274766921997070e-01 3.176470696926116943e-01
5.686274766921997070e-01 3.176470696926116943e-01 5.686274766921997070e-01 4.274509847164154053e-01
5.686274766921997070e-01 4.274509847164154053e-01 5.686274766921997070e-01 5.176470875740051270e-01
5.686274766921997070e-01 5.176470875740051270e-01 7.098039388656616211e-01 5.176470875740051270e-01
7.098039388656616211e-01 5.176470875740051270e-01 7.098039388656616211e-01 4.274509847164154053e-01
7.098039388656616211e-01 4.274509847164154053e-01 7.098039388656616211e-01 3.921568691730499268e-01
7.098039388656616211e-01 3.921568691730499268e-01 7.098039388656616211e-01 3.176470696926116943e-01
7.098039388656616211e-01 3.176470696926116943e-01 7.098039388656616211e-01 3.176470696926116943e-01
4.745098054409027100e-01 4.862745106220245361e-01 2.745098173618316650e-01 4.862745106220245361e-01
2.745098173618316650e-01 4.862745106220245361e-01 2.745098173618316650e-01 7.215686440467834473e-01
2.745098173618316650e-01 7.215686440467834473e-01 7.098039388656616211e-01 7.215686440467834473e-01
7.098039388656616211e-01 7.215686440467834473e-01 7.098039388656616211e-01 6.352941393852233887e-01
7.098039388656616211e-01 6.352941393852233887e-01 7.098039388656616211e-01 5.176470875740051270e-01
7.098039388656616211e-01 5.176470875740051270e-01 5.686274766921997070e-01 5.176470875740051270e-01
5.686274766921997070e-01 5.176470875740051270e-01 5.686274766921997070e-01 4.274509847164154053e-01
5.686274766921997070e-01 4.274509847164154053e-01 4.745098054409027100e-01 4.274509847164154053e-01
4.745098054409027100e-01 4.274509847164154053e-01 4.745098054409027100e-01 4.862745106220245361e-01
4.745098054409027100e-01 4.862745106220245361e-01 4.745098054409027100e-01 4.862745106220245361e-01
7.098039388656616211e-01 4.274509847164154053e-01 7.098039388656616211e-01 5.176470875740051270e-01
7.098039388656616211e-01 5.176470875740051270e-01 7.098039388656616211e-01 6.352941393852233887e-01
7.098039388656616211e-01 6.352941393852233887e-01 8.313725590705871582e-01 6.352941393852233887e-01
8.313725590705871582e-01 6.352941393852233887e-01 8.313725590705871582e-01 4.274509847164154053e-01
8.313725590705871582e-01 4.274509847164154053e-01 7.098039388656616211e-01 4.274509847164154053e-01
7.098039388656616211e-01 4.274509847164154053e-01 7.098039388656616211e-01 4.274509847164154053e-01
7.098039388656616211e-01 3.921568691730499268e-01 7.098039388656616211e-01 4.274509847164154053e-01
7.098039388656616211e-01 4.274509847164154053e-01 8.313725590705871582e-01 4.274509847164154053e-01
8.313725590705871582e-01 4.274509847164154053e-01 8.313725590705871582e-01 3.921568691730499268e-01
8.313725590705871582e-01 3.921568691730499268e-01 7.098039388656616211e-01 3.921568691730499268e-01
7.098039388656616211e-01 3.921568691730499268e-01 7.098039388656616211e-01 3.921568691730499268e-01
