2.196078449487686157e-01 5.803921818733215332e-01 3.529411852359771729e-01 5.803921818733215332e-01
3.529411852359771729e-01 5.803921818733215332e-01 3.529411852359771729e-01 4.352941215038299561e-01
3.529411852359771729e-01 4.352941215038299561e-01 2.196078449487686157e-01 4.352941215038299561e-01
2.196078449487686157e-01 4.352941215038299561e-01 2.196078449487686157e-01 5.803921818733215332e-01
2.196078449487686157e-01 5.803921818733215332e-01 2.196078449487686157e-01 5.803921818733215332e-01
4.117647111415863037e-01 8.352941274642944336e-01 2.196078449487686157e-01 8.352941274642944336e-01
2.196078449487686157e-01 8.352941274642944336e-01 2.196078449487686157e-01 9.019607901573181152e-01
2.196078449487686157e-01 9.019607901573181152e-01 4.117647111415863037e-01 9.019607901573181152e-01
4.117647111415863037e-01 9.019607901573181152e-01 4.117647111415863037e-01 8.352941274642944336e-01
4.117647111415863037e-01 8.352941274642944336e-01 4.117647111415863037e-01 8.352941274642944336e-01
3.529411852359771729e-01 5.803921818733215332e-01 2.196078449487686157e-01 5.803921818733215332e-01
2.196078449487686157e-01 5.803921818733215332e-01 2.196078449487686157e-01 8.352941274642944336e-01
2.196078449487686157e-01 8.352941274642944336e-01 4.117647111415863037e-01 8.352941274642944336e-01
4.117647111415863037e-01 8.352941274642944336e-01 4.117647111415863037e-01 5.803921818733215332e-01
4.117647111415863037e-01 5.803921818733215332e-01 3.529411852359771729e-01 5.803921818733215332e-01
3.529411852359771729e-01 5.803921818733215332e-01 3.529411852359771729e-01 5.803921818733215332e-01
2.196078449487686157e-01 2.666666805744171143e-01 2.196078449487686157e-01 4.352941215038299561e-01
2.196078449487686157e-01 4.352941215038299561e-01 3.529411852359771729e-01 4.352941215038299561e-01
3.529411852359771729e-01 4.352941215038299561e-01 4.117647111415863037e-01 4.352941215038299561e-01
4.117647111415863037e-01 4.352941215038299561e-01 4.117647111415863037e-01 2.666666805744171143e-01
4.117647111415863037e-01 2.666666805744171143e-01 3.529411852359771729e-01 2.666666805744171143e-01
3.529411852359771729e-01 2.666666805744171143e-01 2.196078449487686157e-01 2.666666805744171143e-01
2.196078449487686157e-01 2.666666805744171143e-01 2.196078449487686157e-01 2.666666805744171143e-01
3.529411852359771729e-01 5.803921818733215332e-01 4.117647111415863037e-01 5.803921818733215332e-01
4.117647111415863037e-01 5.803921818733215332e-01 7.215686440467834473e-01 5.803921818733215332e-01
7.215686440467834473e-01 5.803921818733215332e-01 7.215686440467834473e-01 1.921568661928176880e-01
7.215686440467834473e-01 1.921568661928176880e-01 5.921568870544433594e-01 1.921568661928176880e-01
5.921568870544433594e-01 1.921568661928176880e-01 4.156862795352935791e-01 1.921568661928176880e-01
4.156862795352935791e-01 1.921568661928176880e-01 3.529411852359771729e-01 1.921568661928176880e-01
3.529411852359771729e-01 1.921568661928176880e-01 3.529411852359771729e-01 2.666666805744171143e-01
3.529411852359771729e-01 2.666666805744171143e-01 4.117647111415863037e-01 2.666666805744171143e-01
4.117647111415863037e-01 2.666666805744171143e-01 4.117647111415863037e-01 4.352941215038299561e-01
4.117647111415863037e-01 4.352941215038299561e-01 3.529411852359771729e-01 4.352941215038299561e-01
3.529411852359771729e-01 4.352941215038299561e-01 3.529411852359771729e-01 5.803921818733215332e-01
3.529411852359771729e-01 5.803921818733215332e-01 3.529411852359771729e-01 5.803921818733215332e-01
7.803921699523925781e-01 1.019607856869697571e-01 5.921568870544433594e-01 1.019607856869697571e-01
5.921568870544433594e-01 1.019607856869697571e-01 5.921568870544433594e-01 1.921568661928176880e-01
5.921568870544433594e-01 1.921568661928176880e-01 7.215686440467834473e-01 1.921568661928176880e-01
7.215686440467834473e-01 1.921568661928176880e-01 7.803921699523925781e-01 1.921568661928176880e-01
7.803921699523925781e-01 1.921568661928176880e-01 7.803921699523925781e-01 1.019607856869697571e-01
7.803921699523925781e-01 1.019607856869697571e-01 7.803921699523925781e-01 1.019607856869697571e-01
5.921568870544433594e-01 1.019607856869697571e-01 4.156862795352935791e-01 1.019607856869697571e-01
4.156862795352935791e-01 1.019607856869697571e-01 4.156862795352935791e-01 1.921568661928176880e-01
4.156862795352935791e-01 1.921568661928176880e-01 5.921568870544433594e-01 1.921568661928176880e-01
5.921568870544433594e-01 1.921568661928176880e-01 5.921568870544433594e-01 1.019607856869697571e-01
5.921568870544433594e-01 1.019607856869697571e-01 5.921568870544433594e-01 1.019607856869697571e-01
