4.509803950786590576e-01 7.137255072593688965e-01 5.254902243614196777e-01 7.137255072593688965e-01
5.254902243614196777e-01 7.137255072593688965e-01 5.254902243614196777e-01 5.843137502670288086e-01
5.254902243614196777e-01 5.843137502670288086e-01 4.509803950786590576e-01 5.843137502670288086e-01
4.509803950786590576e-01 5.843137502670288086e-01 4.509803950786590576e-01 7.137255072593688965e-01
4.509803950786590576e-01 7.137255072593688965e-01 4.509803950786590576e-01 7.137255072593688965e-01
7.294117808341979980e-01 2.156862765550613403e-01 5.254902243614196777e-01 2.156862765550613403e-01
5.254902243614196777e-01 2.156862765550613403e-01 5.254902243614196777e-01 3.098039329051971436e-01
5.254902243614196777e-01 3.098039329051971436e-01 7.294117808341979980e-01 3.098039329051971436e-01
7.294117808341979980e-01 3.098039329051971436e-01 7.294117808341979980e-01 2.156862765550613403e-01
7.294117808341979980e-01 2.156862765550613403e-01 7.294117808341979980e-01 2.156862765550613403e-01
5.254902243614196777e-01 2.156862765550613403e-01 3.450980484485626221e-01 2.156862765550613403e-01
3.450980484485626221e-01 2.156862765550613403e-01 3.450980484485626221e-01 3.686274588108062744e-01
3.450980484485626221e-01 3.686274588108062744e-01 4.509803950786590576e-01 3.686274588108062744e-01
4.509803950786590576e-01 3.686274588108062744e-01 4.509803950786590576e-01 4.156862795352935791e-01
4.509803950786590576e-01 4.156862795352935791e-01 5.254902243614196777e-01 4.156862795352935791e-01
5.254902243614196777e-01 4.156862795352935791e-01 5.254902243614196777e-01 3.098039329051971436e-01
5.254902243614196777e-01 3.098039329051971436e-01 5.254902243614196777e-01 2.156862765550613403e-01
5.254902243614196777e-01 2.156862765550613403e-01 5.254902243614196777e-01 2.156862765550613403e-01
4.509803950786590576e-01 5.137255191802978516e-01 2.745098173618316650e-01 5.137255191802978516e-01
2.745098173618316650e-01 5.137255191802978516e-01 2.745098173618316650e-01 7.137255072593688965e-01
2.745098173618316650e-01 7.137255072593688965e-01 4.509803950786590576e-01 7.137255072593688965e-01
4.509803950786590576e-01 7.137255072593688965e-01 4.509803950786590576e-01 5.843137502670288086e-01
4.509803950786590576e-01 5.843137502670288086e-01 4.509803950786590576e-01 5.137255191802978516e-01
4.509803950786590576e-01 5.137255191802978516e-01 4.509803950786590576e-01 5.137255191802978516e-01
4.509803950786590576e-01 4.156862795352935791e-01 4.509803950786590576e-01 3.686274588108062744e-01
4.509803950786590576e-01 3.686274588108062744e-01 3.450980484485626221e-01 3.686274588108062744e-01
3.450980484485626221e-01 3.686274588108062744e-01 2.745098173618316650e-01 3.686274588108062744e-01
2.745098173618316650e-01 3.686274588108062744e-01 2.745098173618316650e-01 5.137255191802978516e-01
2.745098173618316650e-01 5.137255191802978516e-01 4.509803950786590576e-01 5.137255191802978516e-01
4.509803950786590576e-01 5.137255191802978516e-01 4.509803950786590576e-01 4.156862795352935791e-01
4.509803950786590576e-01 4.156862795352935791e-01 4.509803950786590576e-01 4.156862795352935791e-01
5.254902243614196777e-01 4.156862795352935791e-01 4.509803950786590576e-01 4.156862795352935791e-01
4.509803950786590576e-01 4.156862795352935791e-01 4.509803950786590576e-01 5.137255191802978516e-01
4.509803950786590576e-01 5.137255191802978516e-01 4.509803950786590576e-01 5.843137502670288086e-01
4.509803950786590576e-01 5.843137502670288086e-01 5.254902243614196777e-01 5.843137502670288086e-01
5.254902243614196777e-01 5.843137502670288086e-01 5.254902243614196777e-01 7.137255072593688965e-01
5.254902243614196777e-01 7.137255072593688965e-01 6.392157077789306641e-01 7.137255072593688965e-01
6.392157077789306641e-01 7.137255072593688965e-01 6.392157077789306641e-01 7.647058963775634766e-01
6.392157077789306641e-01 7.647058963775634766e-01 7.294117808341979980e-01 7.647058963775634766e-01
7.294117808341979980e-01 7.647058963775634766e-01 7.294117808341979980e-01 3.098039329051971436e-01
7.294117808341979980e-01 3.098039329051971436e-01 5.254902243614196777e-01 3.098039329051971436e-01
5.254902243614196777e-01 3.098039329051971436e-01 5.254902243614196777e-01 4.156862795352935791e-01
5.254902243614196777e-01 4.156862795352935791e-01 5.254902243614196777e-01 4.156862795352935791e-01
5.254902243614196777e-01 7.137255072593688965e-01 4.509803950786590576e-01 7.137255072593688965e-01
4.509803950786590576e-01 7.137255072593688965e-01 4.509803950786590576e-01 7.647058963775634766e-01
4.509803950786590576e-01 7.647058963775634766e-01 4.509803950786590576e-01 8.156862854957580566e-01
4.509803950786590576e-01 8.156862854957580566e-01 6.392157077789306641e-01 8.156862854957580566e-01
6.392157077789306641e-01 8.156862854957580566e-01 6.392157077789306641e-01 7.647058963775634766e-01
6.392157077789306641e-01 7.647058963775634766e-01 6.392157077789306641e-01 7.137255072593688965e-01
6.392157077789306641e-01 7.137255072593688965e-01 5.254902243614196777e-01 7.137255072593688965e-01
5.254902243614196777e-01 7.137255072593688965e-01 5.254902243614196777e-01 7.137255072593688965e-01
