5.176470875740051270e-01 6.078431606292724609e-01 6.078431606292724609e-01 6.078431606292724609e-01
6.078431606292724609e-01 6.078431606292724609e-01 6.078431606292724609e-01 4.313725531101226807e-01
6.078431606292724609e-01 4.313725531101226807e-01 5.176470875740051270e-01 4.313725531101226807e-01
5.176470875740051270e-01 4.313725531101226807e-01 5.176470875740051270e-01 3.098039329051971436e-01
5.176470875740051270e-01 3.098039329051971436e-01 5.176470875740051270e-01 2.745098173618316650e-01
5.176470875740051270e-01 2.745098173618316650e-01 3.960784375667572021e-01 2.745098173618316650e-01
3.960784375667572021e-01 2.745098173618316650e-01 3.960784375667572021e-01 7.294117808341979980e-01
3.960784375667572021e-01 7.294117808341979980e-01 5.176470875740051270e-01 7.294117808341979980e-01
5.176470875740051270e-01 7.294117808341979980e-01 5.176470875740051270e-01 6.078431606292724609e-01
5.176470875740051270e-01 6.078431606292724609e-01 5.176470875740051270e-01 6.078431606292724609e-01
6.078431606292724609e-01 6.078431606292724609e-01 5.176470875740051270e-01 6.078431606292724609e-01
5.176470875740051270e-01 6.078431606292724609e-01 5.176470875740051270e-01 7.294117808341979980e-01
5.176470875740051270e-01 7.294117808341979980e-01 6.078431606292724609e-01 7.294117808341979980e-01
6.078431606292724609e-01 7.294117808341979980e-01 6.078431606292724609e-01 6.078431606292724609e-01
6.078431606292724609e-01 6.078431606292724609e-01 6.078431606292724609e-01 6.078431606292724609e-01
6.078431606292724609e-01 3.098039329051971436e-01 6.078431606292724609e-01 2.745098173618316650e-01
6.078431606292724609e-01 2.745098173618316650e-01 5.176470875740051270e-01 2.745098173618316650e-01
5.176470875740051270e-01 2.745098173618316650e-01 5.176470875740051270e-01 3.098039329051971436e-01
5.176470875740051270e-01 3.098039329051971436e-01 5.176470875740051270e-01 4.313725531101226807e-01
5.176470875740051270e-01 4.313725531101226807e-01 6.078431606292724609e-01 4.313725531101226807e-01
6.078431606292724609e-01 4.313725531101226807e-01 6.078431606292724609e-01 3.098039329051971436e-01
6.078431606292724609e-01 3.098039329051971436e-01 6.078431606292724609e-01 3.098039329051971436e-01
