3.411764800548553467e-01 4.392156898975372314e-01 2.039215713739395142e-01 4.392156898975372314e-01
2.039215713739395142e-01 4.392156898975372314e-01 2.039215713739395142e-01 4.784313738346099854e-01
2.039215713739395142e-01 4.784313738346099854e-01 2.039215713739395142e-01 5.607843399047851562e-01
2.039215713739395142e-01 5.607843399047851562e-01 3.411764800548553467e-01 5.607843399047851562e-01
3.411764800548553467e-01 5.607843399047851562e-01 3.411764800548553467e-01 4.784313738346099854e-01
3.411764800548553467e-01 4.784313738346099854e-01 3.411764800548553467e-01 4.392156898975372314e-01
3.411764800548553467e-01 4.392156898975372314e-01 3.411764800548553467e-01 4.392156898975372314e-01
3.411764800548553467e-01 5.607843399047851562e-01 2.039215713739395142e-01 5.607843399047851562e-01
2.039215713739395142e-01 5.607843399047851562e-01 2.039215713739395142e-01 6.862745285034179688e-01
2.039215713739395142e-01 6.862745285034179688e-01 2.588235437870025635e-01 6.862745285034179688e-01
2.588235437870025635e-01 6.862745285034179688e-01 3.411764800548553467e-01 6.862745285034179688e-01
3.411764800548553467e-01 6.862745285034179688e-01 3.411764800548553467e-01 6.156862974166870117e-01
3.411764800548553467e-01 6.156862974166870117e-01 3.411764800548553467e-01 5.607843399047851562e-01
3.411764800548553467e-01 5.607843399047851562e-01 3.411764800548553467e-01 5.607843399047851562e-01
7.254902124404907227e-01 6.862745285034179688e-01 5.764706134796142578e-01 6.862745285034179688e-01
5.764706134796142578e-01 6.862745285034179688e-01 5.764706134796142578e-01 7.843137383460998535e-01
5.764706134796142578e-01 7.843137383460998535e-01 5.764706134796142578e-01 8.352941274642944336e-01
5.764706134796142578e-01 8.352941274642944336e-01 7.254902124404907227e-01 8.352941274642944336e-01
7.254902124404907227e-01 8.352941274642944336e-01 7.254902124404907227e-01 6.862745285034179688e-01
7.254902124404907227e-01 6.862745285034179688e-01 7.254902124404907227e-01 6.862745285034179688e-01
2.039215713739395142e-01 4.392156898975372314e-01 3.411764800548553467e-01 4.392156898975372314e-01
3.411764800548553467e-01 4.392156898975372314e-01 3.411764800548553467e-01 4.784313738346099854e-01
3.411764800548553467e-01 4.784313738346099854e-01 4.078431427478790283e-01 4.784313738346099854e-01
4.078431427478790283e-01 4.784313738346099854e-01 4.078431427478790283e-01 2.549019753932952881e-01
4.078431427478790283e-01 2.549019753932952881e-01 4.078431427478790283e-01 1.647058874368667603e-01
4.078431427478790283e-01 1.647058874368667603e-01 2.039215713739395142e-01 1.647058874368667603e-01
2.039215713739395142e-01 1.647058874368667603e-01 2.039215713739395142e-01 4.392156898975372314e-01
2.039215713739395142e-01 4.392156898975372314e-01 2.039215713739395142e-01 4.392156898975372314e-01
5.764706134796142578e-01 2.549019753932952881e-01 4.078431427478790283e-01 2.549019753932952881e-01
4.078431427478790283e-01 2.549019753932952881e-01 4.078431427478790283e-01 4.784313738346099854e-01
4.078431427478790283e-01 4.784313738346099854e-01 5.764706134796142578e-01 4.784313738346099854e-01
5.764706134796142578e-01 4.784313738346099854e-01 5.764706134796142578e-01 2.549019753932952881e-01
5.764706134796142578e-01 2.549019753932952881e-01 5.764706134796142578e-01 2.549019753932952881e-01
5.764706134796142578e-01 6.862745285034179688e-01 5.764706134796142578e-01 5.607843399047851562e-01
5.764706134796142578e-01 5.607843399047851562e-01 4.117647111415863037e-01 5.607843399047851562e-01
4.117647111415863037e-01 5.607843399047851562e-01 4.117647111415863037e-01 6.156862974166870117e-01
4.117647111415863037e-01 6.156862974166870117e-01 4.117647111415863037e-01 6.862745285034179688e-01
4.117647111415863037e-01 6.862745285034179688e-01 4.117647111415863037e-01 7.843137383460998535e-01
4.117647111415863037e-01 7.843137383460998535e-01 5.764706134796142578e-01 7.843137383460998535e-01
5.764706134796142578e-01 7.843137383460998535e-01 5.764706134796142578e-01 6.862745285034179688e-01
5.764706134796142578e-01 6.862745285034179688e-01 5.764706134796142578e-01 6.862745285034179688e-01
3.411764800548553467e-01 4.784313738346099854e-01 3.411764800548553467e-01 5.607843399047851562e-01
3.411764800548553467e-01 5.607843399047851562e-01 3.411764800548553467e-01 6.156862974166870117e-01
3.411764800548553467e-01 6.156862974166870117e-01 4.117647111415863037e-01 6.156862974166870117e-01
4.117647111415863037e-01 6.156862974166870117e-01 4.117647111415863037e-01 5.607843399047851562e-01
4.117647111415863037e-01 5.607843399047851562e-01 5.764706134796142578e-01 5.607843399047851562e-01
5.764706134796142578e-01 5.607843399047851562e-01 5.764706134796142578e-01 6.862745285034179688e-01
5.764706134796142578e-01 6.862745285034179688e-01 7.254902124404907227e-01 6.862745285034179688e-01
7.254902124404907227e-01 6.862745285034179688e-01 7.960784435272216797e-01 6.862745285034179688e-01
7.960784435272216797e-01 6.862745285034179688e-01 7.960784435272216797e-01 2.549019753932952881e-01
7.960784435272216797e-01 2.549019753932952881e-01 6.196078658103942871e-01 2.549019753932952881e-01
6.196078658103942871e-01 2.549019753932952881e-01 5.764706134796142578e-01 2.549019753932952881e-01
5.764706134796142578e-01 2.549019753932952881e-01 5.764706134796142578e-01 4.784313738346099854e-01
5.764706134796142578e-01 4.784313738346099854e-01 4.078431427478790283e-01 4.784313738346099854e-01
4.078431427478790283e-01 4.784313738346099854e-01 3.411764800548553467e-01 4.784313738346099854e-01
3.411764800548553467e-01 4.784313738346099854e-01 3.411764800548553467e-01 4.784313738346099854e-01
6.196078658103942871e-01 2.549019753932952881e-01 7.960784435272216797e-01 2.549019753932952881e-01
7.960784435272216797e-01 2.549019753932952881e-01 7.960784435272216797e-01 1.647058874368667603e-01
7.960784435272216797e-01 1.647058874368667603e-01 6.196078658103942871e-01 1.647058874368667603e-01
6.196078658103942871e-01 1.647058874368667603e-01 6.196078658103942871e-01 2.549019753932952881e-01
6.196078658103942871e-01 2.549019753932952881e-01 6.196078658103942871e-01 2.549019753932952881e-01
3.411764800548553467e-01 6.156862974166870117e-01 3.411764800548553467e-01 6.862745285034179688e-01
3.411764800548553467e-01 6.862745285034179688e-01 2.588235437870025635e-01 6.862745285034179688e-01
2.588235437870025635e-01 6.862745285034179688e-01 2.588235437870025635e-01 7.843137383460998535e-01
2.588235437870025635e-01 7.843137383460998535e-01 4.117647111415863037e-01 7.843137383460998535e-01
4.117647111415863037e-01 7.843137383460998535e-01 4.117647111415863037e-01 6.862745285034179688e-01
4.117647111415863037e-01 6.862745285034179688e-01 4.117647111415863037e-01 6.156862974166870117e-01
4.117647111415863037e-01 6.156862974166870117e-01 3.411764800548553467e-01 6.156862974166870117e-01
3.411764800548553467e-01 6.156862974166870117e-01 3.411764800548553467e-01 6.156862974166870117e-01
