3.843137323856353760e-01 5.019608139991760254e-01 2.666666805744171143e-01 5.019608139991760254e-01
2.666666805744171143e-01 5.019608139991760254e-01 2.666666805744171143e-01 6.039215922355651855e-01
2.666666805744171143e-01 6.039215922355651855e-01 3.490196168422698975e-01 6.039215922355651855e-01
3.490196168422698975e-01 6.039215922355651855e-01 3.843137323856353760e-01 6.039215922355651855e-01
3.843137323856353760e-01 6.039215922355651855e-01 3.843137323856353760e-01 5.019608139991760254e-01
3.843137323856353760e-01 5.019608139991760254e-01 3.843137323856353760e-01 5.019608139991760254e-01
3.843137323856353760e-01 6.039215922355651855e-01 3.490196168422698975e-01 6.039215922355651855e-01
3.490196168422698975e-01 6.039215922355651855e-01 3.490196168422698975e-01 6.980392336845397949e-01
3.490196168422698975e-01 6.980392336845397949e-01 3.490196168422698975e-01 7.764706015586853027e-01
3.490196168422698975e-01 7.764706015586853027e-01 4.431372582912445068e-01 7.764706015586853027e-01
4.431372582912445068e-01 7.764706015586853027e-01 4.431372582912445068e-01 6.980392336845397949e-01
4.431372582912445068e-01 6.980392336845397949e-01 4.431372582912445068e-01 6.039215922355651855e-01
4.431372582912445068e-01 6.039215922355651855e-01 3.843137323856353760e-01 6.039215922355651855e-01
3.843137323856353760e-01 6.039215922355651855e-01 3.843137323856353760e-01 6.039215922355651855e-01
4.431372582912445068e-01 2.666666805744171143e-01 2.666666805744171143e-01 2.666666805744171143e-01
2.666666805744171143e-01 2.666666805744171143e-01 2.666666805744171143e-01 5.019608139991760254e-01
2.666666805744171143e-01 5.019608139991760254e-01 3.843137323856353760e-01 5.019608139991760254e-01
3.843137323856353760e-01 5.019608139991760254e-01 4.431372582912445068e-01 5.019608139991760254e-01
4.431372582912445068e-01 5.019608139991760254e-01 4.431372582912445068e-01 3.058823645114898682e-01
4.431372582912445068e-01 3.058823645114898682e-01 4.431372582912445068e-01 2.666666805744171143e-01
4.431372582912445068e-01 2.666666805744171143e-01 4.431372582912445068e-01 2.666666805744171143e-01
6.352941393852233887e-01 4.196078479290008545e-01 5.803921818733215332e-01 4.196078479290008545e-01
5.803921818733215332e-01 4.196078479290008545e-01 5.803921818733215332e-01 6.980392336845397949e-01
5.803921818733215332e-01 6.980392336845397949e-01 6.352941393852233887e-01 6.980392336845397949e-01
6.352941393852233887e-01 6.980392336845397949e-01 7.333333492279052734e-01 6.980392336845397949e-01
7.333333492279052734e-01 6.980392336845397949e-01 7.333333492279052734e-01 4.196078479290008545e-01
7.333333492279052734e-01 4.196078479290008545e-01 6.352941393852233887e-01 4.196078479290008545e-01
6.352941393852233887e-01 4.196078479290008545e-01 6.352941393852233887e-01 4.196078479290008545e-01
4.431372582912445068e-01 5.019608139991760254e-01 3.843137323856353760e-01 5.019608139991760254e-01
3.843137323856353760e-01 5.019608139991760254e-01 3.843137323856353760e-01 6.039215922355651855e-01
3.843137323856353760e-01 6.039215922355651855e-01 4.431372582912445068e-01 6.039215922355651855e-01
4.431372582912445068e-01 6.039215922355651855e-01 4.431372582912445068e-01 6.980392336845397949e-01
4.431372582912445068e-01 6.980392336845397949e-01 5.803921818733215332e-01 6.980392336845397949e-01
5.803921818733215332e-01 6.980392336845397949e-01 5.803921818733215332e-01 4.196078479290008545e-01
5.803921818733215332e-01 4.196078479290008545e-01 6.352941393852233887e-01 4.196078479290008545e-01
6.352941393852233887e-01 4.196078479290008545e-01 6.352941393852233887e-01 3.058823645114898682e-01
6.352941393852233887e-01 3.058823645114898682e-01 4.431372582912445068e-01 3.058823645114898682e-01
4.431372582912445068e-01 3.058823645114898682e-01 4.431372582912445068e-01 5.019608139991760254e-01
4.431372582912445068e-01 5.019608139991760254e-01 4.431372582912445068e-01 5.019608139991760254e-01
4.431372582912445068e-01 2.235294133424758911e-01 4.431372582912445068e-01 2.666666805744171143e-01
4.431372582912445068e-01 2.666666805744171143e-01 4.431372582912445068e-01 3.058823645114898682e-01
4.431372582912445068e-01 3.058823645114898682e-01 6.352941393852233887e-01 3.058823645114898682e-01
6.352941393852233887e-01 3.058823645114898682e-01 6.352941393852233887e-01 2.235294133424758911e-01
6.352941393852233887e-01 2.235294133424758911e-01 4.431372582912445068e-01 2.235294133424758911e-01
4.431372582912445068e-01 2.235294133424758911e-01 4.431372582912445068e-01 2.235294133424758911e-01
