5.490196347236633301e-01 7.647058963775634766e-01 4.156862795352935791e-01 7.647058963775634766e-01
4.156862795352935791e-01 7.647058963775634766e-01 4.156862795352935791e-01 8.117647171020507812e-01
4.156862795352935791e-01 8.117647171020507812e-01 4.156862795352935791e-01 8.666666746139526367e-01
4.156862795352935791e-01 8.666666746139526367e-01 5.490196347236633301e-01 8.666666746139526367e-01
5.490196347236633301e-01 8.666666746139526367e-01 5.490196347236633301e-01 8.117647171020507812e-01
5.490196347236633301e-01 8.117647171020507812e-01 5.490196347236633301e-01 7.647058963775634766e-01
5.490196347236633301e-01 7.647058963775634766e-01 5.490196347236633301e-01 7.647058963775634766e-01
3.490196168422698975e-01 4.862745106220245361e-01 2.392156869173049927e-01 4.862745106220245361e-01
2.392156869173049927e-01 4.862745106220245361e-01 2.392156869173049927e-01 5.921568870544433594e-01
2.392156869173049927e-01 5.921568870544433594e-01 3.490196168422698975e-01 5.921568870544433594e-01
3.490196168422698975e-01 5.921568870544433594e-01 3.490196168422698975e-01 4.862745106220245361e-01
3.490196168422698975e-01 4.862745106220245361e-01 3.490196168422698975e-01 4.862745106220245361e-01
4.156862795352935791e-01 7.647058963775634766e-01 5.490196347236633301e-01 7.647058963775634766e-01
5.490196347236633301e-01 7.647058963775634766e-01 5.490196347236633301e-01 8.117647171020507812e-01
5.490196347236633301e-01 8.117647171020507812e-01 8.117647171020507812e-01 8.117647171020507812e-01
8.117647171020507812e-01 8.117647171020507812e-01 8.117647171020507812e-01 5.921568870544433594e-01
8.117647171020507812e-01 5.921568870544433594e-01 7.607843279838562012e-01 5.921568870544433594e-01
7.607843279838562012e-01 5.921568870544433594e-01 7.254902124404907227e-01 5.921568870544433594e-01
7.254902124404907227e-01 5.921568870544433594e-01 4.862745106220245361e-01 5.921568870544433594e-01
4.862745106220245361e-01 5.921568870544433594e-01 4.156862795352935791e-01 5.921568870544433594e-01
4.156862795352935791e-01 5.921568870544433594e-01 4.156862795352935791e-01 6.588235497474670410e-01
4.156862795352935791e-01 6.588235497474670410e-01 4.156862795352935791e-01 7.647058963775634766e-01
4.156862795352935791e-01 7.647058963775634766e-01 4.156862795352935791e-01 7.647058963775634766e-01
4.862745106220245361e-01 5.921568870544433594e-01 7.254902124404907227e-01 5.921568870544433594e-01
7.254902124404907227e-01 5.921568870544433594e-01 7.607843279838562012e-01 5.921568870544433594e-01
7.607843279838562012e-01 5.921568870544433594e-01 7.607843279838562012e-01 3.921568691730499268e-01
7.607843279838562012e-01 3.921568691730499268e-01 7.254902124404907227e-01 3.921568691730499268e-01
7.254902124404907227e-01 3.921568691730499268e-01 4.862745106220245361e-01 3.921568691730499268e-01
4.862745106220245361e-01 3.921568691730499268e-01 4.862745106220245361e-01 5.921568870544433594e-01
4.862745106220245361e-01 5.921568870544433594e-01 4.862745106220245361e-01 5.921568870544433594e-01
2.392156869173049927e-01 4.862745106220245361e-01 3.490196168422698975e-01 4.862745106220245361e-01
3.490196168422698975e-01 4.862745106220245361e-01 3.490196168422698975e-01 5.921568870544433594e-01
3.490196168422698975e-01 5.921568870544433594e-01 4.156862795352935791e-01 5.921568870544433594e-01
4.156862795352935791e-01 5.921568870544433594e-01 4.862745106220245361e-01 5.921568870544433594e-01
4.862745106220245361e-01 5.921568870544433594e-01 4.862745106220245361e-01 3.921568691730499268e-01
4.862745106220245361e-01 3.921568691730499268e-01 7.254902124404907227e-01 3.921568691730499268e-01
7.254902124404907227e-01 3.921568691730499268e-01 7.607843279838562012e-01 3.921568691730499268e-01
7.607843279838562012e-01 3.921568691730499268e-01 7.607843279838562012e-01 3.882353007793426514e-01
7.607843279838562012e-01 3.882353007793426514e-01 7.607843279838562012e-01 1.333333402872085571e-01
7.607843279838562012e-01 1.333333402872085571e-01 1.411764770746231079e-01 1.333333402872085571e-01
1.411764770746231079e-01 1.333333402872085571e-01 1.411764770746231079e-01 6.588235497474670410e-01
1.411764770746231079e-01 6.588235497474670410e-01 2.392156869173049927e-01 6.588235497474670410e-01
2.392156869173049927e-01 6.588235497474670410e-01 2.392156869173049927e-01 5.921568870544433594e-01
2.392156869173049927e-01 5.921568870544433594e-01 2.392156869173049927e-01 4.862745106220245361e-01
2.392156869173049927e-01 4.862745106220245361e-01 2.392156869173049927e-01 4.862745106220245361e-01
8.588235378265380859e-01 1.333333402872085571e-01 7.607843279838562012e-01 1.333333402872085571e-01
7.607843279838562012e-01 1.333333402872085571e-01 7.607843279838562012e-01 3.882353007793426514e-01
7.607843279838562012e-01 3.882353007793426514e-01 8.588235378265380859e-01 3.882353007793426514e-01
8.588235378265380859e-01 3.882353007793426514e-01 8.588235378265380859e-01 1.333333402872085571e-01
8.588235378265380859e-01 1.333333402872085571e-01 8.588235378265380859e-01 1.333333402872085571e-01
4.156862795352935791e-01 6.588235497474670410e-01 4.156862795352935791e-01 5.921568870544433594e-01
4.156862795352935791e-01 5.921568870544433594e-01 3.490196168422698975e-01 5.921568870544433594e-01
3.490196168422698975e-01 5.921568870544433594e-01 2.392156869173049927e-01 5.921568870544433594e-01
2.392156869173049927e-01 5.921568870544433594e-01 2.392156869173049927e-01 6.588235497474670410e-01
2.392156869173049927e-01 6.588235497474670410e-01 2.392156869173049927e-01 8.117647171020507812e-01
2.392156869173049927e-01 8.117647171020507812e-01 4.156862795352935791e-01 8.117647171020507812e-01
4.156862795352935791e-01 8.117647171020507812e-01 4.156862795352935791e-01 7.647058963775634766e-01
4.156862795352935791e-01 7.647058963775634766e-01 4.156862795352935791e-01 6.588235497474670410e-01
4.156862795352935791e-01 6.588235497474670410e-01 4.156862795352935791e-01 6.588235497474670410e-01
