7.803921699523925781e-01 3.411764800548553467e-01 6.666666865348815918e-01 3.411764800548553467e-01
6.666666865348815918e-01 3.411764800548553467e-01 6.666666865348815918e-01 4.274509847164154053e-01
6.666666865348815918e-01 4.274509847164154053e-01 6.666666865348815918e-01 4.980392158031463623e-01
6.666666865348815918e-01 4.980392158031463623e-01 7.803921699523925781e-01 4.980392158031463623e-01
7.803921699523925781e-01 4.980392158031463623e-01 7.803921699523925781e-01 3.411764800548553467e-01
7.803921699523925781e-01 3.411764800548553467e-01 7.803921699523925781e-01 3.411764800548553467e-01
7.803921699523925781e-01 7.176470756530761719e-01 7.803921699523925781e-01 6.352941393852233887e-01
7.803921699523925781e-01 6.352941393852233887e-01 6.666666865348815918e-01 6.352941393852233887e-01
6.666666865348815918e-01 6.352941393852233887e-01 5.960784554481506348e-01 6.352941393852233887e-01
5.960784554481506348e-01 6.352941393852233887e-01 5.960784554481506348e-01 7.176470756530761719e-01
5.960784554481506348e-01 7.176470756530761719e-01 6.666666865348815918e-01 7.176470756530761719e-01
6.666666865348815918e-01 7.176470756530761719e-01 7.803921699523925781e-01 7.176470756530761719e-01
7.803921699523925781e-01 7.176470756530761719e-01 7.803921699523925781e-01 7.176470756530761719e-01
5.960784554481506348e-01 4.980392158031463623e-01 4.313725531101226807e-01 4.980392158031463623e-01
4.313725531101226807e-01 4.980392158031463623e-01 4.313725531101226807e-01 7.176470756530761719e-01
4.313725531101226807e-01 7.176470756530761719e-01 5.960784554481506348e-01 7.176470756530761719e-01
5.960784554481506348e-01 7.176470756530761719e-01 5.960784554481506348e-01 6.352941393852233887e-01
5.960784554481506348e-01 6.352941393852233887e-01 5.960784554481506348e-01 4.980392158031463623e-01
5.960784554481506348e-01 4.980392158031463623e-01 5.960784554481506348e-01 4.980392158031463623e-01
6.666666865348815918e-01 4.980392158031463623e-01 5.960784554481506348e-01 4.980392158031463623e-01
5.960784554481506348e-01 4.980392158031463623e-01 5.960784554481506348e-01 6.352941393852233887e-01
5.960784554481506348e-01 6.352941393852233887e-01 6.666666865348815918e-01 6.352941393852233887e-01
6.666666865348815918e-01 6.352941393852233887e-01 7.803921699523925781e-01 6.352941393852233887e-01
7.803921699523925781e-01 6.352941393852233887e-01 7.803921699523925781e-01 4.980392158031463623e-01
7.803921699523925781e-01 4.980392158031463623e-01 6.666666865348815918e-01 4.980392158031463623e-01
6.666666865348815918e-01 4.980392158031463623e-01 6.666666865348815918e-01 4.980392158031463623e-01
4.313725531101226807e-01 4.980392158031463623e-01 5.960784554481506348e-01 4.980392158031463623e-01
5.960784554481506348e-01 4.980392158031463623e-01 6.666666865348815918e-01 4.980392158031463623e-01
6.666666865348815918e-01 4.980392158031463623e-01 6.666666865348815918e-01 4.274509847164154053e-01
6.666666865348815918e-01 4.274509847164154053e-01 5.333333611488342285e-01 4.274509847164154053e-01
5.333333611488342285e-01 4.274509847164154053e-01 4.313725531101226807e-01 4.274509847164154053e-01
4.313725531101226807e-01 4.274509847164154053e-01 4.313725531101226807e-01 2.392156869173049927e-01
4.313725531101226807e-01 2.392156869173049927e-01 2.196078449487686157e-01 2.392156869173049927e-01
2.196078449487686157e-01 2.392156869173049927e-01 2.196078449487686157e-01 7.607843279838562012e-01
2.196078449487686157e-01 7.607843279838562012e-01 6.666666865348815918e-01 7.607843279838562012e-01
6.666666865348815918e-01 7.607843279838562012e-01 6.666666865348815918e-01 7.176470756530761719e-01
6.666666865348815918e-01 7.176470756530761719e-01 5.960784554481506348e-01 7.176470756530761719e-01
5.960784554481506348e-01 7.176470756530761719e-01 4.313725531101226807e-01 7.176470756530761719e-01
4.313725531101226807e-01 7.176470756530761719e-01 4.313725531101226807e-01 4.980392158031463623e-01
4.313725531101226807e-01 4.980392158031463623e-01 4.313725531101226807e-01 4.980392158031463623e-01
5.333333611488342285e-01 2.392156869173049927e-01 4.313725531101226807e-01 2.392156869173049927e-01
4.313725531101226807e-01 2.392156869173049927e-01 4.313725531101226807e-01 4.274509847164154053e-01
4.313725531101226807e-01 4.274509847164154053e-01 5.333333611488342285e-01 4.274509847164154053e-01
5.333333611488342285e-01 4.274509847164154053e-01 5.333333611488342285e-01 2.823529541492462158e-01
5.333333611488342285e-01 2.823529541492462158e-01 5.333333611488342285e-01 2.392156869173049927e-01
5.333333611488342285e-01 2.392156869173049927e-01 5.333333611488342285e-01 2.392156869173049927e-01
6.666666865348815918e-01 2.823529541492462158e-01 6.666666865348815918e-01 2.392156869173049927e-01
6.666666865348815918e-01 2.392156869173049927e-01 5.333333611488342285e-01 2.392156869173049927e-01
5.333333611488342285e-01 2.392156869173049927e-01 5.333333611488342285e-01 2.823529541492462158e-01
5.333333611488342285e-01 2.823529541492462158e-01 5.333333611488342285e-01 4.274509847164154053e-01
5.333333611488342285e-01 4.274509847164154053e-01 6.666666865348815918e-01 4.274509847164154053e-01
6.666666865348815918e-01 4.274509847164154053e-01 6.666666865348815918e-01 3.411764800548553467e-01
6.666666865348815918e-01 3.411764800548553467e-01 6.666666865348815918e-01 2.823529541492462158e-01
6.666666865348815918e-01 2.823529541492462158e-01 6.666666865348815918e-01 2.823529541492462158e-01
