6.235294342041015625e-01 6.117647290229797363e-01 4.235294163227081299e-01 6.117647290229797363e-01
4.235294163227081299e-01 6.117647290229797363e-01 4.235294163227081299e-01 7.058823704719543457e-01
4.235294163227081299e-01 7.058823704719543457e-01 6.235294342041015625e-01 7.058823704719543457e-01
6.235294342041015625e-01 7.058823704719543457e-01 6.235294342041015625e-01 6.117647290229797363e-01
6.235294342041015625e-01 6.117647290229797363e-01 6.235294342041015625e-01 6.117647290229797363e-01
8.235294222831726074e-01 7.058823704719543457e-01 9.098039269447326660e-01 7.058823704719543457e-01
9.098039269447326660e-01 7.058823704719543457e-01 9.098039269447326660e-01 4.901960790157318115e-01
9.098039269447326660e-01 4.901960790157318115e-01 8.235294222831726074e-01 4.901960790157318115e-01
8.235294222831726074e-01 4.901960790157318115e-01 8.235294222831726074e-01 7.058823704719543457e-01
8.235294222831726074e-01 7.058823704719543457e-01 8.235294222831726074e-01 7.058823704719543457e-01
4.235294163227081299e-01 4.431372582912445068e-01 4.235294163227081299e-01 3.372549116611480713e-01
4.235294163227081299e-01 3.372549116611480713e-01 1.725490242242813110e-01 3.372549116611480713e-01
1.725490242242813110e-01 3.372549116611480713e-01 1.725490242242813110e-01 5.333333611488342285e-01
1.725490242242813110e-01 5.333333611488342285e-01 4.235294163227081299e-01 5.333333611488342285e-01
4.235294163227081299e-01 5.333333611488342285e-01 4.235294163227081299e-01 4.431372582912445068e-01
4.235294163227081299e-01 4.431372582912445068e-01 4.235294163227081299e-01 4.431372582912445068e-01
1.725490242242813110e-01 7.058823704719543457e-01 4.235294163227081299e-01 7.058823704719543457e-01
4.235294163227081299e-01 7.058823704719543457e-01 4.235294163227081299e-01 6.117647290229797363e-01
4.235294163227081299e-01 6.117647290229797363e-01 4.235294163227081299e-01 5.333333611488342285e-01
4.235294163227081299e-01 5.333333611488342285e-01 1.725490242242813110e-01 5.333333611488342285e-01
1.725490242242813110e-01 5.333333611488342285e-01 1.725490242242813110e-01 7.058823704719543457e-01
1.725490242242813110e-01 7.058823704719543457e-01 1.725490242242813110e-01 7.058823704719543457e-01
4.235294163227081299e-01 6.117647290229797363e-01 6.235294342041015625e-01 6.117647290229797363e-01
6.235294342041015625e-01 6.117647290229797363e-01 6.235294342041015625e-01 7.058823704719543457e-01
6.235294342041015625e-01 7.058823704719543457e-01 8.235294222831726074e-01 7.058823704719543457e-01
8.235294222831726074e-01 7.058823704719543457e-01 8.235294222831726074e-01 4.901960790157318115e-01
8.235294222831726074e-01 4.901960790157318115e-01 7.254902124404907227e-01 4.901960790157318115e-01
7.254902124404907227e-01 4.901960790157318115e-01 7.254902124404907227e-01 3.372549116611480713e-01
7.254902124404907227e-01 3.372549116611480713e-01 8.235294222831726074e-01 3.372549116611480713e-01
8.235294222831726074e-01 3.372549116611480713e-01 8.235294222831726074e-01 2.980392277240753174e-01
8.235294222831726074e-01 2.980392277240753174e-01 4.235294163227081299e-01 2.980392277240753174e-01
4.235294163227081299e-01 2.980392277240753174e-01 4.235294163227081299e-01 3.372549116611480713e-01
4.235294163227081299e-01 3.372549116611480713e-01 4.980392158031463623e-01 3.372549116611480713e-01
4.980392158031463623e-01 3.372549116611480713e-01 4.980392158031463623e-01 4.431372582912445068e-01
4.980392158031463623e-01 4.431372582912445068e-01 4.980392158031463623e-01 5.333333611488342285e-01
4.980392158031463623e-01 5.333333611488342285e-01 4.235294163227081299e-01 5.333333611488342285e-01
4.235294163227081299e-01 5.333333611488342285e-01 4.235294163227081299e-01 6.117647290229797363e-01
4.235294163227081299e-01 6.117647290229797363e-01 4.235294163227081299e-01 6.117647290229797363e-01
1.725490242242813110e-01 3.372549116611480713e-01 9.019608050584793091e-02 3.372549116611480713e-01
9.019608050584793091e-02 3.372549116611480713e-01 9.019608050584793091e-02 5.333333611488342285e-01
9.019608050584793091e-02 5.333333611488342285e-01 1.725490242242813110e-01 5.333333611488342285e-01
1.725490242242813110e-01 5.333333611488342285e-01 1.725490242242813110e-01 3.372549116611480713e-01
1.725490242242813110e-01 3.372549116611480713e-01 1.725490242242813110e-01 3.372549116611480713e-01
9.019608050584793091e-02 7.058823704719543457e-01 1.725490242242813110e-01 7.058823704719543457e-01
1.725490242242813110e-01 7.058823704719543457e-01 1.725490242242813110e-01 5.333333611488342285e-01
1.725490242242813110e-01 5.333333611488342285e-01 9.019608050584793091e-02 5.333333611488342285e-01
9.019608050584793091e-02 5.333333611488342285e-01 9.019608050584793091e-02 7.058823704719543457e-01
9.019608050584793091e-02 7.058823704719543457e-01 9.019608050584793091e-02 7.058823704719543457e-01
4.235294163227081299e-01 3.372549116611480713e-01 4.235294163227081299e-01 4.431372582912445068e-01
4.235294163227081299e-01 4.431372582912445068e-01 4.235294163227081299e-01 5.333333611488342285e-01
4.235294163227081299e-01 5.333333611488342285e-01 4.980392158031463623e-01 5.333333611488342285e-01
4.980392158031463623e-01 5.333333611488342285e-01 4.980392158031463623e-01 4.431372582912445068e-01
4.980392158031463623e-01 4.431372582912445068e-01 4.980392158031463623e-01 3.372549116611480713e-01
4.980392158031463623e-01 3.372549116611480713e-01 4.235294163227081299e-01 3.372549116611480713e-01
4.235294163227081299e-01 3.372549116611480713e-01 4.235294163227081299e-01 3.372549116611480713e-01
8.235294222831726074e-01 4.901960790157318115e-01 9.098039269447326660e-01 4.901960790157318115e-01
9.098039269447326660e-01 4.901960790157318115e-01 9.098039269447326660e-01 3.372549116611480713e-01
9.098039269447326660e-01 3.372549116611480713e-01 8.235294222831726074e-01 3.372549116611480713e-01
8.235294222831726074e-01 3.372549116611480713e-01 7.254902124404907227e-01 3.372549116611480713e-01
7.254902124404907227e-01 3.372549116611480713e-01 7.254902124404907227e-01 4.901960790157318115e-01
7.254902124404907227e-01 4.901960790157318115e-01 8.235294222831726074e-01 4.901960790157318115e-01
8.235294222831726074e-01 4.901960790157318115e-01 8.235294222831726074e-01 4.901960790157318115e-01
