3.058823645114898682e-01 4.705882370471954346e-01 2.117647081613540649e-01 4.705882370471954346e-01
2.117647081613540649e-01 4.705882370471954346e-01 2.117647081613540649e-01 5.686274766921997070e-01
2.117647081613540649e-01 5.686274766921997070e-01 3.058823645114898682e-01 5.686274766921997070e-01
3.058823645114898682e-01 5.686274766921997070e-01 3.058823645114898682e-01 4.705882370471954346e-01
3.058823645114898682e-01 4.705882370471954346e-01 3.058823645114898682e-01 4.705882370471954346e-01
3.490196168422698975e-01 4.705882370471954346e-01 3.058823645114898682e-01 4.705882370471954346e-01
3.058823645114898682e-01 4.705882370471954346e-01 3.058823645114898682e-01 5.686274766921997070e-01
3.058823645114898682e-01 5.686274766921997070e-01 4.117647111415863037e-01 5.686274766921997070e-01
4.117647111415863037e-01 5.686274766921997070e-01 4.117647111415863037e-01 4.705882370471954346e-01
4.117647111415863037e-01 4.705882370471954346e-01 3.490196168422698975e-01 4.705882370471954346e-01
3.490196168422698975e-01 4.705882370471954346e-01 3.490196168422698975e-01 4.705882370471954346e-01
3.058823645114898682e-01 5.686274766921997070e-01 2.117647081613540649e-01 5.686274766921997070e-01
2.117647081613540649e-01 5.686274766921997070e-01 2.117647081613540649e-01 8.117647171020507812e-01
2.117647081613540649e-01 8.117647171020507812e-01 3.058823645114898682e-01 8.117647171020507812e-01
3.058823645114898682e-01 8.117647171020507812e-01 3.058823645114898682e-01 5.686274766921997070e-01
3.058823645114898682e-01 5.686274766921997070e-01 3.058823645114898682e-01 5.686274766921997070e-01
5.803921818733215332e-01 2.784313857555389404e-01 5.450980663299560547e-01 2.784313857555389404e-01
5.450980663299560547e-01 2.784313857555389404e-01 5.450980663299560547e-01 4.000000059604644775e-01
5.450980663299560547e-01 4.000000059604644775e-01 5.450980663299560547e-01 4.666666686534881592e-01
5.450980663299560547e-01 4.666666686534881592e-01 7.137255072593688965e-01 4.666666686534881592e-01
7.137255072593688965e-01 4.666666686534881592e-01 7.921568751335144043e-01 4.666666686534881592e-01
7.921568751335144043e-01 4.666666686534881592e-01 7.921568751335144043e-01 2.784313857555389404e-01
7.921568751335144043e-01 2.784313857555389404e-01 5.803921818733215332e-01 2.784313857555389404e-01
5.803921818733215332e-01 2.784313857555389404e-01 5.803921818733215332e-01 2.784313857555389404e-01
3.490196168422698975e-01 4.000000059604644775e-01 5.450980663299560547e-01 4.000000059604644775e-01
5.450980663299560547e-01 4.000000059604644775e-01 5.450980663299560547e-01 2.784313857555389404e-01
5.450980663299560547e-01 2.784313857555389404e-01 5.803921818733215332e-01 2.784313857555389404e-01
5.803921818733215332e-01 2.784313857555389404e-01 5.803921818733215332e-01 1.921568661928176880e-01
5.803921818733215332e-01 1.921568661928176880e-01 3.490196168422698975e-01 1.921568661928176880e-01
3.490196168422698975e-01 1.921568661928176880e-01 3.490196168422698975e-01 3.058823645114898682e-01
3.490196168422698975e-01 3.058823645114898682e-01 3.490196168422698975e-01 4.000000059604644775e-01
3.490196168422698975e-01 4.000000059604644775e-01 3.490196168422698975e-01 4.000000059604644775e-01
3.490196168422698975e-01 4.705882370471954346e-01 4.117647111415863037e-01 4.705882370471954346e-01
4.117647111415863037e-01 4.705882370471954346e-01 4.117647111415863037e-01 5.686274766921997070e-01
4.117647111415863037e-01 5.686274766921997070e-01 3.058823645114898682e-01 5.686274766921997070e-01
3.058823645114898682e-01 5.686274766921997070e-01 3.058823645114898682e-01 8.117647171020507812e-01
3.058823645114898682e-01 8.117647171020507812e-01 7.137255072593688965e-01 8.117647171020507812e-01
7.137255072593688965e-01 8.117647171020507812e-01 7.137255072593688965e-01 6.705882549285888672e-01
7.137255072593688965e-01 6.705882549285888672e-01 7.137255072593688965e-01 4.666666686534881592e-01
7.137255072593688965e-01 4.666666686534881592e-01 5.450980663299560547e-01 4.666666686534881592e-01
5.450980663299560547e-01 4.666666686534881592e-01 5.450980663299560547e-01 4.000000059604644775e-01
5.450980663299560547e-01 4.000000059604644775e-01 3.490196168422698975e-01 4.000000059604644775e-01
3.490196168422698975e-01 4.000000059604644775e-01 3.490196168422698975e-01 4.705882370471954346e-01
3.490196168422698975e-01 4.705882370471954346e-01 3.490196168422698975e-01 4.705882370471954346e-01
7.137255072593688965e-01 4.666666686534881592e-01 7.137255072593688965e-01 6.705882549285888672e-01
7.137255072593688965e-01 6.705882549285888672e-01 7.921568751335144043e-01 6.705882549285888672e-01
7.921568751335144043e-01 6.705882549285888672e-01 7.921568751335144043e-01 4.666666686534881592e-01
7.921568751335144043e-01 4.666666686534881592e-01 7.137255072593688965e-01 4.666666686534881592e-01
7.137255072593688965e-01 4.666666686534881592e-01 7.137255072593688965e-01 4.666666686534881592e-01
2.117647081613540649e-01 4.705882370471954346e-01 3.058823645114898682e-01 4.705882370471954346e-01
3.058823645114898682e-01 4.705882370471954346e-01 3.490196168422698975e-01 4.705882370471954346e-01
3.490196168422698975e-01 4.705882370471954346e-01 3.490196168422698975e-01 4.000000059604644775e-01
3.490196168422698975e-01 4.000000059604644775e-01 3.490196168422698975e-01 3.058823645114898682e-01
3.490196168422698975e-01 3.058823645114898682e-01 2.117647081613540649e-01 3.058823645114898682e-01
2.117647081613540649e-01 3.058823645114898682e-01 2.117647081613540649e-01 4.705882370471954346e-01
2.117647081613540649e-01 4.705882370471954346e-01 2.117647081613540649e-01 4.705882370471954346e-01
