7.254902124404907227e-01 3.843137323856353760e-01 6.000000238418579102e-01 3.843137323856353760e-01
6.000000238418579102e-01 3.843137323856353760e-01 6.000000238418579102e-01 5.058823823928833008e-01
6.000000238418579102e-01 5.058823823928833008e-01 7.254902124404907227e-01 5.058823823928833008e-01
7.254902124404907227e-01 5.058823823928833008e-01 7.254902124404907227e-01 3.843137323856353760e-01
7.254902124404907227e-01 3.843137323856353760e-01 7.254902124404907227e-01 3.843137323856353760e-01
5.411764979362487793e-01 3.843137323856353760e-01 6.000000238418579102e-01 3.843137323856353760e-01
6.000000238418579102e-01 3.843137323856353760e-01 7.254902124404907227e-01 3.843137323856353760e-01
7.254902124404907227e-01 3.843137323856353760e-01 7.254902124404907227e-01 1.411764770746231079e-01
7.254902124404907227e-01 1.411764770746231079e-01 6.000000238418579102e-01 1.411764770746231079e-01
6.000000238418579102e-01 1.411764770746231079e-01 5.411764979362487793e-01 1.411764770746231079e-01
5.411764979362487793e-01 1.411764770746231079e-01 5.411764979362487793e-01 3.843137323856353760e-01
5.411764979362487793e-01 3.843137323856353760e-01 5.411764979362487793e-01 3.843137323856353760e-01
6.000000238418579102e-01 5.058823823928833008e-01 5.411764979362487793e-01 5.058823823928833008e-01
5.411764979362487793e-01 5.058823823928833008e-01 5.411764979362487793e-01 6.666666865348815918e-01
5.411764979362487793e-01 6.666666865348815918e-01 6.000000238418579102e-01 6.666666865348815918e-01
6.000000238418579102e-01 6.666666865348815918e-01 7.254902124404907227e-01 6.666666865348815918e-01
7.254902124404907227e-01 6.666666865348815918e-01 7.254902124404907227e-01 5.058823823928833008e-01
7.254902124404907227e-01 5.058823823928833008e-01 6.000000238418579102e-01 5.058823823928833008e-01
6.000000238418579102e-01 5.058823823928833008e-01 6.000000238418579102e-01 5.058823823928833008e-01
6.000000238418579102e-01 8.274509906768798828e-01 6.000000238418579102e-01 6.666666865348815918e-01
6.000000238418579102e-01 6.666666865348815918e-01 5.411764979362487793e-01 6.666666865348815918e-01
5.411764979362487793e-01 6.666666865348815918e-01 4.196078479290008545e-01 6.666666865348815918e-01
4.196078479290008545e-01 6.666666865348815918e-01 4.196078479290008545e-01 8.274509906768798828e-01
4.196078479290008545e-01 8.274509906768798828e-01 6.000000238418579102e-01 8.274509906768798828e-01
6.000000238418579102e-01 8.274509906768798828e-01 6.000000238418579102e-01 8.274509906768798828e-01
6.000000238418579102e-01 3.843137323856353760e-01 5.411764979362487793e-01 3.843137323856353760e-01
5.411764979362487793e-01 3.843137323856353760e-01 5.411764979362487793e-01 1.411764770746231079e-01
5.411764979362487793e-01 1.411764770746231079e-01 3.215686380863189697e-01 1.411764770746231079e-01
3.215686380863189697e-01 1.411764770746231079e-01 3.215686380863189697e-01 6.666666865348815918e-01
3.215686380863189697e-01 6.666666865348815918e-01 4.196078479290008545e-01 6.666666865348815918e-01
4.196078479290008545e-01 6.666666865348815918e-01 5.411764979362487793e-01 6.666666865348815918e-01
5.411764979362487793e-01 6.666666865348815918e-01 5.411764979362487793e-01 5.058823823928833008e-01
5.411764979362487793e-01 5.058823823928833008e-01 6.000000238418579102e-01 5.058823823928833008e-01
6.000000238418579102e-01 5.058823823928833008e-01 6.000000238418579102e-01 3.843137323856353760e-01
6.000000238418579102e-01 3.843137323856353760e-01 6.000000238418579102e-01 3.843137323856353760e-01
3.215686380863189697e-01 6.666666865348815918e-01 2.745098173618316650e-01 6.666666865348815918e-01
2.745098173618316650e-01 6.666666865348815918e-01 2.745098173618316650e-01 8.627451062202453613e-01
2.745098173618316650e-01 8.627451062202453613e-01 4.196078479290008545e-01 8.627451062202453613e-01
4.196078479290008545e-01 8.627451062202453613e-01 4.196078479290008545e-01 8.274509906768798828e-01
4.196078479290008545e-01 8.274509906768798828e-01 4.196078479290008545e-01 6.666666865348815918e-01
4.196078479290008545e-01 6.666666865348815918e-01 3.215686380863189697e-01 6.666666865348815918e-01
3.215686380863189697e-01 6.666666865348815918e-01 3.215686380863189697e-01 6.666666865348815918e-01
