5.019608139991760254e-01 5.764706134796142578e-01 5.019608139991760254e-01 4.784313738346099854e-01
5.019608139991760254e-01 4.784313738346099854e-01 3.686274588108062744e-01 4.784313738346099854e-01
3.686274588108062744e-01 4.784313738346099854e-01 3.686274588108062744e-01 5.215686559677124023e-01
3.686274588108062744e-01 5.215686559677124023e-01 3.686274588108062744e-01 5.764706134796142578e-01
3.686274588108062744e-01 5.764706134796142578e-01 5.019608139991760254e-01 5.764706134796142578e-01
5.019608139991760254e-01 5.764706134796142578e-01 5.019608139991760254e-01 5.764706134796142578e-01
7.333333492279052734e-01 5.607843399047851562e-01 7.333333492279052734e-01 7.607843279838562012e-01
7.333333492279052734e-01 7.607843279838562012e-01 8.117647171020507812e-01 7.607843279838562012e-01
8.117647171020507812e-01 7.607843279838562012e-01 8.117647171020507812e-01 5.607843399047851562e-01
8.117647171020507812e-01 5.607843399047851562e-01 7.333333492279052734e-01 5.607843399047851562e-01
7.333333492279052734e-01 5.607843399047851562e-01 7.333333492279052734e-01 5.607843399047851562e-01
7.333333492279052734e-01 2.431372553110122681e-01 5.019608139991760254e-01 2.431372553110122681e-01
5.019608139991760254e-01 2.431372553110122681e-01 5.019608139991760254e-01 3.058823645114898682e-01
5.019608139991760254e-01 3.058823645114898682e-01 5.019608139991760254e-01 4.156862795352935791e-01
5.019608139991760254e-01 4.156862795352935791e-01 5.686274766921997070e-01 4.156862795352935791e-01
5.686274766921997070e-01 4.156862795352935791e-01 7.333333492279052734e-01 4.156862795352935791e-01
7.333333492279052734e-01 4.156862795352935791e-01 7.333333492279052734e-01 2.431372553110122681e-01
7.333333492279052734e-01 2.431372553110122681e-01 7.333333492279052734e-01 2.431372553110122681e-01
5.019608139991760254e-01 4.156862795352935791e-01 5.019608139991760254e-01 3.058823645114898682e-01
5.019608139991760254e-01 3.058823645114898682e-01 3.686274588108062744e-01 3.058823645114898682e-01
3.686274588108062744e-01 3.058823645114898682e-01 3.686274588108062744e-01 4.156862795352935791e-01
3.686274588108062744e-01 4.156862795352935791e-01 3.686274588108062744e-01 4.784313738346099854e-01
3.686274588108062744e-01 4.784313738346099854e-01 5.019608139991760254e-01 4.784313738346099854e-01
5.019608139991760254e-01 4.784313738346099854e-01 5.019608139991760254e-01 4.156862795352935791e-01
5.019608139991760254e-01 4.156862795352935791e-01 5.019608139991760254e-01 4.156862795352935791e-01
7.333333492279052734e-01 4.156862795352935791e-01 5.686274766921997070e-01 4.156862795352935791e-01
5.686274766921997070e-01 4.156862795352935791e-01 5.686274766921997070e-01 5.607843399047851562e-01
5.686274766921997070e-01 5.607843399047851562e-01 7.333333492279052734e-01 5.607843399047851562e-01
7.333333492279052734e-01 5.607843399047851562e-01 7.333333492279052734e-01 4.156862795352935791e-01
7.333333492279052734e-01 4.156862795352935791e-01 7.333333492279052734e-01 4.156862795352935791e-01
5.686274766921997070e-01 4.156862795352935791e-01 5.019608139991760254e-01 4.156862795352935791e-01
5.019608139991760254e-01 4.156862795352935791e-01 5.019608139991760254e-01 4.784313738346099854e-01
5.019608139991760254e-01 4.784313738346099854e-01 5.019608139991760254e-01 5.764706134796142578e-01
5.019608139991760254e-01 5.764706134796142578e-01 3.686274588108062744e-01 5.764706134796142578e-01
3.686274588108062744e-01 5.764706134796142578e-01 3.686274588108062744e-01 6.745098233222961426e-01
3.686274588108062744e-01 6.745098233222961426e-01 3.686274588108062744e-01 7.607843279838562012e-01
3.686274588108062744e-01 7.607843279838562012e-01 7.333333492279052734e-01 7.607843279838562012e-01
7.333333492279052734e-01 7.607843279838562012e-01 7.333333492279052734e-01 5.607843399047851562e-01
7.333333492279052734e-01 5.607843399047851562e-01 5.686274766921997070e-01 5.607843399047851562e-01
5.686274766921997070e-01 5.607843399047851562e-01 5.686274766921997070e-01 4.156862795352935791e-01
5.686274766921997070e-01 4.156862795352935791e-01 5.686274766921997070e-01 4.156862795352935791e-01
3.686274588108062744e-01 5.764706134796142578e-01 3.686274588108062744e-01 5.215686559677124023e-01
3.686274588108062744e-01 5.215686559677124023e-01 1.921568661928176880e-01 5.215686559677124023e-01
1.921568661928176880e-01 5.215686559677124023e-01 1.921568661928176880e-01 6.745098233222961426e-01
1.921568661928176880e-01 6.745098233222961426e-01 3.686274588108062744e-01 6.745098233222961426e-01
3.686274588108062744e-01 6.745098233222961426e-01 3.686274588108062744e-01 5.764706134796142578e-01
3.686274588108062744e-01 5.764706134796142578e-01 3.686274588108062744e-01 5.764706134796142578e-01
