4.000000059604644775e-01 2.862745225429534912e-01 1.764705926179885864e-01 2.862745225429534912e-01
1.764705926179885864e-01 2.862745225429534912e-01 1.764705926179885864e-01 4.078431427478790283e-01
1.764705926179885864e-01 4.078431427478790283e-01 4.000000059604644775e-01 4.078431427478790283e-01
4.000000059604644775e-01 4.078431427478790283e-01 4.000000059604644775e-01 2.862745225429534912e-01
4.000000059604644775e-01 2.862745225429534912e-01 4.000000059604644775e-01 2.862745225429534912e-01
4.000000059604644775e-01 8.627451211214065552e-02 4.000000059604644775e-01 2.196078449487686157e-01
4.000000059604644775e-01 2.196078449487686157e-01 4.862745106220245361e-01 2.196078449487686157e-01
4.862745106220245361e-01 2.196078449487686157e-01 5.411764979362487793e-01 2.196078449487686157e-01
5.411764979362487793e-01 2.196078449487686157e-01 5.411764979362487793e-01 8.627451211214065552e-02
5.411764979362487793e-01 8.627451211214065552e-02 4.862745106220245361e-01 8.627451211214065552e-02
4.862745106220245361e-01 8.627451211214065552e-02 4.000000059604644775e-01 8.627451211214065552e-02
4.000000059604644775e-01 8.627451211214065552e-02 4.000000059604644775e-01 8.627451211214065552e-02
4.000000059604644775e-01 4.078431427478790283e-01 1.764705926179885864e-01 4.078431427478790283e-01
1.764705926179885864e-01 4.078431427478790283e-01 1.764705926179885864e-01 5.333333611488342285e-01
1.764705926179885864e-01 5.333333611488342285e-01 4.000000059604644775e-01 5.333333611488342285e-01
4.000000059604644775e-01 5.333333611488342285e-01 4.000000059604644775e-01 4.078431427478790283e-01
4.000000059604644775e-01 4.078431427478790283e-01 4.000000059604644775e-01 4.078431427478790283e-01
8.274509906768798828e-01 8.627451211214065552e-02 5.411764979362487793e-01 8.627451211214065552e-02
5.411764979362487793e-01 8.627451211214065552e-02 5.411764979362487793e-01 2.196078449487686157e-01
5.411764979362487793e-01 2.196078449487686157e-01 4.862745106220245361e-01 2.196078449487686157e-01
4.862745106220245361e-01 2.196078449487686157e-01 4.862745106220245361e-01 2.862745225429534912e-01
4.862745106220245361e-01 2.862745225429534912e-01 5.882353186607360840e-01 2.862745225429534912e-01
5.882353186607360840e-01 2.862745225429534912e-01 7.686274647712707520e-01 2.862745225429534912e-01
7.686274647712707520e-01 2.862745225429534912e-01 8.274509906768798828e-01 2.862745225429534912e-01
8.274509906768798828e-01 2.862745225429534912e-01 8.274509906768798828e-01 8.627451211214065552e-02
8.274509906768798828e-01 8.627451211214065552e-02 8.274509906768798828e-01 8.627451211214065552e-02
7.686274647712707520e-01 7.215686440467834473e-01 5.215686559677124023e-01 7.215686440467834473e-01
5.215686559677124023e-01 7.215686440467834473e-01 5.215686559677124023e-01 8.117647171020507812e-01
5.215686559677124023e-01 8.117647171020507812e-01 5.215686559677124023e-01 9.176470637321472168e-01
5.215686559677124023e-01 9.176470637321472168e-01 8.274509906768798828e-01 9.176470637321472168e-01
8.274509906768798828e-01 9.176470637321472168e-01 8.274509906768798828e-01 7.215686440467834473e-01
8.274509906768798828e-01 7.215686440467834473e-01 7.686274647712707520e-01 7.215686440467834473e-01
7.686274647712707520e-01 7.215686440467834473e-01 7.686274647712707520e-01 7.215686440467834473e-01
7.686274647712707520e-01 4.666666686534881592e-01 8.274509906768798828e-01 4.666666686534881592e-01
8.274509906768798828e-01 4.666666686534881592e-01 8.274509906768798828e-01 2.862745225429534912e-01
8.274509906768798828e-01 2.862745225429534912e-01 7.686274647712707520e-01 2.862745225429534912e-01
7.686274647712707520e-01 2.862745225429534912e-01 5.882353186607360840e-01 2.862745225429534912e-01
5.882353186607360840e-01 2.862745225429534912e-01 5.882353186607360840e-01 3.960784375667572021e-01
5.882353186607360840e-01 3.960784375667572021e-01 4.862745106220245361e-01 3.960784375667572021e-01
4.862745106220245361e-01 3.960784375667572021e-01 4.862745106220245361e-01 4.666666686534881592e-01
4.862745106220245361e-01 4.666666686534881592e-01 7.686274647712707520e-01 4.666666686534881592e-01
7.686274647712707520e-01 4.666666686534881592e-01 7.686274647712707520e-01 4.666666686534881592e-01
1.764705926179885864e-01 2.862745225429534912e-01 4.000000059604644775e-01 2.862745225429534912e-01
4.000000059604644775e-01 2.862745225429534912e-01 4.000000059604644775e-01 2.196078449487686157e-01
4.000000059604644775e-01 2.196078449487686157e-01 4.000000059604644775e-01 8.627451211214065552e-02
4.000000059604644775e-01 8.627451211214065552e-02 1.764705926179885864e-01 8.627451211214065552e-02
1.764705926179885864e-01 8.627451211214065552e-02 1.764705926179885864e-01 2.196078449487686157e-01
1.764705926179885864e-01 2.196078449487686157e-01 1.764705926179885864e-01 2.862745225429534912e-01
1.764705926179885864e-01 2.862745225429534912e-01 1.764705926179885864e-01 2.862745225429534912e-01
4.000000059604644775e-01 2.196078449487686157e-01 4.000000059604644775e-01 2.862745225429534912e-01
4.000000059604644775e-01 2.862745225429534912e-01 4.000000059604644775e-01 4.078431427478790283e-01
4.000000059604644775e-01 4.078431427478790283e-01 4.000000059604644775e-01 5.333333611488342285e-01
4.000000059604644775e-01 5.333333611488342285e-01 1.764705926179885864e-01 5.333333611488342285e-01
1.764705926179885864e-01 5.333333611488342285e-01 1.764705926179885864e-01 8.117647171020507812e-01
1.764705926179885864e-01 8.117647171020507812e-01 5.215686559677124023e-01 8.117647171020507812e-01
5.215686559677124023e-01 8.117647171020507812e-01 5.215686559677124023e-01 7.215686440467834473e-01
5.215686559677124023e-01 7.215686440467834473e-01 7.686274647712707520e-01 7.215686440467834473e-01
7.686274647712707520e-01 7.215686440467834473e-01 7.686274647712707520e-01 4.666666686534881592e-01
7.686274647712707520e-01 4.666666686534881592e-01 4.862745106220245361e-01 4.666666686534881592e-01
4.862745106220245361e-01 4.666666686534881592e-01 4.862745106220245361e-01 3.960784375667572021e-01
4.862745106220245361e-01 3.960784375667572021e-01 4.862745106220245361e-01 2.862745225429534912e-01
4.862745106220245361e-01 2.862745225429534912e-01 4.862745106220245361e-01 2.196078449487686157e-01
4.862745106220245361e-01 2.196078449487686157e-01 4.000000059604644775e-01 2.196078449487686157e-01
4.000000059604644775e-01 2.196078449487686157e-01 4.000000059604644775e-01 2.196078449487686157e-01
7.686274647712707520e-01 4.666666686534881592e-01 7.686274647712707520e-01 7.215686440467834473e-01
7.686274647712707520e-01 7.215686440467834473e-01 8.274509906768798828e-01 7.215686440467834473e-01
8.274509906768798828e-01 7.215686440467834473e-01 8.274509906768798828e-01 4.666666686534881592e-01
8.274509906768798828e-01 4.666666686534881592e-01 7.686274647712707520e-01 4.666666686534881592e-01
7.686274647712707520e-01 4.666666686534881592e-01 7.686274647712707520e-01 4.666666686534881592e-01
5.882353186607360840e-01 2.862745225429534912e-01 4.862745106220245361e-01 2.862745225429534912e-01
4.862745106220245361e-01 2.862745225429534912e-01 4.862745106220245361e-01 3.960784375667572021e-01
4.862745106220245361e-01 3.960784375667572021e-01 5.882353186607360840e-01 3.960784375667572021e-01
5.882353186607360840e-01 3.960784375667572021e-01 5.882353186607360840e-01 2.862745225429534912e-01
5.882353186607360840e-01 2.862745225429534912e-01 5.882353186607360840e-01 2.862745225429534912e-01
