4.980392158031463623e-01 3.098039329051971436e-01 4.431372582912445068e-01 3.098039329051971436e-01
4.431372582912445068e-01 3.098039329051971436e-01 4.431372582912445068e-01 3.921568691730499268e-01
4.431372582912445068e-01 3.921568691730499268e-01 4.980392158031463623e-01 3.921568691730499268e-01
4.980392158031463623e-01 3.921568691730499268e-01 5.647059082984924316e-01 3.921568691730499268e-01
5.647059082984924316e-01 3.921568691730499268e-01 5.647059082984924316e-01 3.098039329051971436e-01
5.647059082984924316e-01 3.098039329051971436e-01 4.980392158031463623e-01 3.098039329051971436e-01
4.980392158031463623e-01 3.098039329051971436e-01 4.980392158031463623e-01 3.098039329051971436e-01
2.470588237047195435e-01 3.098039329051971436e-01 1.764705926179885864e-01 3.098039329051971436e-01
1.764705926179885864e-01 3.098039329051971436e-01 1.764705926179885864e-01 5.058823823928833008e-01
1.764705926179885864e-01 5.058823823928833008e-01 2.470588237047195435e-01 5.058823823928833008e-01
2.470588237047195435e-01 5.058823823928833008e-01 2.470588237047195435e-01 3.098039329051971436e-01
2.470588237047195435e-01 3.098039329051971436e-01 2.470588237047195435e-01 3.098039329051971436e-01
4.431372582912445068e-01 3.098039329051971436e-01 2.470588237047195435e-01 3.098039329051971436e-01
2.470588237047195435e-01 3.098039329051971436e-01 2.470588237047195435e-01 5.058823823928833008e-01
2.470588237047195435e-01 5.058823823928833008e-01 4.431372582912445068e-01 5.058823823928833008e-01
4.431372582912445068e-01 5.058823823928833008e-01 4.431372582912445068e-01 3.921568691730499268e-01
4.431372582912445068e-01 3.921568691730499268e-01 4.431372582912445068e-01 3.098039329051971436e-01
4.431372582912445068e-01 3.098039329051971436e-01 4.431372582912445068e-01 3.098039329051971436e-01
6.784313917160034180e-01 3.098039329051971436e-01 5.647059082984924316e-01 3.098039329051971436e-01
5.647059082984924316e-01 3.098039329051971436e-01 5.647059082984924316e-01 3.921568691730499268e-01
5.647059082984924316e-01 3.921568691730499268e-01 4.980392158031463623e-01 3.921568691730499268e-01
4.980392158031463623e-01 3.921568691730499268e-01 4.980392158031463623e-01 4.509803950786590576e-01
4.980392158031463623e-01 4.509803950786590576e-01 6.784313917160034180e-01 4.509803950786590576e-01
6.784313917160034180e-01 4.509803950786590576e-01 6.784313917160034180e-01 3.921568691730499268e-01
6.784313917160034180e-01 3.921568691730499268e-01 6.784313917160034180e-01 3.098039329051971436e-01
6.784313917160034180e-01 3.098039329051971436e-01 6.784313917160034180e-01 3.098039329051971436e-01
4.431372582912445068e-01 3.921568691730499268e-01 4.431372582912445068e-01 5.058823823928833008e-01
4.431372582912445068e-01 5.058823823928833008e-01 4.431372582912445068e-01 6.431372761726379395e-01
4.431372582912445068e-01 6.431372761726379395e-01 6.784313917160034180e-01 6.431372761726379395e-01
6.784313917160034180e-01 6.431372761726379395e-01 6.784313917160034180e-01 5.803921818733215332e-01
6.784313917160034180e-01 5.803921818733215332e-01 6.784313917160034180e-01 4.509803950786590576e-01
6.784313917160034180e-01 4.509803950786590576e-01 4.980392158031463623e-01 4.509803950786590576e-01
4.980392158031463623e-01 4.509803950786590576e-01 4.980392158031463623e-01 3.921568691730499268e-01
4.980392158031463623e-01 3.921568691730499268e-01 4.431372582912445068e-01 3.921568691730499268e-01
4.431372582912445068e-01 3.921568691730499268e-01 4.431372582912445068e-01 3.921568691730499268e-01
6.784313917160034180e-01 5.803921818733215332e-01 6.784313917160034180e-01 6.431372761726379395e-01
6.784313917160034180e-01 6.431372761726379395e-01 6.784313917160034180e-01 6.941176652908325195e-01
6.784313917160034180e-01 6.941176652908325195e-01 8.274509906768798828e-01 6.941176652908325195e-01
8.274509906768798828e-01 6.941176652908325195e-01 8.274509906768798828e-01 5.803921818733215332e-01
8.274509906768798828e-01 5.803921818733215332e-01 6.784313917160034180e-01 5.803921818733215332e-01
6.784313917160034180e-01 5.803921818733215332e-01 6.784313917160034180e-01 5.803921818733215332e-01
