5.333333611488342285e-01 2.588235437870025635e-01 3.843137323856353760e-01 2.588235437870025635e-01
3.843137323856353760e-01 2.588235437870025635e-01 3.843137323856353760e-01 3.647058904170989990e-01
3.843137323856353760e-01 3.647058904170989990e-01 5.333333611488342285e-01 3.647058904170989990e-01
5.333333611488342285e-01 3.647058904170989990e-01 5.333333611488342285e-01 2.588235437870025635e-01
5.333333611488342285e-01 2.588235437870025635e-01 5.333333611488342285e-01 2.588235437870025635e-01
6.862745285034179688e-01 2.588235437870025635e-01 5.333333611488342285e-01 2.588235437870025635e-01
5.333333611488342285e-01 2.588235437870025635e-01 5.333333611488342285e-01 3.647058904170989990e-01
5.333333611488342285e-01 3.647058904170989990e-01 6.862745285034179688e-01 3.647058904170989990e-01
6.862745285034179688e-01 3.647058904170989990e-01 6.862745285034179688e-01 2.588235437870025635e-01
6.862745285034179688e-01 2.588235437870025635e-01 6.862745285034179688e-01 2.588235437870025635e-01
3.843137323856353760e-01 2.588235437870025635e-01 1.490196138620376587e-01 2.588235437870025635e-01
1.490196138620376587e-01 2.588235437870025635e-01 1.490196138620376587e-01 3.647058904170989990e-01
1.490196138620376587e-01 3.647058904170989990e-01 1.490196138620376587e-01 4.627451002597808838e-01
1.490196138620376587e-01 4.627451002597808838e-01 5.333333611488342285e-01 4.627451002597808838e-01
5.333333611488342285e-01 4.627451002597808838e-01 5.333333611488342285e-01 3.647058904170989990e-01
5.333333611488342285e-01 3.647058904170989990e-01 3.843137323856353760e-01 3.647058904170989990e-01
3.843137323856353760e-01 3.647058904170989990e-01 3.843137323856353760e-01 2.588235437870025635e-01
3.843137323856353760e-01 2.588235437870025635e-01 3.843137323856353760e-01 2.588235437870025635e-01
8.509804010391235352e-01 2.588235437870025635e-01 6.862745285034179688e-01 2.588235437870025635e-01
6.862745285034179688e-01 2.588235437870025635e-01 6.862745285034179688e-01 3.647058904170989990e-01
6.862745285034179688e-01 3.647058904170989990e-01 6.862745285034179688e-01 4.666666686534881592e-01
6.862745285034179688e-01 4.666666686534881592e-01 8.509804010391235352e-01 4.666666686534881592e-01
8.509804010391235352e-01 4.666666686534881592e-01 8.509804010391235352e-01 2.588235437870025635e-01
8.509804010391235352e-01 2.588235437870025635e-01 8.509804010391235352e-01 2.588235437870025635e-01
6.862745285034179688e-01 3.647058904170989990e-01 5.333333611488342285e-01 3.647058904170989990e-01
5.333333611488342285e-01 3.647058904170989990e-01 5.333333611488342285e-01 4.627451002597808838e-01
5.333333611488342285e-01 4.627451002597808838e-01 1.490196138620376587e-01 4.627451002597808838e-01
1.490196138620376587e-01 4.627451002597808838e-01 1.490196138620376587e-01 7.450980544090270996e-01
1.490196138620376587e-01 7.450980544090270996e-01 6.470588445663452148e-01 7.450980544090270996e-01
6.470588445663452148e-01 7.450980544090270996e-01 6.470588445663452148e-01 5.921568870544433594e-01
6.470588445663452148e-01 5.921568870544433594e-01 6.470588445663452148e-01 4.666666686534881592e-01
6.470588445663452148e-01 4.666666686534881592e-01 6.862745285034179688e-01 4.666666686534881592e-01
6.862745285034179688e-01 4.666666686534881592e-01 6.862745285034179688e-01 3.647058904170989990e-01
6.862745285034179688e-01 3.647058904170989990e-01 6.862745285034179688e-01 3.647058904170989990e-01
6.862745285034179688e-01 7.450980544090270996e-01 8.509804010391235352e-01 7.450980544090270996e-01
8.509804010391235352e-01 7.450980544090270996e-01 8.509804010391235352e-01 5.921568870544433594e-01
8.509804010391235352e-01 5.921568870544433594e-01 6.862745285034179688e-01 5.921568870544433594e-01
6.862745285034179688e-01 5.921568870544433594e-01 6.470588445663452148e-01 5.921568870544433594e-01
6.470588445663452148e-01 5.921568870544433594e-01 6.470588445663452148e-01 7.450980544090270996e-01
6.470588445663452148e-01 7.450980544090270996e-01 6.862745285034179688e-01 7.450980544090270996e-01
6.862745285034179688e-01 7.450980544090270996e-01 6.862745285034179688e-01 7.450980544090270996e-01
6.862745285034179688e-01 5.921568870544433594e-01 8.509804010391235352e-01 5.921568870544433594e-01
8.509804010391235352e-01 5.921568870544433594e-01 8.509804010391235352e-01 4.666666686534881592e-01
8.509804010391235352e-01 4.666666686534881592e-01 6.862745285034179688e-01 4.666666686534881592e-01
6.862745285034179688e-01 4.666666686534881592e-01 6.470588445663452148e-01 4.666666686534881592e-01
6.470588445663452148e-01 4.666666686534881592e-01 6.470588445663452148e-01 5.921568870544433594e-01
6.470588445663452148e-01 5.921568870544433594e-01 6.862745285034179688e-01 5.921568870544433594e-01
6.862745285034179688e-01 5.921568870544433594e-01 6.862745285034179688e-01 5.921568870544433594e-01
