5.294117927551269531e-01 2.078431397676467896e-01 4.235294163227081299e-01 2.078431397676467896e-01
4.235294163227081299e-01 2.078431397676467896e-01 4.235294163227081299e-01 3.372549116611480713e-01
4.235294163227081299e-01 3.372549116611480713e-01 5.294117927551269531e-01 3.372549116611480713e-01
5.294117927551269531e-01 3.372549116611480713e-01 5.294117927551269531e-01 2.078431397676467896e-01
5.294117927551269531e-01 2.078431397676467896e-01 5.294117927551269531e-01 2.078431397676467896e-01
7.921568751335144043e-01 2.078431397676467896e-01 5.294117927551269531e-01 2.078431397676467896e-01
5.294117927551269531e-01 2.078431397676467896e-01 5.294117927551269531e-01 3.372549116611480713e-01
5.294117927551269531e-01 3.372549116611480713e-01 5.294117927551269531e-01 4.078431427478790283e-01
5.294117927551269531e-01 4.078431427478790283e-01 7.137255072593688965e-01 4.078431427478790283e-01
7.137255072593688965e-01 4.078431427478790283e-01 7.921568751335144043e-01 4.078431427478790283e-01
7.921568751335144043e-01 4.078431427478790283e-01 7.921568751335144043e-01 2.078431397676467896e-01
7.921568751335144043e-01 2.078431397676467896e-01 7.921568751335144043e-01 2.078431397676467896e-01
4.235294163227081299e-01 2.078431397676467896e-01 1.960784345865249634e-01 2.078431397676467896e-01
1.960784345865249634e-01 2.078431397676467896e-01 1.960784345865249634e-01 3.372549116611480713e-01
1.960784345865249634e-01 3.372549116611480713e-01 1.960784345865249634e-01 4.156862795352935791e-01
1.960784345865249634e-01 4.156862795352935791e-01 4.235294163227081299e-01 4.156862795352935791e-01
4.235294163227081299e-01 4.156862795352935791e-01 4.235294163227081299e-01 3.372549116611480713e-01
4.235294163227081299e-01 3.372549116611480713e-01 4.235294163227081299e-01 2.078431397676467896e-01
4.235294163227081299e-01 2.078431397676467896e-01 4.235294163227081299e-01 2.078431397676467896e-01
5.294117927551269531e-01 4.078431427478790283e-01 5.294117927551269531e-01 5.725490450859069824e-01
5.294117927551269531e-01 5.725490450859069824e-01 7.137255072593688965e-01 5.725490450859069824e-01
7.137255072593688965e-01 5.725490450859069824e-01 7.137255072593688965e-01 4.078431427478790283e-01
7.137255072593688965e-01 4.078431427478790283e-01 5.294117927551269531e-01 4.078431427478790283e-01
5.294117927551269531e-01 4.078431427478790283e-01 5.294117927551269531e-01 4.078431427478790283e-01
5.294117927551269531e-01 3.372549116611480713e-01 4.235294163227081299e-01 3.372549116611480713e-01
4.235294163227081299e-01 3.372549116611480713e-01 4.235294163227081299e-01 4.156862795352935791e-01
4.235294163227081299e-01 4.156862795352935791e-01 1.960784345865249634e-01 4.156862795352935791e-01
1.960784345865249634e-01 4.156862795352935791e-01 1.960784345865249634e-01 6.352941393852233887e-01
1.960784345865249634e-01 6.352941393852233887e-01 5.294117927551269531e-01 6.352941393852233887e-01
5.294117927551269531e-01 6.352941393852233887e-01 5.294117927551269531e-01 5.725490450859069824e-01
5.294117927551269531e-01 5.725490450859069824e-01 5.294117927551269531e-01 4.078431427478790283e-01
5.294117927551269531e-01 4.078431427478790283e-01 5.294117927551269531e-01 3.372549116611480713e-01
5.294117927551269531e-01 3.372549116611480713e-01 5.294117927551269531e-01 3.372549116611480713e-01
7.921568751335144043e-01 4.078431427478790283e-01 7.137255072593688965e-01 4.078431427478790283e-01
7.137255072593688965e-01 4.078431427478790283e-01 7.137255072593688965e-01 5.725490450859069824e-01
7.137255072593688965e-01 5.725490450859069824e-01 7.921568751335144043e-01 5.725490450859069824e-01
7.921568751335144043e-01 5.725490450859069824e-01 7.921568751335144043e-01 4.078431427478790283e-01
7.921568751335144043e-01 4.078431427478790283e-01 7.921568751335144043e-01 4.078431427478790283e-01
5.294117927551269531e-01 7.960784435272216797e-01 5.294117927551269531e-01 6.352941393852233887e-01
5.294117927551269531e-01 6.352941393852233887e-01 1.960784345865249634e-01 6.352941393852233887e-01
1.960784345865249634e-01 6.352941393852233887e-01 1.960784345865249634e-01 7.960784435272216797e-01
1.960784345865249634e-01 7.960784435272216797e-01 5.294117927551269531e-01 7.960784435272216797e-01
5.294117927551269531e-01 7.960784435272216797e-01 5.294117927551269531e-01 7.960784435272216797e-01
