6.117647290229797363e-01 2.117647081613540649e-01 2.901960909366607666e-01 2.117647081613540649e-01
2.901960909366607666e-01 2.117647081613540649e-01 2.901960909366607666e-01 6.549019813537597656e-01
2.901960909366607666e-01 6.549019813537597656e-01 5.294117927551269531e-01 6.549019813537597656e-01
5.294117927551269531e-01 6.549019813537597656e-01 5.294117927551269531e-01 4.000000059604644775e-01
5.294117927551269531e-01 4.000000059604644775e-01 6.117647290229797363e-01 4.000000059604644775e-01
6.117647290229797363e-01 4.000000059604644775e-01 6.117647290229797363e-01 2.117647081613540649e-01
6.117647290229797363e-01 2.117647081613540649e-01 6.117647290229797363e-01 2.117647081613540649e-01
7.098039388656616211e-01 2.117647081613540649e-01 6.117647290229797363e-01 2.117647081613540649e-01
6.117647290229797363e-01 2.117647081613540649e-01 6.117647290229797363e-01 4.000000059604644775e-01
6.117647290229797363e-01 4.000000059604644775e-01 7.098039388656616211e-01 4.000000059604644775e-01
7.098039388656616211e-01 4.000000059604644775e-01 7.098039388656616211e-01 2.117647081613540649e-01
7.098039388656616211e-01 2.117647081613540649e-01 7.098039388656616211e-01 2.117647081613540649e-01
6.117647290229797363e-01 4.000000059604644775e-01 5.294117927551269531e-01 4.000000059604644775e-01
5.294117927551269531e-01 4.000000059604644775e-01 5.294117927551269531e-01 6.549019813537597656e-01
5.294117927551269531e-01 6.549019813537597656e-01 6.117647290229797363e-01 6.549019813537597656e-01
6.117647290229797363e-01 6.549019813537597656e-01 7.098039388656616211e-01 6.549019813537597656e-01
7.098039388656616211e-01 6.549019813537597656e-01 7.098039388656616211e-01 4.000000059604644775e-01
7.098039388656616211e-01 4.000000059604644775e-01 6.117647290229797363e-01 4.000000059604644775e-01
6.117647290229797363e-01 4.000000059604644775e-01 6.117647290229797363e-01 4.000000059604644775e-01
7.098039388656616211e-01 7.882353067398071289e-01 7.098039388656616211e-01 6.549019813537597656e-01
7.098039388656616211e-01 6.549019813537597656e-01 6.117647290229797363e-01 6.549019813537597656e-01
6.117647290229797363e-01 6.549019813537597656e-01 5.294117927551269531e-01 6.549019813537597656e-01
5.294117927551269531e-01 6.549019813537597656e-01 2.901960909366607666e-01 6.549019813537597656e-01
2.901960909366607666e-01 6.549019813537597656e-01 2.901960909366607666e-01 7.882353067398071289e-01
2.901960909366607666e-01 7.882353067398071289e-01 7.098039388656616211e-01 7.882353067398071289e-01
7.098039388656616211e-01 7.882353067398071289e-01 7.098039388656616211e-01 7.882353067398071289e-01
