2.000000029802322388e-01 2.745098173618316650e-01 1.215686276555061340e-01 2.745098173618316650e-01
1.215686276555061340e-01 2.745098173618316650e-01 1.215686276555061340e-01 3.686274588108062744e-01
1.215686276555061340e-01 3.686274588108062744e-01 1.215686276555061340e-01 4.705882370471954346e-01
1.215686276555061340e-01 4.705882370471954346e-01 2.000000029802322388e-01 4.705882370471954346e-01
2.000000029802322388e-01 4.705882370471954346e-01 2.000000029802322388e-01 3.686274588108062744e-01
2.000000029802322388e-01 3.686274588108062744e-01 2.000000029802322388e-01 2.745098173618316650e-01
2.000000029802322388e-01 2.745098173618316650e-01 2.000000029802322388e-01 2.745098173618316650e-01
6.745098233222961426e-01 5.647059082984924316e-01 8.000000119209289551e-01 5.647059082984924316e-01
8.000000119209289551e-01 5.647059082984924316e-01 8.000000119209289551e-01 4.745098054409027100e-01
8.000000119209289551e-01 4.745098054409027100e-01 6.745098233222961426e-01 4.745098054409027100e-01
6.745098233222961426e-01 4.745098054409027100e-01 6.745098233222961426e-01 5.647059082984924316e-01
6.745098233222961426e-01 5.647059082984924316e-01 6.745098233222961426e-01 5.647059082984924316e-01
6.156862974166870117e-01 2.745098173618316650e-01 3.921568691730499268e-01 2.745098173618316650e-01
3.921568691730499268e-01 2.745098173618316650e-01 3.921568691730499268e-01 3.686274588108062744e-01
3.921568691730499268e-01 3.686274588108062744e-01 6.156862974166870117e-01 3.686274588108062744e-01
6.156862974166870117e-01 3.686274588108062744e-01 6.156862974166870117e-01 2.745098173618316650e-01
6.156862974166870117e-01 2.745098173618316650e-01 6.156862974166870117e-01 2.745098173618316650e-01
8.000000119209289551e-01 2.745098173618316650e-01 6.156862974166870117e-01 2.745098173618316650e-01
6.156862974166870117e-01 2.745098173618316650e-01 6.156862974166870117e-01 3.686274588108062744e-01
6.156862974166870117e-01 3.686274588108062744e-01 6.156862974166870117e-01 5.647059082984924316e-01
6.156862974166870117e-01 5.647059082984924316e-01 6.745098233222961426e-01 5.647059082984924316e-01
6.745098233222961426e-01 5.647059082984924316e-01 6.745098233222961426e-01 4.745098054409027100e-01
6.745098233222961426e-01 4.745098054409027100e-01 8.000000119209289551e-01 4.745098054409027100e-01
8.000000119209289551e-01 4.745098054409027100e-01 8.000000119209289551e-01 2.745098173618316650e-01
8.000000119209289551e-01 2.745098173618316650e-01 8.000000119209289551e-01 2.745098173618316650e-01
8.000000119209289551e-01 5.647059082984924316e-01 6.745098233222961426e-01 5.647059082984924316e-01
6.745098233222961426e-01 5.647059082984924316e-01 6.745098233222961426e-01 6.352941393852233887e-01
6.745098233222961426e-01 6.352941393852233887e-01 6.745098233222961426e-01 7.294117808341979980e-01
6.745098233222961426e-01 7.294117808341979980e-01 8.823529481887817383e-01 7.294117808341979980e-01
8.823529481887817383e-01 7.294117808341979980e-01 8.823529481887817383e-01 5.647059082984924316e-01
8.823529481887817383e-01 5.647059082984924316e-01 8.000000119209289551e-01 5.647059082984924316e-01
8.000000119209289551e-01 5.647059082984924316e-01 8.000000119209289551e-01 5.647059082984924316e-01
6.745098233222961426e-01 5.647059082984924316e-01 6.156862974166870117e-01 5.647059082984924316e-01
6.156862974166870117e-01 5.647059082984924316e-01 6.156862974166870117e-01 3.686274588108062744e-01
6.156862974166870117e-01 3.686274588108062744e-01 3.921568691730499268e-01 3.686274588108062744e-01
3.921568691730499268e-01 3.686274588108062744e-01 3.921568691730499268e-01 4.705882370471954346e-01
3.921568691730499268e-01 4.705882370471954346e-01 2.000000029802322388e-01 4.705882370471954346e-01
2.000000029802322388e-01 4.705882370471954346e-01 1.215686276555061340e-01 4.705882370471954346e-01
1.215686276555061340e-01 4.705882370471954346e-01 1.215686276555061340e-01 6.352941393852233887e-01
1.215686276555061340e-01 6.352941393852233887e-01 6.745098233222961426e-01 6.352941393852233887e-01
6.745098233222961426e-01 6.352941393852233887e-01 6.745098233222961426e-01 5.647059082984924316e-01
6.745098233222961426e-01 5.647059082984924316e-01 6.745098233222961426e-01 5.647059082984924316e-01
2.000000029802322388e-01 4.705882370471954346e-01 3.921568691730499268e-01 4.705882370471954346e-01
3.921568691730499268e-01 4.705882370471954346e-01 3.921568691730499268e-01 3.686274588108062744e-01
3.921568691730499268e-01 3.686274588108062744e-01 2.000000029802322388e-01 3.686274588108062744e-01
2.000000029802322388e-01 3.686274588108062744e-01 2.000000029802322388e-01 4.705882370471954346e-01
2.000000029802322388e-01 4.705882370471954346e-01 2.000000029802322388e-01 4.705882370471954346e-01
3.921568691730499268e-01 2.745098173618316650e-01 2.000000029802322388e-01 2.745098173618316650e-01
2.000000029802322388e-01 2.745098173618316650e-01 2.000000029802322388e-01 3.686274588108062744e-01
2.000000029802322388e-01 3.686274588108062744e-01 3.921568691730499268e-01 3.686274588108062744e-01
3.921568691730499268e-01 3.686274588108062744e-01 3.921568691730499268e-01 2.745098173618316650e-01
3.921568691730499268e-01 2.745098173618316650e-01 3.921568691730499268e-01 2.745098173618316650e-01
