5.725490450859069824e-01 2.313725501298904419e-01 4.745098054409027100e-01 2.313725501298904419e-01
4.745098054409027100e-01 2.313725501298904419e-01 4.745098054409027100e-01 3.921568691730499268e-01
4.745098054409027100e-01 3.921568691730499268e-01 5.725490450859069824e-01 3.921568691730499268e-01
5.725490450859069824e-01 3.921568691730499268e-01 5.725490450859069824e-01 2.313725501298904419e-01
5.725490450859069824e-01 2.313725501298904419e-01 5.725490450859069824e-01 2.313725501298904419e-01
8.941176533699035645e-01 3.921568691730499268e-01 7.607843279838562012e-01 3.921568691730499268e-01
7.607843279838562012e-01 3.921568691730499268e-01 7.607843279838562012e-01 5.019608139991760254e-01
7.607843279838562012e-01 5.019608139991760254e-01 8.941176533699035645e-01 5.019608139991760254e-01
8.941176533699035645e-01 5.019608139991760254e-01 8.941176533699035645e-01 3.921568691730499268e-01
8.941176533699035645e-01 3.921568691730499268e-01 8.941176533699035645e-01 3.921568691730499268e-01
4.745098054409027100e-01 2.313725501298904419e-01 3.607843220233917236e-01 2.313725501298904419e-01
3.607843220233917236e-01 2.313725501298904419e-01 3.607843220233917236e-01 3.921568691730499268e-01
3.607843220233917236e-01 3.921568691730499268e-01 4.745098054409027100e-01 3.921568691730499268e-01
4.745098054409027100e-01 3.921568691730499268e-01 4.745098054409027100e-01 2.313725501298904419e-01
4.745098054409027100e-01 2.313725501298904419e-01 4.745098054409027100e-01 2.313725501298904419e-01
7.607843279838562012e-01 3.921568691730499268e-01 6.901960968971252441e-01 3.921568691730499268e-01
6.901960968971252441e-01 3.921568691730499268e-01 6.901960968971252441e-01 6.784313917160034180e-01
6.901960968971252441e-01 6.784313917160034180e-01 6.901960968971252441e-01 7.254902124404907227e-01
6.901960968971252441e-01 7.254902124404907227e-01 8.941176533699035645e-01 7.254902124404907227e-01
8.941176533699035645e-01 7.254902124404907227e-01 8.941176533699035645e-01 5.019608139991760254e-01
8.941176533699035645e-01 5.019608139991760254e-01 7.607843279838562012e-01 5.019608139991760254e-01
7.607843279838562012e-01 5.019608139991760254e-01 7.607843279838562012e-01 3.921568691730499268e-01
7.607843279838562012e-01 3.921568691730499268e-01 7.607843279838562012e-01 3.921568691730499268e-01
6.901960968971252441e-01 2.313725501298904419e-01 5.725490450859069824e-01 2.313725501298904419e-01
5.725490450859069824e-01 2.313725501298904419e-01 5.725490450859069824e-01 3.921568691730499268e-01
5.725490450859069824e-01 3.921568691730499268e-01 6.901960968971252441e-01 3.921568691730499268e-01
6.901960968971252441e-01 3.921568691730499268e-01 6.901960968971252441e-01 2.313725501298904419e-01
6.901960968971252441e-01 2.313725501298904419e-01 6.901960968971252441e-01 2.313725501298904419e-01
3.607843220233917236e-01 2.313725501298904419e-01 1.098039224743843079e-01 2.313725501298904419e-01
1.098039224743843079e-01 2.313725501298904419e-01 1.098039224743843079e-01 6.784313917160034180e-01
1.098039224743843079e-01 6.784313917160034180e-01 3.607843220233917236e-01 6.784313917160034180e-01
3.607843220233917236e-01 6.784313917160034180e-01 3.607843220233917236e-01 4.862745106220245361e-01
3.607843220233917236e-01 4.862745106220245361e-01 5.254902243614196777e-01 4.862745106220245361e-01
5.254902243614196777e-01 4.862745106220245361e-01 5.254902243614196777e-01 6.784313917160034180e-01
5.254902243614196777e-01 6.784313917160034180e-01 6.901960968971252441e-01 6.784313917160034180e-01
6.901960968971252441e-01 6.784313917160034180e-01 6.901960968971252441e-01 3.921568691730499268e-01
6.901960968971252441e-01 3.921568691730499268e-01 5.725490450859069824e-01 3.921568691730499268e-01
5.725490450859069824e-01 3.921568691730499268e-01 4.745098054409027100e-01 3.921568691730499268e-01
4.745098054409027100e-01 3.921568691730499268e-01 3.607843220233917236e-01 3.921568691730499268e-01
3.607843220233917236e-01 3.921568691730499268e-01 3.607843220233917236e-01 2.313725501298904419e-01
3.607843220233917236e-01 2.313725501298904419e-01 3.607843220233917236e-01 2.313725501298904419e-01
3.607843220233917236e-01 6.784313917160034180e-01 1.098039224743843079e-01 6.784313917160034180e-01
1.098039224743843079e-01 6.784313917160034180e-01 1.098039224743843079e-01 7.686274647712707520e-01
1.098039224743843079e-01 7.686274647712707520e-01 3.607843220233917236e-01 7.686274647712707520e-01
3.607843220233917236e-01 7.686274647712707520e-01 3.607843220233917236e-01 6.784313917160034180e-01
3.607843220233917236e-01 6.784313917160034180e-01 3.607843220233917236e-01 6.784313917160034180e-01
3.607843220233917236e-01 6.784313917160034180e-01 5.254902243614196777e-01 6.784313917160034180e-01
5.254902243614196777e-01 6.784313917160034180e-01 5.254902243614196777e-01 4.862745106220245361e-01
5.254902243614196777e-01 4.862745106220245361e-01 3.607843220233917236e-01 4.862745106220245361e-01
3.607843220233917236e-01 4.862745106220245361e-01 3.607843220233917236e-01 6.784313917160034180e-01
3.607843220233917236e-01 6.784313917160034180e-01 3.607843220233917236e-01 6.784313917160034180e-01
