5.372549295425415039e-01 2.705882489681243896e-01 4.352941215038299561e-01 2.705882489681243896e-01
4.352941215038299561e-01 2.705882489681243896e-01 4.352941215038299561e-01 4.666666686534881592e-01
4.352941215038299561e-01 4.666666686534881592e-01 5.372549295425415039e-01 4.666666686534881592e-01
5.372549295425415039e-01 4.666666686534881592e-01 5.372549295425415039e-01 2.705882489681243896e-01
5.372549295425415039e-01 2.705882489681243896e-01 5.372549295425415039e-01 2.705882489681243896e-01
2.549019753932952881e-01 4.666666686534881592e-01 2.117647081613540649e-01 4.666666686534881592e-01
2.117647081613540649e-01 4.666666686534881592e-01 2.117647081613540649e-01 5.411764979362487793e-01
2.117647081613540649e-01 5.411764979362487793e-01 2.117647081613540649e-01 5.921568870544433594e-01
2.117647081613540649e-01 5.921568870544433594e-01 3.215686380863189697e-01 5.921568870544433594e-01
3.215686380863189697e-01 5.921568870544433594e-01 3.215686380863189697e-01 5.411764979362487793e-01
3.215686380863189697e-01 5.411764979362487793e-01 3.215686380863189697e-01 4.666666686534881592e-01
3.215686380863189697e-01 4.666666686534881592e-01 2.549019753932952881e-01 4.666666686534881592e-01
2.549019753932952881e-01 4.666666686534881592e-01 2.549019753932952881e-01 4.666666686534881592e-01
3.215686380863189697e-01 5.921568870544433594e-01 2.117647081613540649e-01 5.921568870544433594e-01
2.117647081613540649e-01 5.921568870544433594e-01 2.117647081613540649e-01 8.196078538894653320e-01
2.117647081613540649e-01 8.196078538894653320e-01 4.078431427478790283e-01 8.196078538894653320e-01
4.078431427478790283e-01 8.196078538894653320e-01 4.078431427478790283e-01 7.725490331649780273e-01
4.078431427478790283e-01 7.725490331649780273e-01 4.078431427478790283e-01 5.411764979362487793e-01
4.078431427478790283e-01 5.411764979362487793e-01 3.215686380863189697e-01 5.411764979362487793e-01
3.215686380863189697e-01 5.411764979362487793e-01 3.215686380863189697e-01 5.921568870544433594e-01
3.215686380863189697e-01 5.921568870544433594e-01 3.215686380863189697e-01 5.921568870544433594e-01
5.764706134796142578e-01 5.411764979362487793e-01 4.078431427478790283e-01 5.411764979362487793e-01
4.078431427478790283e-01 5.411764979362487793e-01 4.078431427478790283e-01 7.725490331649780273e-01
4.078431427478790283e-01 7.725490331649780273e-01 5.764706134796142578e-01 7.725490331649780273e-01
5.764706134796142578e-01 7.725490331649780273e-01 5.764706134796142578e-01 5.411764979362487793e-01
5.764706134796142578e-01 5.411764979362487793e-01 5.764706134796142578e-01 5.411764979362487793e-01
3.215686380863189697e-01 2.705882489681243896e-01 2.549019753932952881e-01 2.705882489681243896e-01
2.549019753932952881e-01 2.705882489681243896e-01 2.549019753932952881e-01 4.666666686534881592e-01
2.549019753932952881e-01 4.666666686534881592e-01 3.215686380863189697e-01 4.666666686534881592e-01
3.215686380863189697e-01 4.666666686534881592e-01 4.352941215038299561e-01 4.666666686534881592e-01
4.352941215038299561e-01 4.666666686534881592e-01 4.352941215038299561e-01 2.705882489681243896e-01
4.352941215038299561e-01 2.705882489681243896e-01 3.215686380863189697e-01 2.705882489681243896e-01
3.215686380863189697e-01 2.705882489681243896e-01 3.215686380863189697e-01 2.705882489681243896e-01
3.215686380863189697e-01 2.705882489681243896e-01 4.352941215038299561e-01 2.705882489681243896e-01
4.352941215038299561e-01 2.705882489681243896e-01 5.372549295425415039e-01 2.705882489681243896e-01
5.372549295425415039e-01 2.705882489681243896e-01 5.372549295425415039e-01 4.666666686534881592e-01
5.372549295425415039e-01 4.666666686534881592e-01 4.352941215038299561e-01 4.666666686534881592e-01
4.352941215038299561e-01 4.666666686534881592e-01 3.215686380863189697e-01 4.666666686534881592e-01
3.215686380863189697e-01 4.666666686534881592e-01 3.215686380863189697e-01 5.411764979362487793e-01
3.215686380863189697e-01 5.411764979362487793e-01 4.078431427478790283e-01 5.411764979362487793e-01
4.078431427478790283e-01 5.411764979362487793e-01 5.764706134796142578e-01 5.411764979362487793e-01
5.764706134796142578e-01 5.411764979362487793e-01 5.764706134796142578e-01 7.725490331649780273e-01
5.764706134796142578e-01 7.725490331649780273e-01 7.921568751335144043e-01 7.725490331649780273e-01
7.921568751335144043e-01 7.725490331649780273e-01 7.921568751335144043e-01 1.294117718935012817e-01
7.921568751335144043e-01 1.294117718935012817e-01 3.215686380863189697e-01 1.294117718935012817e-01
3.215686380863189697e-01 1.294117718935012817e-01 3.215686380863189697e-01 2.705882489681243896e-01
3.215686380863189697e-01 2.705882489681243896e-01 3.215686380863189697e-01 2.705882489681243896e-01
7.921568751335144043e-01 7.725490331649780273e-01 5.764706134796142578e-01 7.725490331649780273e-01
5.764706134796142578e-01 7.725490331649780273e-01 5.764706134796142578e-01 8.705882430076599121e-01
5.764706134796142578e-01 8.705882430076599121e-01 7.921568751335144043e-01 8.705882430076599121e-01
7.921568751335144043e-01 8.705882430076599121e-01 7.921568751335144043e-01 7.725490331649780273e-01
7.921568751335144043e-01 7.725490331649780273e-01 7.921568751335144043e-01 7.725490331649780273e-01
