5.843137502670288086e-01 4.313725531101226807e-01 5.843137502670288086e-01 3.176470696926116943e-01
5.843137502670288086e-01 3.176470696926116943e-01 5.215686559677124023e-01 3.176470696926116943e-01
5.215686559677124023e-01 3.176470696926116943e-01 4.470588266849517822e-01 3.176470696926116943e-01
4.470588266849517822e-01 3.176470696926116943e-01 4.470588266849517822e-01 4.313725531101226807e-01
4.470588266849517822e-01 4.313725531101226807e-01 5.843137502670288086e-01 4.313725531101226807e-01
5.843137502670288086e-01 4.313725531101226807e-01 5.843137502670288086e-01 4.313725531101226807e-01
4.470588266849517822e-01 7.058823704719543457e-01 2.509804069995880127e-01 7.058823704719543457e-01
2.509804069995880127e-01 7.058823704719543457e-01 2.509804069995880127e-01 8.039215803146362305e-01
2.509804069995880127e-01 8.039215803146362305e-01 4.470588266849517822e-01 8.039215803146362305e-01
4.470588266849517822e-01 8.039215803146362305e-01 4.470588266849517822e-01 7.058823704719543457e-01
4.470588266849517822e-01 7.058823704719543457e-01 4.470588266849517822e-01 7.058823704719543457e-01
6.470588445663452148e-01 4.666666686534881592e-01 5.843137502670288086e-01 4.666666686534881592e-01
5.843137502670288086e-01 4.666666686534881592e-01 5.843137502670288086e-01 5.058823823928833008e-01
5.843137502670288086e-01 5.058823823928833008e-01 5.843137502670288086e-01 7.058823704719543457e-01
5.843137502670288086e-01 7.058823704719543457e-01 6.470588445663452148e-01 7.058823704719543457e-01
6.470588445663452148e-01 7.058823704719543457e-01 7.490196228027343750e-01 7.058823704719543457e-01
7.490196228027343750e-01 7.058823704719543457e-01 7.490196228027343750e-01 4.666666686534881592e-01
7.490196228027343750e-01 4.666666686534881592e-01 6.470588445663452148e-01 4.666666686534881592e-01
6.470588445663452148e-01 4.666666686534881592e-01 6.470588445663452148e-01 4.666666686534881592e-01
4.470588266849517822e-01 7.058823704719543457e-01 5.843137502670288086e-01 7.058823704719543457e-01
5.843137502670288086e-01 7.058823704719543457e-01 5.843137502670288086e-01 5.058823823928833008e-01
5.843137502670288086e-01 5.058823823928833008e-01 4.470588266849517822e-01 5.058823823928833008e-01
4.470588266849517822e-01 5.058823823928833008e-01 4.470588266849517822e-01 7.058823704719543457e-01
4.470588266849517822e-01 7.058823704719543457e-01 4.470588266849517822e-01 7.058823704719543457e-01
5.843137502670288086e-01 4.666666686534881592e-01 6.470588445663452148e-01 4.666666686534881592e-01
6.470588445663452148e-01 4.666666686534881592e-01 7.490196228027343750e-01 4.666666686534881592e-01
7.490196228027343750e-01 4.666666686534881592e-01 7.490196228027343750e-01 3.176470696926116943e-01
7.490196228027343750e-01 3.176470696926116943e-01 6.470588445663452148e-01 3.176470696926116943e-01
6.470588445663452148e-01 3.176470696926116943e-01 5.843137502670288086e-01 3.176470696926116943e-01
5.843137502670288086e-01 3.176470696926116943e-01 5.843137502670288086e-01 4.313725531101226807e-01
5.843137502670288086e-01 4.313725531101226807e-01 5.843137502670288086e-01 4.666666686534881592e-01
5.843137502670288086e-01 4.666666686534881592e-01 5.843137502670288086e-01 4.666666686534881592e-01
2.509804069995880127e-01 7.058823704719543457e-01 4.470588266849517822e-01 7.058823704719543457e-01
4.470588266849517822e-01 7.058823704719543457e-01 4.470588266849517822e-01 5.058823823928833008e-01
4.470588266849517822e-01 5.058823823928833008e-01 5.843137502670288086e-01 5.058823823928833008e-01
5.843137502670288086e-01 5.058823823928833008e-01 5.843137502670288086e-01 4.666666686534881592e-01
5.843137502670288086e-01 4.666666686534881592e-01 5.843137502670288086e-01 4.313725531101226807e-01
5.843137502670288086e-01 4.313725531101226807e-01 4.470588266849517822e-01 4.313725531101226807e-01
4.470588266849517822e-01 4.313725531101226807e-01 4.470588266849517822e-01 3.176470696926116943e-01
4.470588266849517822e-01 3.176470696926116943e-01 3.333333432674407959e-01 3.176470696926116943e-01
3.333333432674407959e-01 3.176470696926116943e-01 3.333333432674407959e-01 1.960784345865249634e-01
3.333333432674407959e-01 1.960784345865249634e-01 2.509804069995880127e-01 1.960784345865249634e-01
2.509804069995880127e-01 1.960784345865249634e-01 2.509804069995880127e-01 7.058823704719543457e-01
2.509804069995880127e-01 7.058823704719543457e-01 2.509804069995880127e-01 7.058823704719543457e-01
3.333333432674407959e-01 3.176470696926116943e-01 4.470588266849517822e-01 3.176470696926116943e-01
4.470588266849517822e-01 3.176470696926116943e-01 5.215686559677124023e-01 3.176470696926116943e-01
5.215686559677124023e-01 3.176470696926116943e-01 5.843137502670288086e-01 3.176470696926116943e-01
5.843137502670288086e-01 3.176470696926116943e-01 6.470588445663452148e-01 3.176470696926116943e-01
6.470588445663452148e-01 3.176470696926116943e-01 6.470588445663452148e-01 1.960784345865249634e-01
6.470588445663452148e-01 1.960784345865249634e-01 5.215686559677124023e-01 1.960784345865249634e-01
5.215686559677124023e-01 1.960784345865249634e-01 3.333333432674407959e-01 1.960784345865249634e-01
3.333333432674407959e-01 1.960784345865249634e-01 3.333333432674407959e-01 3.176470696926116943e-01
3.333333432674407959e-01 3.176470696926116943e-01 3.333333432674407959e-01 3.176470696926116943e-01
