5.725490450859069824e-01 1.960784345865249634e-01 4.392156898975372314e-01 1.960784345865249634e-01
4.392156898975372314e-01 1.960784345865249634e-01 4.392156898975372314e-01 3.215686380863189697e-01
4.392156898975372314e-01 3.215686380863189697e-01 5.725490450859069824e-01 3.215686380863189697e-01
5.725490450859069824e-01 3.215686380863189697e-01 5.725490450859069824e-01 1.960784345865249634e-01
5.725490450859069824e-01 1.960784345865249634e-01 5.725490450859069824e-01 1.960784345865249634e-01
3.372549116611480713e-01 4.000000059604644775e-01 3.803921639919281006e-01 4.000000059604644775e-01
3.803921639919281006e-01 4.000000059604644775e-01 4.392156898975372314e-01 4.000000059604644775e-01
4.392156898975372314e-01 4.000000059604644775e-01 4.392156898975372314e-01 3.215686380863189697e-01
4.392156898975372314e-01 3.215686380863189697e-01 3.803921639919281006e-01 3.215686380863189697e-01
3.803921639919281006e-01 3.215686380863189697e-01 3.372549116611480713e-01 3.215686380863189697e-01
3.372549116611480713e-01 3.215686380863189697e-01 3.372549116611480713e-01 4.000000059604644775e-01
3.372549116611480713e-01 4.000000059604644775e-01 3.372549116611480713e-01 4.000000059604644775e-01
3.803921639919281006e-01 1.960784345865249634e-01 3.372549116611480713e-01 1.960784345865249634e-01
3.372549116611480713e-01 1.960784345865249634e-01 3.372549116611480713e-01 3.215686380863189697e-01
3.372549116611480713e-01 3.215686380863189697e-01 3.803921639919281006e-01 3.215686380863189697e-01
3.803921639919281006e-01 3.215686380863189697e-01 4.392156898975372314e-01 3.215686380863189697e-01
4.392156898975372314e-01 3.215686380863189697e-01 4.392156898975372314e-01 1.960784345865249634e-01
4.392156898975372314e-01 1.960784345865249634e-01 3.803921639919281006e-01 1.960784345865249634e-01
3.803921639919281006e-01 1.960784345865249634e-01 3.803921639919281006e-01 1.960784345865249634e-01
8.156862854957580566e-01 5.725490450859069824e-01 8.156862854957580566e-01 8.039215803146362305e-01
8.156862854957580566e-01 8.039215803146362305e-01 8.784313797950744629e-01 8.039215803146362305e-01
8.784313797950744629e-01 8.039215803146362305e-01 8.784313797950744629e-01 5.725490450859069824e-01
8.784313797950744629e-01 5.725490450859069824e-01 8.156862854957580566e-01 5.725490450859069824e-01
8.156862854957580566e-01 5.725490450859069824e-01 8.156862854957580566e-01 5.725490450859069824e-01
8.156862854957580566e-01 1.960784345865249634e-01 5.725490450859069824e-01 1.960784345865249634e-01
5.725490450859069824e-01 1.960784345865249634e-01 5.725490450859069824e-01 3.215686380863189697e-01
5.725490450859069824e-01 3.215686380863189697e-01 4.392156898975372314e-01 3.215686380863189697e-01
4.392156898975372314e-01 3.215686380863189697e-01 4.392156898975372314e-01 4.000000059604644775e-01
4.392156898975372314e-01 4.000000059604644775e-01 5.411764979362487793e-01 4.000000059604644775e-01
5.411764979362487793e-01 4.000000059604644775e-01 8.156862854957580566e-01 4.000000059604644775e-01
8.156862854957580566e-01 4.000000059604644775e-01 8.156862854957580566e-01 1.960784345865249634e-01
8.156862854957580566e-01 1.960784345865249634e-01 8.156862854957580566e-01 1.960784345865249634e-01
3.372549116611480713e-01 1.960784345865249634e-01 1.215686276555061340e-01 1.960784345865249634e-01
1.215686276555061340e-01 1.960784345865249634e-01 1.215686276555061340e-01 4.666666686534881592e-01
1.215686276555061340e-01 4.666666686534881592e-01 2.392156869173049927e-01 4.666666686534881592e-01
2.392156869173049927e-01 4.666666686534881592e-01 3.803921639919281006e-01 4.666666686534881592e-01
3.803921639919281006e-01 4.666666686534881592e-01 3.803921639919281006e-01 4.000000059604644775e-01
3.803921639919281006e-01 4.000000059604644775e-01 3.372549116611480713e-01 4.000000059604644775e-01
3.372549116611480713e-01 4.000000059604644775e-01 3.372549116611480713e-01 3.215686380863189697e-01
3.372549116611480713e-01 3.215686380863189697e-01 3.372549116611480713e-01 1.960784345865249634e-01
3.372549116611480713e-01 1.960784345865249634e-01 3.372549116611480713e-01 1.960784345865249634e-01
8.156862854957580566e-01 4.000000059604644775e-01 5.411764979362487793e-01 4.000000059604644775e-01
5.411764979362487793e-01 4.000000059604644775e-01 5.411764979362487793e-01 5.725490450859069824e-01
5.411764979362487793e-01 5.725490450859069824e-01 8.156862854957580566e-01 5.725490450859069824e-01
8.156862854957580566e-01 5.725490450859069824e-01 8.156862854957580566e-01 4.000000059604644775e-01
8.156862854957580566e-01 4.000000059604644775e-01 8.156862854957580566e-01 4.000000059604644775e-01
4.392156898975372314e-01 4.000000059604644775e-01 3.803921639919281006e-01 4.000000059604644775e-01
3.803921639919281006e-01 4.000000059604644775e-01 3.803921639919281006e-01 4.666666686534881592e-01
3.803921639919281006e-01 4.666666686534881592e-01 4.352941215038299561e-01 4.666666686534881592e-01
4.352941215038299561e-01 4.666666686534881592e-01 4.352941215038299561e-01 5.803921818733215332e-01
4.352941215038299561e-01 5.803921818733215332e-01 2.392156869173049927e-01 5.803921818733215332e-01
2.392156869173049927e-01 5.803921818733215332e-01 2.392156869173049927e-01 7.254902124404907227e-01
2.392156869173049927e-01 7.254902124404907227e-01 2.392156869173049927e-01 8.039215803146362305e-01
2.392156869173049927e-01 8.039215803146362305e-01 8.156862854957580566e-01 8.039215803146362305e-01
8.156862854957580566e-01 8.039215803146362305e-01 8.156862854957580566e-01 5.725490450859069824e-01
8.156862854957580566e-01 5.725490450859069824e-01 5.411764979362487793e-01 5.725490450859069824e-01
5.411764979362487793e-01 5.725490450859069824e-01 5.411764979362487793e-01 4.000000059604644775e-01
5.411764979362487793e-01 4.000000059604644775e-01 4.392156898975372314e-01 4.000000059604644775e-01
4.392156898975372314e-01 4.000000059604644775e-01 4.392156898975372314e-01 4.000000059604644775e-01
3.803921639919281006e-01 4.666666686534881592e-01 2.392156869173049927e-01 4.666666686534881592e-01
2.392156869173049927e-01 4.666666686534881592e-01 2.392156869173049927e-01 5.803921818733215332e-01
2.392156869173049927e-01 5.803921818733215332e-01 4.352941215038299561e-01 5.803921818733215332e-01
4.352941215038299561e-01 5.803921818733215332e-01 4.352941215038299561e-01 4.666666686534881592e-01
4.352941215038299561e-01 4.666666686534881592e-01 3.803921639919281006e-01 4.666666686534881592e-01
3.803921639919281006e-01 4.666666686534881592e-01 3.803921639919281006e-01 4.666666686534881592e-01
2.392156869173049927e-01 4.666666686534881592e-01 1.215686276555061340e-01 4.666666686534881592e-01
1.215686276555061340e-01 4.666666686534881592e-01 1.215686276555061340e-01 7.254902124404907227e-01
1.215686276555061340e-01 7.254902124404907227e-01 2.392156869173049927e-01 7.254902124404907227e-01
2.392156869173049927e-01 7.254902124404907227e-01 2.392156869173049927e-01 5.803921818733215332e-01
2.392156869173049927e-01 5.803921818733215332e-01 2.392156869173049927e-01 4.666666686534881592e-01
2.392156869173049927e-01 4.666666686534881592e-01 2.392156869173049927e-01 4.666666686534881592e-01
