5.960784554481506348e-01 5.647059082984924316e-01 5.254902243614196777e-01 5.647059082984924316e-01
5.254902243614196777e-01 5.647059082984924316e-01 5.254902243614196777e-01 6.705882549285888672e-01
5.254902243614196777e-01 6.705882549285888672e-01 5.960784554481506348e-01 6.705882549285888672e-01
5.960784554481506348e-01 6.705882549285888672e-01 5.960784554481506348e-01 5.647059082984924316e-01
5.960784554481506348e-01 5.647059082984924316e-01 5.960784554481506348e-01 5.647059082984924316e-01
8.588235378265380859e-01 2.941176593303680420e-01 7.529411911964416504e-01 2.941176593303680420e-01
7.529411911964416504e-01 2.941176593303680420e-01 7.529411911964416504e-01 4.980392158031463623e-01
7.529411911964416504e-01 4.980392158031463623e-01 8.588235378265380859e-01 4.980392158031463623e-01
8.588235378265380859e-01 4.980392158031463623e-01 8.588235378265380859e-01 2.941176593303680420e-01
8.588235378265380859e-01 2.941176593303680420e-01 8.588235378265380859e-01 2.941176593303680420e-01
7.529411911964416504e-01 4.980392158031463623e-01 5.960784554481506348e-01 4.980392158031463623e-01
5.960784554481506348e-01 4.980392158031463623e-01 5.960784554481506348e-01 5.647059082984924316e-01
5.960784554481506348e-01 5.647059082984924316e-01 5.960784554481506348e-01 6.705882549285888672e-01
5.960784554481506348e-01 6.705882549285888672e-01 8.588235378265380859e-01 6.705882549285888672e-01
8.588235378265380859e-01 6.705882549285888672e-01 8.588235378265380859e-01 4.980392158031463623e-01
8.588235378265380859e-01 4.980392158031463623e-01 7.529411911964416504e-01 4.980392158031463623e-01
7.529411911964416504e-01 4.980392158031463623e-01 7.529411911964416504e-01 4.980392158031463623e-01
3.803921639919281006e-01 5.647059082984924316e-01 3.803921639919281006e-01 4.941176474094390869e-01
3.803921639919281006e-01 4.941176474094390869e-01 2.745098173618316650e-01 4.941176474094390869e-01
2.745098173618316650e-01 4.941176474094390869e-01 2.196078449487686157e-01 4.941176474094390869e-01
2.196078449487686157e-01 4.941176474094390869e-01 2.196078449487686157e-01 5.647059082984924316e-01
2.196078449487686157e-01 5.647059082984924316e-01 2.196078449487686157e-01 6.705882549285888672e-01
2.196078449487686157e-01 6.705882549285888672e-01 3.803921639919281006e-01 6.705882549285888672e-01
3.803921639919281006e-01 6.705882549285888672e-01 3.803921639919281006e-01 5.647059082984924316e-01
3.803921639919281006e-01 5.647059082984924316e-01 3.803921639919281006e-01 5.647059082984924316e-01
5.254902243614196777e-01 5.647059082984924316e-01 5.960784554481506348e-01 5.647059082984924316e-01
5.960784554481506348e-01 5.647059082984924316e-01 5.960784554481506348e-01 4.980392158031463623e-01
5.960784554481506348e-01 4.980392158031463623e-01 7.529411911964416504e-01 4.980392158031463623e-01
7.529411911964416504e-01 4.980392158031463623e-01 7.529411911964416504e-01 2.941176593303680420e-01
7.529411911964416504e-01 2.941176593303680420e-01 2.196078449487686157e-01 2.941176593303680420e-01
2.196078449487686157e-01 2.941176593303680420e-01 2.196078449487686157e-01 3.686274588108062744e-01
2.196078449487686157e-01 3.686274588108062744e-01 2.745098173618316650e-01 3.686274588108062744e-01
2.745098173618316650e-01 3.686274588108062744e-01 2.745098173618316650e-01 4.941176474094390869e-01
2.745098173618316650e-01 4.941176474094390869e-01 3.803921639919281006e-01 4.941176474094390869e-01
3.803921639919281006e-01 4.941176474094390869e-01 5.254902243614196777e-01 4.941176474094390869e-01
5.254902243614196777e-01 4.941176474094390869e-01 5.254902243614196777e-01 5.647059082984924316e-01
5.254902243614196777e-01 5.647059082984924316e-01 5.254902243614196777e-01 5.647059082984924316e-01
2.196078449487686157e-01 4.941176474094390869e-01 2.745098173618316650e-01 4.941176474094390869e-01
2.745098173618316650e-01 4.941176474094390869e-01 2.745098173618316650e-01 3.686274588108062744e-01
2.745098173618316650e-01 3.686274588108062744e-01 2.196078449487686157e-01 3.686274588108062744e-01
2.196078449487686157e-01 3.686274588108062744e-01 1.450980454683303833e-01 3.686274588108062744e-01
1.450980454683303833e-01 3.686274588108062744e-01 1.450980454683303833e-01 4.941176474094390869e-01
1.450980454683303833e-01 4.941176474094390869e-01 2.196078449487686157e-01 4.941176474094390869e-01
2.196078449487686157e-01 4.941176474094390869e-01 2.196078449487686157e-01 4.941176474094390869e-01
5.254902243614196777e-01 5.647059082984924316e-01 5.254902243614196777e-01 4.941176474094390869e-01
5.254902243614196777e-01 4.941176474094390869e-01 3.803921639919281006e-01 4.941176474094390869e-01
3.803921639919281006e-01 4.941176474094390869e-01 3.803921639919281006e-01 5.647059082984924316e-01
3.803921639919281006e-01 5.647059082984924316e-01 3.803921639919281006e-01 6.705882549285888672e-01
3.803921639919281006e-01 6.705882549285888672e-01 5.254902243614196777e-01 6.705882549285888672e-01
5.254902243614196777e-01 6.705882549285888672e-01 5.254902243614196777e-01 5.647059082984924316e-01
5.254902243614196777e-01 5.647059082984924316e-01 5.254902243614196777e-01 5.647059082984924316e-01
