5.803921818733215332e-01 2.588235437870025635e-01 4.627451002597808838e-01 2.588235437870025635e-01
4.627451002597808838e-01 2.588235437870025635e-01 4.627451002597808838e-01 3.568627536296844482e-01
4.627451002597808838e-01 3.568627536296844482e-01 5.803921818733215332e-01 3.568627536296844482e-01
5.803921818733215332e-01 3.568627536296844482e-01 5.803921818733215332e-01 2.588235437870025635e-01
5.803921818733215332e-01 2.588235437870025635e-01 5.803921818733215332e-01 2.588235437870025635e-01
2.666666805744171143e-01 6.117647290229797363e-01 2.666666805744171143e-01 7.450980544090270996e-01
2.666666805744171143e-01 7.450980544090270996e-01 4.901960790157318115e-01 7.450980544090270996e-01
4.901960790157318115e-01 7.450980544090270996e-01 4.901960790157318115e-01 6.117647290229797363e-01
4.901960790157318115e-01 6.117647290229797363e-01 2.666666805744171143e-01 6.117647290229797363e-01
2.666666805744171143e-01 6.117647290229797363e-01 2.666666805744171143e-01 6.117647290229797363e-01
8.000000119209289551e-01 2.588235437870025635e-01 5.803921818733215332e-01 2.588235437870025635e-01
5.803921818733215332e-01 2.588235437870025635e-01 5.803921818733215332e-01 3.568627536296844482e-01
5.803921818733215332e-01 3.568627536296844482e-01 5.803921818733215332e-01 4.196078479290008545e-01
5.803921818733215332e-01 4.196078479290008545e-01 8.000000119209289551e-01 4.196078479290008545e-01
8.000000119209289551e-01 4.196078479290008545e-01 8.000000119209289551e-01 2.588235437870025635e-01
8.000000119209289551e-01 2.588235437870025635e-01 8.000000119209289551e-01 2.588235437870025635e-01
4.627451002597808838e-01 2.588235437870025635e-01 2.666666805744171143e-01 2.588235437870025635e-01
2.666666805744171143e-01 2.588235437870025635e-01 2.666666805744171143e-01 3.568627536296844482e-01
2.666666805744171143e-01 3.568627536296844482e-01 2.666666805744171143e-01 4.196078479290008545e-01
2.666666805744171143e-01 4.196078479290008545e-01 4.627451002597808838e-01 4.196078479290008545e-01
4.627451002597808838e-01 4.196078479290008545e-01 4.627451002597808838e-01 3.568627536296844482e-01
4.627451002597808838e-01 3.568627536296844482e-01 4.627451002597808838e-01 2.588235437870025635e-01
4.627451002597808838e-01 2.588235437870025635e-01 4.627451002597808838e-01 2.588235437870025635e-01
5.803921818733215332e-01 4.196078479290008545e-01 5.803921818733215332e-01 3.568627536296844482e-01
5.803921818733215332e-01 3.568627536296844482e-01 4.627451002597808838e-01 3.568627536296844482e-01
4.627451002597808838e-01 3.568627536296844482e-01 4.627451002597808838e-01 4.196078479290008545e-01
4.627451002597808838e-01 4.196078479290008545e-01 2.666666805744171143e-01 4.196078479290008545e-01
2.666666805744171143e-01 4.196078479290008545e-01 2.666666805744171143e-01 6.117647290229797363e-01
2.666666805744171143e-01 6.117647290229797363e-01 4.901960790157318115e-01 6.117647290229797363e-01
4.901960790157318115e-01 6.117647290229797363e-01 5.803921818733215332e-01 6.117647290229797363e-01
5.803921818733215332e-01 6.117647290229797363e-01 5.803921818733215332e-01 4.196078479290008545e-01
5.803921818733215332e-01 4.196078479290008545e-01 5.803921818733215332e-01 4.196078479290008545e-01
2.666666805744171143e-01 4.196078479290008545e-01 2.000000029802322388e-01 4.196078479290008545e-01
2.000000029802322388e-01 4.196078479290008545e-01 2.000000029802322388e-01 6.117647290229797363e-01
2.000000029802322388e-01 6.117647290229797363e-01 2.666666805744171143e-01 6.117647290229797363e-01
2.666666805744171143e-01 6.117647290229797363e-01 2.666666805744171143e-01 4.196078479290008545e-01
2.666666805744171143e-01 4.196078479290008545e-01 2.666666805744171143e-01 4.196078479290008545e-01
