5.058823823928833008e-01 2.313725501298904419e-01 3.882353007793426514e-01 2.313725501298904419e-01
3.882353007793426514e-01 2.313725501298904419e-01 3.882353007793426514e-01 2.980392277240753174e-01
3.882353007793426514e-01 2.980392277240753174e-01 3.882353007793426514e-01 3.607843220233917236e-01
3.882353007793426514e-01 3.607843220233917236e-01 5.058823823928833008e-01 3.607843220233917236e-01
5.058823823928833008e-01 3.607843220233917236e-01 5.058823823928833008e-01 2.313725501298904419e-01
5.058823823928833008e-01 2.313725501298904419e-01 5.058823823928833008e-01 2.313725501298904419e-01
1.843137294054031372e-01 6.705882549285888672e-01 1.843137294054031372e-01 7.215686440467834473e-01
1.843137294054031372e-01 7.215686440467834473e-01 1.843137294054031372e-01 7.725490331649780273e-01
1.843137294054031372e-01 7.725490331649780273e-01 3.568627536296844482e-01 7.725490331649780273e-01
3.568627536296844482e-01 7.725490331649780273e-01 3.568627536296844482e-01 7.215686440467834473e-01
3.568627536296844482e-01 7.215686440467834473e-01 3.568627536296844482e-01 6.705882549285888672e-01
3.568627536296844482e-01 6.705882549285888672e-01 1.843137294054031372e-01 6.705882549285888672e-01
1.843137294054031372e-01 6.705882549285888672e-01 1.843137294054031372e-01 6.705882549285888672e-01
7.333333492279052734e-01 2.313725501298904419e-01 5.058823823928833008e-01 2.313725501298904419e-01
5.058823823928833008e-01 2.313725501298904419e-01 5.058823823928833008e-01 3.607843220233917236e-01
5.058823823928833008e-01 3.607843220233917236e-01 5.058823823928833008e-01 4.274509847164154053e-01
5.058823823928833008e-01 4.274509847164154053e-01 7.333333492279052734e-01 4.274509847164154053e-01
7.333333492279052734e-01 4.274509847164154053e-01 7.333333492279052734e-01 2.313725501298904419e-01
7.333333492279052734e-01 2.313725501298904419e-01 7.333333492279052734e-01 2.313725501298904419e-01
3.882353007793426514e-01 2.980392277240753174e-01 1.843137294054031372e-01 2.980392277240753174e-01
1.843137294054031372e-01 2.980392277240753174e-01 1.843137294054031372e-01 3.607843220233917236e-01
1.843137294054031372e-01 3.607843220233917236e-01 1.843137294054031372e-01 4.666666686534881592e-01
1.843137294054031372e-01 4.666666686534881592e-01 3.882353007793426514e-01 4.666666686534881592e-01
3.882353007793426514e-01 4.666666686534881592e-01 3.882353007793426514e-01 3.607843220233917236e-01
3.882353007793426514e-01 3.607843220233917236e-01 3.882353007793426514e-01 2.980392277240753174e-01
3.882353007793426514e-01 2.980392277240753174e-01 3.882353007793426514e-01 2.980392277240753174e-01
5.058823823928833008e-01 4.274509847164154053e-01 5.058823823928833008e-01 3.607843220233917236e-01
5.058823823928833008e-01 3.607843220233917236e-01 3.882353007793426514e-01 3.607843220233917236e-01
3.882353007793426514e-01 3.607843220233917236e-01 3.882353007793426514e-01 4.666666686534881592e-01
3.882353007793426514e-01 4.666666686534881592e-01 1.843137294054031372e-01 4.666666686534881592e-01
1.843137294054031372e-01 4.666666686534881592e-01 1.843137294054031372e-01 6.705882549285888672e-01
1.843137294054031372e-01 6.705882549285888672e-01 3.568627536296844482e-01 6.705882549285888672e-01
3.568627536296844482e-01 6.705882549285888672e-01 3.568627536296844482e-01 7.215686440467834473e-01
3.568627536296844482e-01 7.215686440467834473e-01 5.058823823928833008e-01 7.215686440467834473e-01
5.058823823928833008e-01 7.215686440467834473e-01 5.058823823928833008e-01 4.274509847164154053e-01
5.058823823928833008e-01 4.274509847164154053e-01 5.058823823928833008e-01 4.274509847164154053e-01
8.156862854957580566e-01 2.313725501298904419e-01 7.333333492279052734e-01 2.313725501298904419e-01
7.333333492279052734e-01 2.313725501298904419e-01 7.333333492279052734e-01 4.274509847164154053e-01
7.333333492279052734e-01 4.274509847164154053e-01 8.156862854957580566e-01 4.274509847164154053e-01
8.156862854957580566e-01 4.274509847164154053e-01 8.156862854957580566e-01 2.313725501298904419e-01
8.156862854957580566e-01 2.313725501298904419e-01 8.156862854957580566e-01 2.313725501298904419e-01
