6.117647290229797363e-01 6.431372761726379395e-01 5.058823823928833008e-01 6.431372761726379395e-01
5.058823823928833008e-01 6.431372761726379395e-01 5.058823823928833008e-01 7.490196228027343750e-01
5.058823823928833008e-01 7.490196228027343750e-01 6.117647290229797363e-01 7.490196228027343750e-01
6.117647290229797363e-01 7.490196228027343750e-01 6.117647290229797363e-01 6.431372761726379395e-01
6.117647290229797363e-01 6.431372761726379395e-01 6.117647290229797363e-01 6.431372761726379395e-01
5.058823823928833008e-01 6.431372761726379395e-01 6.117647290229797363e-01 6.431372761726379395e-01
6.117647290229797363e-01 6.431372761726379395e-01 6.117647290229797363e-01 5.176470875740051270e-01
6.117647290229797363e-01 5.176470875740051270e-01 5.058823823928833008e-01 5.176470875740051270e-01
5.058823823928833008e-01 5.176470875740051270e-01 5.058823823928833008e-01 6.431372761726379395e-01
5.058823823928833008e-01 6.431372761726379395e-01 5.058823823928833008e-01 6.431372761726379395e-01
3.882353007793426514e-01 7.490196228027343750e-01 5.058823823928833008e-01 7.490196228027343750e-01
5.058823823928833008e-01 7.490196228027343750e-01 5.058823823928833008e-01 6.431372761726379395e-01
5.058823823928833008e-01 6.431372761726379395e-01 5.058823823928833008e-01 5.176470875740051270e-01
5.058823823928833008e-01 5.176470875740051270e-01 6.117647290229797363e-01 5.176470875740051270e-01
6.117647290229797363e-01 5.176470875740051270e-01 6.117647290229797363e-01 3.333333432674407959e-01
6.117647290229797363e-01 3.333333432674407959e-01 3.882353007793426514e-01 3.333333432674407959e-01
3.882353007793426514e-01 3.333333432674407959e-01 3.882353007793426514e-01 7.490196228027343750e-01
3.882353007793426514e-01 7.490196228027343750e-01 3.882353007793426514e-01 7.490196228027343750e-01
6.117647290229797363e-01 3.333333432674407959e-01 6.117647290229797363e-01 2.549019753932952881e-01
6.117647290229797363e-01 2.549019753932952881e-01 3.882353007793426514e-01 2.549019753932952881e-01
3.882353007793426514e-01 2.549019753932952881e-01 3.882353007793426514e-01 3.333333432674407959e-01
3.882353007793426514e-01 3.333333432674407959e-01 6.117647290229797363e-01 3.333333432674407959e-01
6.117647290229797363e-01 3.333333432674407959e-01 6.117647290229797363e-01 3.333333432674407959e-01
