5.725490450859069824e-01 3.686274588108062744e-01 4.078431427478790283e-01 3.686274588108062744e-01
4.078431427478790283e-01 3.686274588108062744e-01 4.078431427478790283e-01 5.882353186607360840e-01
4.078431427478790283e-01 5.882353186607360840e-01 4.078431427478790283e-01 6.980392336845397949e-01
4.078431427478790283e-01 6.980392336845397949e-01 6.823529601097106934e-01 6.980392336845397949e-01
6.823529601097106934e-01 6.980392336845397949e-01 6.823529601097106934e-01 4.666666686534881592e-01
6.823529601097106934e-01 4.666666686534881592e-01 6.823529601097106934e-01 3.686274588108062744e-01
6.823529601097106934e-01 3.686274588108062744e-01 5.725490450859069824e-01 3.686274588108062744e-01
5.725490450859069824e-01 3.686274588108062744e-01 5.725490450859069824e-01 3.686274588108062744e-01
4.078431427478790283e-01 3.686274588108062744e-01 2.235294133424758911e-01 3.686274588108062744e-01
2.235294133424758911e-01 3.686274588108062744e-01 2.235294133424758911e-01 5.882353186607360840e-01
2.235294133424758911e-01 5.882353186607360840e-01 4.078431427478790283e-01 5.882353186607360840e-01
4.078431427478790283e-01 5.882353186607360840e-01 4.078431427478790283e-01 3.686274588108062744e-01
4.078431427478790283e-01 3.686274588108062744e-01 4.078431427478790283e-01 3.686274588108062744e-01
4.078431427478790283e-01 5.882353186607360840e-01 2.235294133424758911e-01 5.882353186607360840e-01
2.235294133424758911e-01 5.882353186607360840e-01 2.235294133424758911e-01 6.980392336845397949e-01
2.235294133424758911e-01 6.980392336845397949e-01 4.078431427478790283e-01 6.980392336845397949e-01
4.078431427478790283e-01 6.980392336845397949e-01 4.078431427478790283e-01 5.882353186607360840e-01
4.078431427478790283e-01 5.882353186607360840e-01 4.078431427478790283e-01 5.882353186607360840e-01
7.803921699523925781e-01 3.686274588108062744e-01 6.823529601097106934e-01 3.686274588108062744e-01
6.823529601097106934e-01 3.686274588108062744e-01 6.823529601097106934e-01 4.666666686534881592e-01
6.823529601097106934e-01 4.666666686534881592e-01 7.803921699523925781e-01 4.666666686534881592e-01
7.803921699523925781e-01 4.666666686534881592e-01 7.803921699523925781e-01 3.686274588108062744e-01
7.803921699523925781e-01 3.686274588108062744e-01 7.803921699523925781e-01 3.686274588108062744e-01
4.078431427478790283e-01 3.686274588108062744e-01 5.725490450859069824e-01 3.686274588108062744e-01
5.725490450859069824e-01 3.686274588108062744e-01 5.725490450859069824e-01 3.019607961177825928e-01
5.725490450859069824e-01 3.019607961177825928e-01 4.078431427478790283e-01 3.019607961177825928e-01
4.078431427478790283e-01 3.019607961177825928e-01 4.078431427478790283e-01 3.686274588108062744e-01
4.078431427478790283e-01 3.686274588108062744e-01 4.078431427478790283e-01 3.686274588108062744e-01
