4.156862795352935791e-01 7.529411911964416504e-01 4.588235318660736084e-01 7.529411911964416504e-01
4.588235318660736084e-01 7.529411911964416504e-01 4.588235318660736084e-01 8.156862854957580566e-01
4.588235318660736084e-01 8.156862854957580566e-01 5.215686559677124023e-01 8.156862854957580566e-01
5.215686559677124023e-01 8.156862854957580566e-01 5.215686559677124023e-01 7.529411911964416504e-01
5.215686559677124023e-01 7.529411911964416504e-01 5.215686559677124023e-01 6.470588445663452148e-01
5.215686559677124023e-01 6.470588445663452148e-01 4.588235318660736084e-01 6.470588445663452148e-01
4.588235318660736084e-01 6.470588445663452148e-01 4.156862795352935791e-01 6.470588445663452148e-01
4.156862795352935791e-01 6.470588445663452148e-01 4.156862795352935791e-01 7.529411911964416504e-01
4.156862795352935791e-01 7.529411911964416504e-01 4.156862795352935791e-01 7.529411911964416504e-01
5.215686559677124023e-01 1.882352977991104126e-01 5.215686559677124023e-01 2.274509817361831665e-01
5.215686559677124023e-01 2.274509817361831665e-01 5.215686559677124023e-01 2.745098173618316650e-01
5.215686559677124023e-01 2.745098173618316650e-01 7.254902124404907227e-01 2.745098173618316650e-01
7.254902124404907227e-01 2.745098173618316650e-01 7.254902124404907227e-01 1.882352977991104126e-01
7.254902124404907227e-01 1.882352977991104126e-01 5.215686559677124023e-01 1.882352977991104126e-01
5.215686559677124023e-01 1.882352977991104126e-01 5.215686559677124023e-01 1.882352977991104126e-01
5.215686559677124023e-01 2.274509817361831665e-01 3.450980484485626221e-01 2.274509817361831665e-01
3.450980484485626221e-01 2.274509817361831665e-01 3.450980484485626221e-01 4.235294163227081299e-01
3.450980484485626221e-01 4.235294163227081299e-01 4.588235318660736084e-01 4.235294163227081299e-01
4.588235318660736084e-01 4.235294163227081299e-01 5.215686559677124023e-01 4.235294163227081299e-01
5.215686559677124023e-01 4.235294163227081299e-01 5.215686559677124023e-01 2.745098173618316650e-01
5.215686559677124023e-01 2.745098173618316650e-01 5.215686559677124023e-01 2.274509817361831665e-01
5.215686559677124023e-01 2.274509817361831665e-01 5.215686559677124023e-01 2.274509817361831665e-01
4.588235318660736084e-01 5.686274766921997070e-01 2.666666805744171143e-01 5.686274766921997070e-01
2.666666805744171143e-01 5.686274766921997070e-01 2.666666805744171143e-01 7.529411911964416504e-01
2.666666805744171143e-01 7.529411911964416504e-01 4.156862795352935791e-01 7.529411911964416504e-01
4.156862795352935791e-01 7.529411911964416504e-01 4.156862795352935791e-01 6.470588445663452148e-01
4.156862795352935791e-01 6.470588445663452148e-01 4.588235318660736084e-01 6.470588445663452148e-01
4.588235318660736084e-01 6.470588445663452148e-01 4.588235318660736084e-01 5.686274766921997070e-01
4.588235318660736084e-01 5.686274766921997070e-01 4.588235318660736084e-01 5.686274766921997070e-01
3.450980484485626221e-01 4.235294163227081299e-01 2.666666805744171143e-01 4.235294163227081299e-01
2.666666805744171143e-01 4.235294163227081299e-01 2.666666805744171143e-01 5.686274766921997070e-01
2.666666805744171143e-01 5.686274766921997070e-01 4.588235318660736084e-01 5.686274766921997070e-01
4.588235318660736084e-01 5.686274766921997070e-01 4.588235318660736084e-01 4.235294163227081299e-01
4.588235318660736084e-01 4.235294163227081299e-01 3.450980484485626221e-01 4.235294163227081299e-01
3.450980484485626221e-01 4.235294163227081299e-01 3.450980484485626221e-01 4.235294163227081299e-01
5.215686559677124023e-01 4.235294163227081299e-01 4.588235318660736084e-01 4.235294163227081299e-01
4.588235318660736084e-01 4.235294163227081299e-01 4.588235318660736084e-01 5.686274766921997070e-01
4.588235318660736084e-01 5.686274766921997070e-01 4.588235318660736084e-01 6.470588445663452148e-01
4.588235318660736084e-01 6.470588445663452148e-01 5.215686559677124023e-01 6.470588445663452148e-01
5.215686559677124023e-01 6.470588445663452148e-01 6.313725709915161133e-01 6.470588445663452148e-01
6.313725709915161133e-01 6.470588445663452148e-01 6.313725709915161133e-01 8.156862854957580566e-01
6.313725709915161133e-01 8.156862854957580566e-01 7.254902124404907227e-01 8.156862854957580566e-01
7.254902124404907227e-01 8.156862854957580566e-01 7.254902124404907227e-01 2.745098173618316650e-01
7.254902124404907227e-01 2.745098173618316650e-01 5.215686559677124023e-01 2.745098173618316650e-01
5.215686559677124023e-01 2.745098173618316650e-01 5.215686559677124023e-01 4.235294163227081299e-01
5.215686559677124023e-01 4.235294163227081299e-01 5.215686559677124023e-01 4.235294163227081299e-01
6.313725709915161133e-01 6.470588445663452148e-01 5.215686559677124023e-01 6.470588445663452148e-01
5.215686559677124023e-01 6.470588445663452148e-01 5.215686559677124023e-01 7.529411911964416504e-01
5.215686559677124023e-01 7.529411911964416504e-01 5.215686559677124023e-01 8.156862854957580566e-01
5.215686559677124023e-01 8.156862854957580566e-01 6.313725709915161133e-01 8.156862854957580566e-01
6.313725709915161133e-01 8.156862854957580566e-01 6.313725709915161133e-01 6.470588445663452148e-01
6.313725709915161133e-01 6.470588445663452148e-01 6.313725709915161133e-01 6.470588445663452148e-01
