4.549019634723663330e-01 2.627451121807098389e-01 3.843137323856353760e-01 2.627451121807098389e-01
3.843137323856353760e-01 2.627451121807098389e-01 3.843137323856353760e-01 3.882353007793426514e-01
3.843137323856353760e-01 3.882353007793426514e-01 4.549019634723663330e-01 3.882353007793426514e-01
4.549019634723663330e-01 3.882353007793426514e-01 4.549019634723663330e-01 2.627451121807098389e-01
4.549019634723663330e-01 2.627451121807098389e-01 4.549019634723663330e-01 2.627451121807098389e-01
7.764706015586853027e-01 2.627451121807098389e-01 5.686274766921997070e-01 2.627451121807098389e-01
5.686274766921997070e-01 2.627451121807098389e-01 5.686274766921997070e-01 3.882353007793426514e-01
5.686274766921997070e-01 3.882353007793426514e-01 5.137255191802978516e-01 3.882353007793426514e-01
5.137255191802978516e-01 3.882353007793426514e-01 5.137255191802978516e-01 4.470588266849517822e-01
5.137255191802978516e-01 4.470588266849517822e-01 7.294117808341979980e-01 4.470588266849517822e-01
7.294117808341979980e-01 4.470588266849517822e-01 7.764706015586853027e-01 4.470588266849517822e-01
7.764706015586853027e-01 4.470588266849517822e-01 7.764706015586853027e-01 2.627451121807098389e-01
7.764706015586853027e-01 2.627451121807098389e-01 7.764706015586853027e-01 2.627451121807098389e-01
3.843137323856353760e-01 2.627451121807098389e-01 2.156862765550613403e-01 2.627451121807098389e-01
2.156862765550613403e-01 2.627451121807098389e-01 2.156862765550613403e-01 3.882353007793426514e-01
2.156862765550613403e-01 3.882353007793426514e-01 2.156862765550613403e-01 4.470588266849517822e-01
2.156862765550613403e-01 4.470588266849517822e-01 3.843137323856353760e-01 4.470588266849517822e-01
3.843137323856353760e-01 4.470588266849517822e-01 3.843137323856353760e-01 3.882353007793426514e-01
3.843137323856353760e-01 3.882353007793426514e-01 3.843137323856353760e-01 2.627451121807098389e-01
3.843137323856353760e-01 2.627451121807098389e-01 3.843137323856353760e-01 2.627451121807098389e-01
4.549019634723663330e-01 3.882353007793426514e-01 3.843137323856353760e-01 3.882353007793426514e-01
3.843137323856353760e-01 3.882353007793426514e-01 3.843137323856353760e-01 4.470588266849517822e-01
3.843137323856353760e-01 4.470588266849517822e-01 2.156862765550613403e-01 4.470588266849517822e-01
2.156862765550613403e-01 4.470588266849517822e-01 2.156862765550613403e-01 6.627451181411743164e-01
2.156862765550613403e-01 6.627451181411743164e-01 2.549019753932952881e-01 6.627451181411743164e-01
2.549019753932952881e-01 6.627451181411743164e-01 3.843137323856353760e-01 6.627451181411743164e-01
3.843137323856353760e-01 6.627451181411743164e-01 7.294117808341979980e-01 6.627451181411743164e-01
7.294117808341979980e-01 6.627451181411743164e-01 7.294117808341979980e-01 4.470588266849517822e-01
7.294117808341979980e-01 4.470588266849517822e-01 5.137255191802978516e-01 4.470588266849517822e-01
5.137255191802978516e-01 4.470588266849517822e-01 5.137255191802978516e-01 3.882353007793426514e-01
5.137255191802978516e-01 3.882353007793426514e-01 4.549019634723663330e-01 3.882353007793426514e-01
4.549019634723663330e-01 3.882353007793426514e-01 4.549019634723663330e-01 3.882353007793426514e-01
7.764706015586853027e-01 4.470588266849517822e-01 7.294117808341979980e-01 4.470588266849517822e-01
7.294117808341979980e-01 4.470588266849517822e-01 7.294117808341979980e-01 6.627451181411743164e-01
7.294117808341979980e-01 6.627451181411743164e-01 8.117647171020507812e-01 6.627451181411743164e-01
8.117647171020507812e-01 6.627451181411743164e-01 8.117647171020507812e-01 4.470588266849517822e-01
8.117647171020507812e-01 4.470588266849517822e-01 7.764706015586853027e-01 4.470588266849517822e-01
7.764706015586853027e-01 4.470588266849517822e-01 7.764706015586853027e-01 4.470588266849517822e-01
3.843137323856353760e-01 6.627451181411743164e-01 2.549019753932952881e-01 6.627451181411743164e-01
2.549019753932952881e-01 6.627451181411743164e-01 2.549019753932952881e-01 7.411764860153198242e-01
2.549019753932952881e-01 7.411764860153198242e-01 3.843137323856353760e-01 7.411764860153198242e-01
3.843137323856353760e-01 7.411764860153198242e-01 3.843137323856353760e-01 6.627451181411743164e-01
3.843137323856353760e-01 6.627451181411743164e-01 3.843137323856353760e-01 6.627451181411743164e-01
5.137255191802978516e-01 2.627451121807098389e-01 4.549019634723663330e-01 2.627451121807098389e-01
4.549019634723663330e-01 2.627451121807098389e-01 4.549019634723663330e-01 3.882353007793426514e-01
4.549019634723663330e-01 3.882353007793426514e-01 5.137255191802978516e-01 3.882353007793426514e-01
5.137255191802978516e-01 3.882353007793426514e-01 5.686274766921997070e-01 3.882353007793426514e-01
5.686274766921997070e-01 3.882353007793426514e-01 5.686274766921997070e-01 2.627451121807098389e-01
5.686274766921997070e-01 2.627451121807098389e-01 5.137255191802978516e-01 2.627451121807098389e-01
5.137255191802978516e-01 2.627451121807098389e-01 5.137255191802978516e-01 2.627451121807098389e-01
