4.235294163227081299e-01 5.529412031173706055e-01 2.980392277240753174e-01 5.529412031173706055e-01
2.980392277240753174e-01 5.529412031173706055e-01 2.980392277240753174e-01 6.078431606292724609e-01
2.980392277240753174e-01 6.078431606292724609e-01 2.980392277240753174e-01 6.470588445663452148e-01
2.980392277240753174e-01 6.470588445663452148e-01 4.235294163227081299e-01 6.470588445663452148e-01
4.235294163227081299e-01 6.470588445663452148e-01 4.235294163227081299e-01 6.078431606292724609e-01
4.235294163227081299e-01 6.078431606292724609e-01 4.235294163227081299e-01 5.529412031173706055e-01
4.235294163227081299e-01 5.529412031173706055e-01 4.235294163227081299e-01 5.529412031173706055e-01
2.980392277240753174e-01 6.470588445663452148e-01 2.980392277240753174e-01 6.078431606292724609e-01
2.980392277240753174e-01 6.078431606292724609e-01 2.274509817361831665e-01 6.078431606292724609e-01
2.274509817361831665e-01 6.078431606292724609e-01 2.274509817361831665e-01 7.568627595901489258e-01
2.274509817361831665e-01 7.568627595901489258e-01 4.235294163227081299e-01 7.568627595901489258e-01
4.235294163227081299e-01 7.568627595901489258e-01 4.235294163227081299e-01 6.470588445663452148e-01
4.235294163227081299e-01 6.470588445663452148e-01 2.980392277240753174e-01 6.470588445663452148e-01
2.980392277240753174e-01 6.470588445663452148e-01 2.980392277240753174e-01 6.470588445663452148e-01
4.862745106220245361e-01 2.941176593303680420e-01 2.980392277240753174e-01 2.941176593303680420e-01
2.980392277240753174e-01 2.941176593303680420e-01 2.980392277240753174e-01 5.529412031173706055e-01
2.980392277240753174e-01 5.529412031173706055e-01 4.235294163227081299e-01 5.529412031173706055e-01
4.235294163227081299e-01 5.529412031173706055e-01 4.862745106220245361e-01 5.529412031173706055e-01
4.862745106220245361e-01 5.529412031173706055e-01 4.862745106220245361e-01 3.333333432674407959e-01
4.862745106220245361e-01 3.333333432674407959e-01 4.862745106220245361e-01 2.941176593303680420e-01
4.862745106220245361e-01 2.941176593303680420e-01 4.862745106220245361e-01 2.941176593303680420e-01
6.901960968971252441e-01 5.568627715110778809e-01 6.078431606292724609e-01 5.568627715110778809e-01
6.078431606292724609e-01 5.568627715110778809e-01 6.078431606292724609e-01 7.568627595901489258e-01
6.078431606292724609e-01 7.568627595901489258e-01 6.901960968971252441e-01 7.568627595901489258e-01
6.901960968971252441e-01 7.568627595901489258e-01 7.725490331649780273e-01 7.568627595901489258e-01
7.725490331649780273e-01 7.568627595901489258e-01 7.725490331649780273e-01 5.568627715110778809e-01
7.725490331649780273e-01 5.568627715110778809e-01 6.901960968971252441e-01 5.568627715110778809e-01
6.901960968971252441e-01 5.568627715110778809e-01 6.901960968971252441e-01 5.568627715110778809e-01
4.862745106220245361e-01 5.529412031173706055e-01 4.235294163227081299e-01 5.529412031173706055e-01
4.235294163227081299e-01 5.529412031173706055e-01 4.235294163227081299e-01 6.078431606292724609e-01
4.235294163227081299e-01 6.078431606292724609e-01 4.235294163227081299e-01 6.470588445663452148e-01
4.235294163227081299e-01 6.470588445663452148e-01 4.235294163227081299e-01 7.568627595901489258e-01
4.235294163227081299e-01 7.568627595901489258e-01 6.078431606292724609e-01 7.568627595901489258e-01
6.078431606292724609e-01 7.568627595901489258e-01 6.078431606292724609e-01 5.568627715110778809e-01
6.078431606292724609e-01 5.568627715110778809e-01 6.901960968971252441e-01 5.568627715110778809e-01
6.901960968971252441e-01 5.568627715110778809e-01 6.901960968971252441e-01 3.333333432674407959e-01
6.901960968971252441e-01 3.333333432674407959e-01 4.862745106220245361e-01 3.333333432674407959e-01
4.862745106220245361e-01 3.333333432674407959e-01 4.862745106220245361e-01 5.529412031173706055e-01
4.862745106220245361e-01 5.529412031173706055e-01 4.862745106220245361e-01 5.529412031173706055e-01
4.862745106220245361e-01 2.470588237047195435e-01 4.862745106220245361e-01 2.941176593303680420e-01
4.862745106220245361e-01 2.941176593303680420e-01 4.862745106220245361e-01 3.333333432674407959e-01
4.862745106220245361e-01 3.333333432674407959e-01 6.901960968971252441e-01 3.333333432674407959e-01
6.901960968971252441e-01 3.333333432674407959e-01 6.901960968971252441e-01 2.470588237047195435e-01
6.901960968971252441e-01 2.470588237047195435e-01 4.862745106220245361e-01 2.470588237047195435e-01
4.862745106220245361e-01 2.470588237047195435e-01 4.862745106220245361e-01 2.470588237047195435e-01
