8.196078538894653320e-01 4.705882370471954346e-01 6.862745285034179688e-01 4.705882370471954346e-01
6.862745285034179688e-01 4.705882370471954346e-01 6.862745285034179688e-01 5.725490450859069824e-01
6.862745285034179688e-01 5.725490450859069824e-01 8.196078538894653320e-01 5.725490450859069824e-01
8.196078538894653320e-01 5.725490450859069824e-01 8.196078538894653320e-01 4.705882370471954346e-01
8.196078538894653320e-01 4.705882370471954346e-01 8.196078538894653320e-01 4.705882370471954346e-01
3.843137323856353760e-01 4.431372582912445068e-01 1.843137294054031372e-01 4.431372582912445068e-01
1.843137294054031372e-01 4.431372582912445068e-01 1.843137294054031372e-01 6.431372761726379395e-01
1.843137294054031372e-01 6.431372761726379395e-01 2.627451121807098389e-01 6.431372761726379395e-01
2.627451121807098389e-01 6.431372761726379395e-01 3.843137323856353760e-01 6.431372761726379395e-01
3.843137323856353760e-01 6.431372761726379395e-01 3.843137323856353760e-01 4.431372582912445068e-01
3.843137323856353760e-01 4.431372582912445068e-01 3.843137323856353760e-01 4.431372582912445068e-01
6.156862974166870117e-01 4.705882370471954346e-01 6.862745285034179688e-01 4.705882370471954346e-01
6.862745285034179688e-01 4.705882370471954346e-01 8.196078538894653320e-01 4.705882370471954346e-01
8.196078538894653320e-01 4.705882370471954346e-01 8.196078538894653320e-01 2.862745225429534912e-01
8.196078538894653320e-01 2.862745225429534912e-01 6.862745285034179688e-01 2.862745225429534912e-01
6.862745285034179688e-01 2.862745225429534912e-01 6.156862974166870117e-01 2.862745225429534912e-01
6.156862974166870117e-01 2.862745225429534912e-01 6.156862974166870117e-01 4.705882370471954346e-01
6.156862974166870117e-01 4.705882370471954346e-01 6.156862974166870117e-01 4.705882370471954346e-01
6.862745285034179688e-01 4.705882370471954346e-01 6.156862974166870117e-01 4.705882370471954346e-01
6.156862974166870117e-01 4.705882370471954346e-01 6.156862974166870117e-01 2.862745225429534912e-01
6.156862974166870117e-01 2.862745225429534912e-01 3.843137323856353760e-01 2.862745225429534912e-01
3.843137323856353760e-01 2.862745225429534912e-01 3.843137323856353760e-01 4.431372582912445068e-01
3.843137323856353760e-01 4.431372582912445068e-01 3.843137323856353760e-01 6.431372761726379395e-01
3.843137323856353760e-01 6.431372761726379395e-01 3.843137323856353760e-01 7.137255072593688965e-01
3.843137323856353760e-01 7.137255072593688965e-01 6.862745285034179688e-01 7.137255072593688965e-01
6.862745285034179688e-01 7.137255072593688965e-01 6.862745285034179688e-01 5.725490450859069824e-01
6.862745285034179688e-01 5.725490450859069824e-01 6.862745285034179688e-01 4.705882370471954346e-01
6.862745285034179688e-01 4.705882370471954346e-01 6.862745285034179688e-01 4.705882370471954346e-01
8.196078538894653320e-01 5.725490450859069824e-01 6.862745285034179688e-01 5.725490450859069824e-01
6.862745285034179688e-01 5.725490450859069824e-01 6.862745285034179688e-01 7.137255072593688965e-01
6.862745285034179688e-01 7.137255072593688965e-01 8.196078538894653320e-01 7.137255072593688965e-01
8.196078538894653320e-01 7.137255072593688965e-01 8.196078538894653320e-01 5.725490450859069824e-01
8.196078538894653320e-01 5.725490450859069824e-01 8.196078538894653320e-01 5.725490450859069824e-01
3.843137323856353760e-01 6.431372761726379395e-01 2.627451121807098389e-01 6.431372761726379395e-01
2.627451121807098389e-01 6.431372761726379395e-01 2.627451121807098389e-01 7.137255072593688965e-01
2.627451121807098389e-01 7.137255072593688965e-01 3.843137323856353760e-01 7.137255072593688965e-01
3.843137323856353760e-01 7.137255072593688965e-01 3.843137323856353760e-01 6.431372761726379395e-01
3.843137323856353760e-01 6.431372761726379395e-01 3.843137323856353760e-01 6.431372761726379395e-01
