5.607843399047851562e-01 3.215686380863189697e-01 4.000000059604644775e-01 3.215686380863189697e-01
4.000000059604644775e-01 3.215686380863189697e-01 4.000000059604644775e-01 4.196078479290008545e-01
4.000000059604644775e-01 4.196078479290008545e-01 5.607843399047851562e-01 4.196078479290008545e-01
5.607843399047851562e-01 4.196078479290008545e-01 5.607843399047851562e-01 3.215686380863189697e-01
5.607843399047851562e-01 3.215686380863189697e-01 5.607843399047851562e-01 3.215686380863189697e-01
2.392156869173049927e-01 4.901960790157318115e-01 1.450980454683303833e-01 4.901960790157318115e-01
1.450980454683303833e-01 4.901960790157318115e-01 1.450980454683303833e-01 7.098039388656616211e-01
1.450980454683303833e-01 7.098039388656616211e-01 2.392156869173049927e-01 7.098039388656616211e-01
2.392156869173049927e-01 7.098039388656616211e-01 2.392156869173049927e-01 4.901960790157318115e-01
2.392156869173049927e-01 4.901960790157318115e-01 2.392156869173049927e-01 4.901960790157318115e-01
8.588235378265380859e-01 3.215686380863189697e-01 5.607843399047851562e-01 3.215686380863189697e-01
5.607843399047851562e-01 3.215686380863189697e-01 5.607843399047851562e-01 4.196078479290008545e-01
5.607843399047851562e-01 4.196078479290008545e-01 5.607843399047851562e-01 4.901960790157318115e-01
5.607843399047851562e-01 4.901960790157318115e-01 6.941176652908325195e-01 4.901960790157318115e-01
6.941176652908325195e-01 4.901960790157318115e-01 8.588235378265380859e-01 4.901960790157318115e-01
8.588235378265380859e-01 4.901960790157318115e-01 8.588235378265380859e-01 3.215686380863189697e-01
8.588235378265380859e-01 3.215686380863189697e-01 8.588235378265380859e-01 3.215686380863189697e-01
4.000000059604644775e-01 3.215686380863189697e-01 1.450980454683303833e-01 3.215686380863189697e-01
1.450980454683303833e-01 3.215686380863189697e-01 1.450980454683303833e-01 4.901960790157318115e-01
1.450980454683303833e-01 4.901960790157318115e-01 2.392156869173049927e-01 4.901960790157318115e-01
2.392156869173049927e-01 4.901960790157318115e-01 4.000000059604644775e-01 4.901960790157318115e-01
4.000000059604644775e-01 4.901960790157318115e-01 4.000000059604644775e-01 4.196078479290008545e-01
4.000000059604644775e-01 4.196078479290008545e-01 4.000000059604644775e-01 3.215686380863189697e-01
4.000000059604644775e-01 3.215686380863189697e-01 4.000000059604644775e-01 3.215686380863189697e-01
6.941176652908325195e-01 4.901960790157318115e-01 5.607843399047851562e-01 4.901960790157318115e-01
5.607843399047851562e-01 4.901960790157318115e-01 5.607843399047851562e-01 4.196078479290008545e-01
5.607843399047851562e-01 4.196078479290008545e-01 4.000000059604644775e-01 4.196078479290008545e-01
4.000000059604644775e-01 4.196078479290008545e-01 4.000000059604644775e-01 4.901960790157318115e-01
4.000000059604644775e-01 4.901960790157318115e-01 2.392156869173049927e-01 4.901960790157318115e-01
2.392156869173049927e-01 4.901960790157318115e-01 2.392156869173049927e-01 7.098039388656616211e-01
2.392156869173049927e-01 7.098039388656616211e-01 6.941176652908325195e-01 7.098039388656616211e-01
6.941176652908325195e-01 7.098039388656616211e-01 6.941176652908325195e-01 6.392157077789306641e-01
6.941176652908325195e-01 6.392157077789306641e-01 6.941176652908325195e-01 4.901960790157318115e-01
6.941176652908325195e-01 4.901960790157318115e-01 6.941176652908325195e-01 4.901960790157318115e-01
8.588235378265380859e-01 4.901960790157318115e-01 6.941176652908325195e-01 4.901960790157318115e-01
6.941176652908325195e-01 4.901960790157318115e-01 6.941176652908325195e-01 6.392157077789306641e-01
6.941176652908325195e-01 6.392157077789306641e-01 8.588235378265380859e-01 6.392157077789306641e-01
8.588235378265380859e-01 6.392157077789306641e-01 8.588235378265380859e-01 4.901960790157318115e-01
8.588235378265380859e-01 4.901960790157318115e-01 8.588235378265380859e-01 4.901960790157318115e-01
