8.549019694328308105e-01 4.313725531101226807e-01 7.490196228027343750e-01 4.313725531101226807e-01
7.490196228027343750e-01 4.313725531101226807e-01 7.490196228027343750e-01 5.333333611488342285e-01
7.490196228027343750e-01 5.333333611488342285e-01 8.549019694328308105e-01 5.333333611488342285e-01
8.549019694328308105e-01 5.333333611488342285e-01 8.549019694328308105e-01 4.313725531101226807e-01
8.549019694328308105e-01 4.313725531101226807e-01 8.549019694328308105e-01 4.313725531101226807e-01
7.490196228027343750e-01 4.313725531101226807e-01 6.941176652908325195e-01 4.313725531101226807e-01
6.941176652908325195e-01 4.313725531101226807e-01 6.941176652908325195e-01 5.333333611488342285e-01
6.941176652908325195e-01 5.333333611488342285e-01 7.490196228027343750e-01 5.333333611488342285e-01
7.490196228027343750e-01 5.333333611488342285e-01 7.490196228027343750e-01 4.313725531101226807e-01
7.490196228027343750e-01 4.313725531101226807e-01 7.490196228027343750e-01 4.313725531101226807e-01
4.117647111415863037e-01 4.313725531101226807e-01 1.411764770746231079e-01 4.313725531101226807e-01
1.411764770746231079e-01 4.313725531101226807e-01 1.411764770746231079e-01 6.352941393852233887e-01
1.411764770746231079e-01 6.352941393852233887e-01 4.117647111415863037e-01 6.352941393852233887e-01
4.117647111415863037e-01 6.352941393852233887e-01 4.117647111415863037e-01 4.313725531101226807e-01
4.117647111415863037e-01 4.313725531101226807e-01 4.117647111415863037e-01 4.313725531101226807e-01
4.980392158031463623e-01 4.313725531101226807e-01 6.274510025978088379e-01 4.313725531101226807e-01
6.274510025978088379e-01 4.313725531101226807e-01 6.274510025978088379e-01 3.647058904170989990e-01
6.274510025978088379e-01 3.647058904170989990e-01 4.980392158031463623e-01 3.647058904170989990e-01
4.980392158031463623e-01 3.647058904170989990e-01 4.980392158031463623e-01 4.313725531101226807e-01
4.980392158031463623e-01 4.313725531101226807e-01 4.980392158031463623e-01 4.313725531101226807e-01
4.980392158031463623e-01 4.313725531101226807e-01 4.117647111415863037e-01 4.313725531101226807e-01
4.117647111415863037e-01 4.313725531101226807e-01 4.117647111415863037e-01 6.352941393852233887e-01
4.117647111415863037e-01 6.352941393852233887e-01 6.941176652908325195e-01 6.352941393852233887e-01
6.941176652908325195e-01 6.352941393852233887e-01 6.941176652908325195e-01 5.333333611488342285e-01
6.941176652908325195e-01 5.333333611488342285e-01 6.941176652908325195e-01 4.313725531101226807e-01
6.941176652908325195e-01 4.313725531101226807e-01 6.274510025978088379e-01 4.313725531101226807e-01
6.274510025978088379e-01 4.313725531101226807e-01 4.980392158031463623e-01 4.313725531101226807e-01
4.980392158031463623e-01 4.313725531101226807e-01 4.980392158031463623e-01 4.313725531101226807e-01
7.490196228027343750e-01 5.333333611488342285e-01 6.941176652908325195e-01 5.333333611488342285e-01
6.941176652908325195e-01 5.333333611488342285e-01 6.941176652908325195e-01 6.352941393852233887e-01
6.941176652908325195e-01 6.352941393852233887e-01 8.549019694328308105e-01 6.352941393852233887e-01
8.549019694328308105e-01 6.352941393852233887e-01 8.549019694328308105e-01 5.333333611488342285e-01
8.549019694328308105e-01 5.333333611488342285e-01 7.490196228027343750e-01 5.333333611488342285e-01
7.490196228027343750e-01 5.333333611488342285e-01 7.490196228027343750e-01 5.333333611488342285e-01
