6.823529601097106934e-01 5.725490450859069824e-01 7.921568751335144043e-01 5.725490450859069824e-01
7.921568751335144043e-01 5.725490450859069824e-01 7.921568751335144043e-01 4.980392158031463623e-01
7.921568751335144043e-01 4.980392158031463623e-01 6.823529601097106934e-01 4.980392158031463623e-01
6.823529601097106934e-01 4.980392158031463623e-01 6.823529601097106934e-01 5.725490450859069824e-01
6.823529601097106934e-01 5.725490450859069824e-01 6.823529601097106934e-01 5.725490450859069824e-01
3.803921639919281006e-01 7.058823704719543457e-01 2.941176593303680420e-01 7.058823704719543457e-01
2.941176593303680420e-01 7.058823704719543457e-01 2.941176593303680420e-01 8.078431487083435059e-01
2.941176593303680420e-01 8.078431487083435059e-01 3.803921639919281006e-01 8.078431487083435059e-01
3.803921639919281006e-01 8.078431487083435059e-01 3.803921639919281006e-01 7.058823704719543457e-01
3.803921639919281006e-01 7.058823704719543457e-01 3.803921639919281006e-01 7.058823704719543457e-01
2.117647081613540649e-01 3.019607961177825928e-01 4.274509847164154053e-01 3.019607961177825928e-01
4.274509847164154053e-01 3.019607961177825928e-01 4.274509847164154053e-01 1.960784345865249634e-01
4.274509847164154053e-01 1.960784345865249634e-01 2.117647081613540649e-01 1.960784345865249634e-01
2.117647081613540649e-01 1.960784345865249634e-01 2.117647081613540649e-01 3.019607961177825928e-01
2.117647081613540649e-01 3.019607961177825928e-01 2.117647081613540649e-01 3.019607961177825928e-01
7.921568751335144043e-01 3.019607961177825928e-01 5.921568870544433594e-01 3.019607961177825928e-01
5.921568870544433594e-01 3.019607961177825928e-01 5.921568870544433594e-01 4.941176474094390869e-01
5.921568870544433594e-01 4.941176474094390869e-01 5.921568870544433594e-01 5.725490450859069824e-01
5.921568870544433594e-01 5.725490450859069824e-01 6.823529601097106934e-01 5.725490450859069824e-01
6.823529601097106934e-01 5.725490450859069824e-01 6.823529601097106934e-01 4.980392158031463623e-01
6.823529601097106934e-01 4.980392158031463623e-01 7.921568751335144043e-01 4.980392158031463623e-01
7.921568751335144043e-01 4.980392158031463623e-01 7.921568751335144043e-01 3.019607961177825928e-01
7.921568751335144043e-01 3.019607961177825928e-01 7.921568751335144043e-01 3.019607961177825928e-01
5.921568870544433594e-01 3.019607961177825928e-01 4.274509847164154053e-01 3.019607961177825928e-01
4.274509847164154053e-01 3.019607961177825928e-01 4.274509847164154053e-01 4.941176474094390869e-01
4.274509847164154053e-01 4.941176474094390869e-01 5.921568870544433594e-01 4.941176474094390869e-01
5.921568870544433594e-01 4.941176474094390869e-01 5.921568870544433594e-01 3.019607961177825928e-01
5.921568870544433594e-01 3.019607961177825928e-01 5.921568870544433594e-01 3.019607961177825928e-01
5.921568870544433594e-01 5.725490450859069824e-01 5.254902243614196777e-01 5.725490450859069824e-01
5.254902243614196777e-01 5.725490450859069824e-01 5.254902243614196777e-01 7.058823704719543457e-01
5.254902243614196777e-01 7.058823704719543457e-01 5.921568870544433594e-01 7.058823704719543457e-01
5.921568870544433594e-01 7.058823704719543457e-01 6.823529601097106934e-01 7.058823704719543457e-01
6.823529601097106934e-01 7.058823704719543457e-01 6.823529601097106934e-01 5.725490450859069824e-01
6.823529601097106934e-01 5.725490450859069824e-01 5.921568870544433594e-01 5.725490450859069824e-01
5.921568870544433594e-01 5.725490450859069824e-01 5.921568870544433594e-01 5.725490450859069824e-01
4.274509847164154053e-01 3.019607961177825928e-01 2.117647081613540649e-01 3.019607961177825928e-01
2.117647081613540649e-01 3.019607961177825928e-01 2.117647081613540649e-01 7.058823704719543457e-01
2.117647081613540649e-01 7.058823704719543457e-01 2.941176593303680420e-01 7.058823704719543457e-01
2.941176593303680420e-01 7.058823704719543457e-01 3.803921639919281006e-01 7.058823704719543457e-01
3.803921639919281006e-01 7.058823704719543457e-01 3.803921639919281006e-01 5.725490450859069824e-01
3.803921639919281006e-01 5.725490450859069824e-01 5.254902243614196777e-01 5.725490450859069824e-01
5.254902243614196777e-01 5.725490450859069824e-01 5.921568870544433594e-01 5.725490450859069824e-01
5.921568870544433594e-01 5.725490450859069824e-01 5.921568870544433594e-01 4.941176474094390869e-01
5.921568870544433594e-01 4.941176474094390869e-01 4.274509847164154053e-01 4.941176474094390869e-01
4.274509847164154053e-01 4.941176474094390869e-01 4.274509847164154053e-01 3.019607961177825928e-01
4.274509847164154053e-01 3.019607961177825928e-01 4.274509847164154053e-01 3.019607961177825928e-01
5.254902243614196777e-01 5.725490450859069824e-01 3.803921639919281006e-01 5.725490450859069824e-01
3.803921639919281006e-01 5.725490450859069824e-01 3.803921639919281006e-01 7.058823704719543457e-01
3.803921639919281006e-01 7.058823704719543457e-01 3.803921639919281006e-01 8.078431487083435059e-01
3.803921639919281006e-01 8.078431487083435059e-01 5.254902243614196777e-01 8.078431487083435059e-01
5.254902243614196777e-01 8.078431487083435059e-01 5.254902243614196777e-01 7.058823704719543457e-01
5.254902243614196777e-01 7.058823704719543457e-01 5.254902243614196777e-01 5.725490450859069824e-01
5.254902243614196777e-01 5.725490450859069824e-01 5.254902243614196777e-01 5.725490450859069824e-01
