5.568627715110778809e-01 6.980392336845397949e-01 6.549019813537597656e-01 6.980392336845397949e-01
6.549019813537597656e-01 6.980392336845397949e-01 6.549019813537597656e-01 5.803921818733215332e-01
6.549019813537597656e-01 5.803921818733215332e-01 5.568627715110778809e-01 5.803921818733215332e-01
5.568627715110778809e-01 5.803921818733215332e-01 5.568627715110778809e-01 6.980392336845397949e-01
5.568627715110778809e-01 6.980392336845397949e-01 5.568627715110778809e-01 6.980392336845397949e-01
2.509804069995880127e-01 5.019608139991760254e-01 3.254902064800262451e-01 5.019608139991760254e-01
3.254902064800262451e-01 5.019608139991760254e-01 3.254902064800262451e-01 3.058823645114898682e-01
3.254902064800262451e-01 3.058823645114898682e-01 2.509804069995880127e-01 3.058823645114898682e-01
2.509804069995880127e-01 3.058823645114898682e-01 2.509804069995880127e-01 5.019608139991760254e-01
2.509804069995880127e-01 5.019608139991760254e-01 2.509804069995880127e-01 5.019608139991760254e-01
3.254902064800262451e-01 5.019608139991760254e-01 2.509804069995880127e-01 5.019608139991760254e-01
2.509804069995880127e-01 5.019608139991760254e-01 2.509804069995880127e-01 6.980392336845397949e-01
2.509804069995880127e-01 6.980392336845397949e-01 4.156862795352935791e-01 6.980392336845397949e-01
4.156862795352935791e-01 6.980392336845397949e-01 4.156862795352935791e-01 5.019608139991760254e-01
4.156862795352935791e-01 5.019608139991760254e-01 3.254902064800262451e-01 5.019608139991760254e-01
3.254902064800262451e-01 5.019608139991760254e-01 3.254902064800262451e-01 5.019608139991760254e-01
5.568627715110778809e-01 5.019608139991760254e-01 4.156862795352935791e-01 5.019608139991760254e-01
4.156862795352935791e-01 5.019608139991760254e-01 4.156862795352935791e-01 6.980392336845397949e-01
4.156862795352935791e-01 6.980392336845397949e-01 5.568627715110778809e-01 6.980392336845397949e-01
5.568627715110778809e-01 6.980392336845397949e-01 5.568627715110778809e-01 5.803921818733215332e-01
5.568627715110778809e-01 5.803921818733215332e-01 5.568627715110778809e-01 5.019608139991760254e-01
5.568627715110778809e-01 5.019608139991760254e-01 5.568627715110778809e-01 5.019608139991760254e-01
3.254902064800262451e-01 5.019608139991760254e-01 4.156862795352935791e-01 5.019608139991760254e-01
4.156862795352935791e-01 5.019608139991760254e-01 5.568627715110778809e-01 5.019608139991760254e-01
5.568627715110778809e-01 5.019608139991760254e-01 7.294117808341979980e-01 5.019608139991760254e-01
7.294117808341979980e-01 5.019608139991760254e-01 7.294117808341979980e-01 3.058823645114898682e-01
7.294117808341979980e-01 3.058823645114898682e-01 3.254902064800262451e-01 3.058823645114898682e-01
3.254902064800262451e-01 3.058823645114898682e-01 3.254902064800262451e-01 5.019608139991760254e-01
3.254902064800262451e-01 5.019608139991760254e-01 3.254902064800262451e-01 5.019608139991760254e-01
7.294117808341979980e-01 5.019608139991760254e-01 5.568627715110778809e-01 5.019608139991760254e-01
5.568627715110778809e-01 5.019608139991760254e-01 5.568627715110778809e-01 5.803921818733215332e-01
5.568627715110778809e-01 5.803921818733215332e-01 6.549019813537597656e-01 5.803921818733215332e-01
6.549019813537597656e-01 5.803921818733215332e-01 6.549019813537597656e-01 6.980392336845397949e-01
6.549019813537597656e-01 6.980392336845397949e-01 7.294117808341979980e-01 6.980392336845397949e-01
7.294117808341979980e-01 6.980392336845397949e-01 7.294117808341979980e-01 5.019608139991760254e-01
7.294117808341979980e-01 5.019608139991760254e-01 7.294117808341979980e-01 5.019608139991760254e-01
