6.431372761726379395e-01 4.549019634723663330e-01 5.568627715110778809e-01 4.549019634723663330e-01
5.568627715110778809e-01 4.549019634723663330e-01 5.568627715110778809e-01 6.274510025978088379e-01
5.568627715110778809e-01 6.274510025978088379e-01 6.431372761726379395e-01 6.274510025978088379e-01
6.431372761726379395e-01 6.274510025978088379e-01 6.431372761726379395e-01 4.549019634723663330e-01
6.431372761726379395e-01 4.549019634723663330e-01 6.431372761726379395e-01 4.549019634723663330e-01
3.607843220233917236e-01 6.274510025978088379e-01 5.568627715110778809e-01 6.274510025978088379e-01
5.568627715110778809e-01 6.274510025978088379e-01 5.568627715110778809e-01 4.549019634723663330e-01
5.568627715110778809e-01 4.549019634723663330e-01 5.568627715110778809e-01 2.745098173618316650e-01
5.568627715110778809e-01 2.745098173618316650e-01 3.607843220233917236e-01 2.745098173618316650e-01
3.607843220233917236e-01 2.745098173618316650e-01 3.607843220233917236e-01 6.274510025978088379e-01
3.607843220233917236e-01 6.274510025978088379e-01 3.607843220233917236e-01 6.274510025978088379e-01
5.568627715110778809e-01 6.274510025978088379e-01 3.607843220233917236e-01 6.274510025978088379e-01
3.607843220233917236e-01 6.274510025978088379e-01 3.607843220233917236e-01 7.294117808341979980e-01
3.607843220233917236e-01 7.294117808341979980e-01 6.431372761726379395e-01 7.294117808341979980e-01
6.431372761726379395e-01 7.294117808341979980e-01 6.431372761726379395e-01 6.274510025978088379e-01
6.431372761726379395e-01 6.274510025978088379e-01 5.568627715110778809e-01 6.274510025978088379e-01
5.568627715110778809e-01 6.274510025978088379e-01 5.568627715110778809e-01 6.274510025978088379e-01
