4.862745106220245361e-01 5.568627715110778809e-01 3.960784375667572021e-01 5.568627715110778809e-01
3.960784375667572021e-01 5.568627715110778809e-01 3.960784375667572021e-01 6.784313917160034180e-01
3.960784375667572021e-01 6.784313917160034180e-01 3.960784375667572021e-01 7.372549176216125488e-01
3.960784375667572021e-01 7.372549176216125488e-01 4.862745106220245361e-01 7.372549176216125488e-01
4.862745106220245361e-01 7.372549176216125488e-01 4.862745106220245361e-01 6.784313917160034180e-01
4.862745106220245361e-01 6.784313917160034180e-01 4.862745106220245361e-01 5.568627715110778809e-01
4.862745106220245361e-01 5.568627715110778809e-01 4.862745106220245361e-01 5.568627715110778809e-01
7.098039388656616211e-01 5.568627715110778809e-01 8.235294222831726074e-01 5.568627715110778809e-01
8.235294222831726074e-01 5.568627715110778809e-01 8.235294222831726074e-01 4.549019634723663330e-01
8.235294222831726074e-01 4.549019634723663330e-01 7.098039388656616211e-01 4.549019634723663330e-01
7.098039388656616211e-01 4.549019634723663330e-01 7.098039388656616211e-01 5.568627715110778809e-01
7.098039388656616211e-01 5.568627715110778809e-01 7.098039388656616211e-01 5.568627715110778809e-01
3.960784375667572021e-01 7.372549176216125488e-01 3.960784375667572021e-01 6.784313917160034180e-01
3.960784375667572021e-01 6.784313917160034180e-01 2.784313857555389404e-01 6.784313917160034180e-01
2.784313857555389404e-01 6.784313917160034180e-01 2.784313857555389404e-01 7.372549176216125488e-01
2.784313857555389404e-01 7.372549176216125488e-01 2.784313857555389404e-01 8.274509906768798828e-01
2.784313857555389404e-01 8.274509906768798828e-01 4.862745106220245361e-01 8.274509906768798828e-01
4.862745106220245361e-01 8.274509906768798828e-01 4.862745106220245361e-01 7.372549176216125488e-01
4.862745106220245361e-01 7.372549176216125488e-01 3.960784375667572021e-01 7.372549176216125488e-01
3.960784375667572021e-01 7.372549176216125488e-01 3.960784375667572021e-01 7.372549176216125488e-01
8.235294222831726074e-01 2.117647081613540649e-01 6.078431606292724609e-01 2.117647081613540649e-01
6.078431606292724609e-01 2.117647081613540649e-01 6.078431606292724609e-01 2.549019753932952881e-01
6.078431606292724609e-01 2.549019753932952881e-01 6.078431606292724609e-01 4.823529422283172607e-01
6.078431606292724609e-01 4.823529422283172607e-01 6.078431606292724609e-01 5.568627715110778809e-01
6.078431606292724609e-01 5.568627715110778809e-01 7.098039388656616211e-01 5.568627715110778809e-01
7.098039388656616211e-01 5.568627715110778809e-01 7.098039388656616211e-01 4.549019634723663330e-01
7.098039388656616211e-01 4.549019634723663330e-01 8.235294222831726074e-01 4.549019634723663330e-01
8.235294222831726074e-01 4.549019634723663330e-01 8.235294222831726074e-01 2.117647081613540649e-01
8.235294222831726074e-01 2.117647081613540649e-01 8.235294222831726074e-01 2.117647081613540649e-01
6.078431606292724609e-01 5.568627715110778809e-01 4.862745106220245361e-01 5.568627715110778809e-01
4.862745106220245361e-01 5.568627715110778809e-01 4.862745106220245361e-01 6.784313917160034180e-01
4.862745106220245361e-01 6.784313917160034180e-01 4.862745106220245361e-01 7.372549176216125488e-01
4.862745106220245361e-01 7.372549176216125488e-01 6.078431606292724609e-01 7.372549176216125488e-01
6.078431606292724609e-01 7.372549176216125488e-01 7.098039388656616211e-01 7.372549176216125488e-01
7.098039388656616211e-01 7.372549176216125488e-01 7.098039388656616211e-01 5.568627715110778809e-01
7.098039388656616211e-01 5.568627715110778809e-01 6.078431606292724609e-01 5.568627715110778809e-01
6.078431606292724609e-01 5.568627715110778809e-01 6.078431606292724609e-01 5.568627715110778809e-01
6.078431606292724609e-01 4.823529422283172607e-01 6.078431606292724609e-01 2.549019753932952881e-01
6.078431606292724609e-01 2.549019753932952881e-01 4.117647111415863037e-01 2.549019753932952881e-01
4.117647111415863037e-01 2.549019753932952881e-01 4.117647111415863037e-01 4.823529422283172607e-01
4.117647111415863037e-01 4.823529422283172607e-01 6.078431606292724609e-01 4.823529422283172607e-01
6.078431606292724609e-01 4.823529422283172607e-01 6.078431606292724609e-01 4.823529422283172607e-01
3.960784375667572021e-01 5.568627715110778809e-01 4.862745106220245361e-01 5.568627715110778809e-01
4.862745106220245361e-01 5.568627715110778809e-01 6.078431606292724609e-01 5.568627715110778809e-01
6.078431606292724609e-01 5.568627715110778809e-01 6.078431606292724609e-01 4.823529422283172607e-01
6.078431606292724609e-01 4.823529422283172607e-01 4.117647111415863037e-01 4.823529422283172607e-01
4.117647111415863037e-01 4.823529422283172607e-01 4.117647111415863037e-01 2.549019753932952881e-01
4.117647111415863037e-01 2.549019753932952881e-01 1.764705926179885864e-01 2.549019753932952881e-01
1.764705926179885864e-01 2.549019753932952881e-01 1.764705926179885864e-01 7.372549176216125488e-01
1.764705926179885864e-01 7.372549176216125488e-01 2.784313857555389404e-01 7.372549176216125488e-01
2.784313857555389404e-01 7.372549176216125488e-01 2.784313857555389404e-01 6.784313917160034180e-01
2.784313857555389404e-01 6.784313917160034180e-01 3.960784375667572021e-01 6.784313917160034180e-01
3.960784375667572021e-01 6.784313917160034180e-01 3.960784375667572021e-01 5.568627715110778809e-01
3.960784375667572021e-01 5.568627715110778809e-01 3.960784375667572021e-01 5.568627715110778809e-01
1.764705926179885864e-01 2.549019753932952881e-01 4.117647111415863037e-01 2.549019753932952881e-01
4.117647111415863037e-01 2.549019753932952881e-01 4.117647111415863037e-01 2.117647081613540649e-01
4.117647111415863037e-01 2.117647081613540649e-01 4.117647111415863037e-01 1.725490242242813110e-01
4.117647111415863037e-01 1.725490242242813110e-01 1.764705926179885864e-01 1.725490242242813110e-01
1.764705926179885864e-01 1.725490242242813110e-01 1.764705926179885864e-01 2.549019753932952881e-01
1.764705926179885864e-01 2.549019753932952881e-01 1.764705926179885864e-01 2.549019753932952881e-01
6.078431606292724609e-01 2.117647081613540649e-01 4.117647111415863037e-01 2.117647081613540649e-01
4.117647111415863037e-01 2.117647081613540649e-01 4.117647111415863037e-01 2.549019753932952881e-01
4.117647111415863037e-01 2.549019753932952881e-01 6.078431606292724609e-01 2.549019753932952881e-01
6.078431606292724609e-01 2.549019753932952881e-01 6.078431606292724609e-01 2.117647081613540649e-01
6.078431606292724609e-01 2.117647081613540649e-01 6.078431606292724609e-01 2.117647081613540649e-01
