6.000000238418579102e-01 5.058823823928833008e-01 4.745098054409027100e-01 5.058823823928833008e-01
4.745098054409027100e-01 5.058823823928833008e-01 4.745098054409027100e-01 6.588235497474670410e-01
4.745098054409027100e-01 6.588235497474670410e-01 5.529412031173706055e-01 6.588235497474670410e-01
5.529412031173706055e-01 6.588235497474670410e-01 6.000000238418579102e-01 6.588235497474670410e-01
6.000000238418579102e-01 6.588235497474670410e-01 6.000000238418579102e-01 5.058823823928833008e-01
6.000000238418579102e-01 5.058823823928833008e-01 6.000000238418579102e-01 5.058823823928833008e-01
4.039215743541717529e-01 6.588235497474670410e-01 4.039215743541717529e-01 7.176470756530761719e-01
4.039215743541717529e-01 7.176470756530761719e-01 4.745098054409027100e-01 7.176470756530761719e-01
4.745098054409027100e-01 7.176470756530761719e-01 4.745098054409027100e-01 7.607843279838562012e-01
4.745098054409027100e-01 7.607843279838562012e-01 5.529412031173706055e-01 7.607843279838562012e-01
5.529412031173706055e-01 7.607843279838562012e-01 5.529412031173706055e-01 7.176470756530761719e-01
5.529412031173706055e-01 7.176470756530761719e-01 5.529412031173706055e-01 6.588235497474670410e-01
5.529412031173706055e-01 6.588235497474670410e-01 4.745098054409027100e-01 6.588235497474670410e-01
4.745098054409027100e-01 6.588235497474670410e-01 4.039215743541717529e-01 6.588235497474670410e-01
4.039215743541717529e-01 6.588235497474670410e-01 4.039215743541717529e-01 6.588235497474670410e-01
4.039215743541717529e-01 2.784313857555389404e-01 2.274509817361831665e-01 2.784313857555389404e-01
2.274509817361831665e-01 2.784313857555389404e-01 2.274509817361831665e-01 5.058823823928833008e-01
2.274509817361831665e-01 5.058823823928833008e-01 3.019607961177825928e-01 5.058823823928833008e-01
3.019607961177825928e-01 5.058823823928833008e-01 4.039215743541717529e-01 5.058823823928833008e-01
4.039215743541717529e-01 5.058823823928833008e-01 4.039215743541717529e-01 4.352941215038299561e-01
4.039215743541717529e-01 4.352941215038299561e-01 4.039215743541717529e-01 2.784313857555389404e-01
4.039215743541717529e-01 2.784313857555389404e-01 4.039215743541717529e-01 2.784313857555389404e-01
5.725490450859069824e-01 2.784313857555389404e-01 5.725490450859069824e-01 2.431372553110122681e-01
5.725490450859069824e-01 2.431372553110122681e-01 4.039215743541717529e-01 2.431372553110122681e-01
4.039215743541717529e-01 2.431372553110122681e-01 4.039215743541717529e-01 2.784313857555389404e-01
4.039215743541717529e-01 2.784313857555389404e-01 4.039215743541717529e-01 4.352941215038299561e-01
4.039215743541717529e-01 4.352941215038299561e-01 5.725490450859069824e-01 4.352941215038299561e-01
5.725490450859069824e-01 4.352941215038299561e-01 5.725490450859069824e-01 2.784313857555389404e-01
5.725490450859069824e-01 2.784313857555389404e-01 5.725490450859069824e-01 2.784313857555389404e-01
4.039215743541717529e-01 5.058823823928833008e-01 3.019607961177825928e-01 5.058823823928833008e-01
3.019607961177825928e-01 5.058823823928833008e-01 3.019607961177825928e-01 6.588235497474670410e-01
3.019607961177825928e-01 6.588235497474670410e-01 4.039215743541717529e-01 6.588235497474670410e-01
4.039215743541717529e-01 6.588235497474670410e-01 4.745098054409027100e-01 6.588235497474670410e-01
4.745098054409027100e-01 6.588235497474670410e-01 4.745098054409027100e-01 5.058823823928833008e-01
4.745098054409027100e-01 5.058823823928833008e-01 4.039215743541717529e-01 5.058823823928833008e-01
4.039215743541717529e-01 5.058823823928833008e-01 4.039215743541717529e-01 5.058823823928833008e-01
4.039215743541717529e-01 5.058823823928833008e-01 4.745098054409027100e-01 5.058823823928833008e-01
4.745098054409027100e-01 5.058823823928833008e-01 6.000000238418579102e-01 5.058823823928833008e-01
6.000000238418579102e-01 5.058823823928833008e-01 6.000000238418579102e-01 6.588235497474670410e-01
6.000000238418579102e-01 6.588235497474670410e-01 6.941176652908325195e-01 6.588235497474670410e-01
6.941176652908325195e-01 6.588235497474670410e-01 6.941176652908325195e-01 7.176470756530761719e-01
6.941176652908325195e-01 7.176470756530761719e-01 7.725490331649780273e-01 7.176470756530761719e-01
7.725490331649780273e-01 7.176470756530761719e-01 7.725490331649780273e-01 2.431372553110122681e-01
7.725490331649780273e-01 2.431372553110122681e-01 5.725490450859069824e-01 2.431372553110122681e-01
5.725490450859069824e-01 2.431372553110122681e-01 5.725490450859069824e-01 2.784313857555389404e-01
5.725490450859069824e-01 2.784313857555389404e-01 5.725490450859069824e-01 4.352941215038299561e-01
5.725490450859069824e-01 4.352941215038299561e-01 4.039215743541717529e-01 4.352941215038299561e-01
4.039215743541717529e-01 4.352941215038299561e-01 4.039215743541717529e-01 5.058823823928833008e-01
4.039215743541717529e-01 5.058823823928833008e-01 4.039215743541717529e-01 5.058823823928833008e-01
6.000000238418579102e-01 6.588235497474670410e-01 5.529412031173706055e-01 6.588235497474670410e-01
5.529412031173706055e-01 6.588235497474670410e-01 5.529412031173706055e-01 7.176470756530761719e-01
5.529412031173706055e-01 7.176470756530761719e-01 5.529412031173706055e-01 7.607843279838562012e-01
5.529412031173706055e-01 7.607843279838562012e-01 6.941176652908325195e-01 7.607843279838562012e-01
6.941176652908325195e-01 7.607843279838562012e-01 6.941176652908325195e-01 7.176470756530761719e-01
6.941176652908325195e-01 7.176470756530761719e-01 6.941176652908325195e-01 6.588235497474670410e-01
6.941176652908325195e-01 6.588235497474670410e-01 6.000000238418579102e-01 6.588235497474670410e-01
6.000000238418579102e-01 6.588235497474670410e-01 6.000000238418579102e-01 6.588235497474670410e-01
