5.803921818733215332e-01 3.058823645114898682e-01 4.745098054409027100e-01 3.058823645114898682e-01
4.745098054409027100e-01 3.058823645114898682e-01 4.745098054409027100e-01 4.549019634723663330e-01
4.745098054409027100e-01 4.549019634723663330e-01 5.803921818733215332e-01 4.549019634723663330e-01
5.803921818733215332e-01 4.549019634723663330e-01 5.803921818733215332e-01 3.058823645114898682e-01
5.803921818733215332e-01 3.058823645114898682e-01 5.803921818733215332e-01 3.058823645114898682e-01
3.254902064800262451e-01 4.549019634723663330e-01 3.254902064800262451e-01 4.196078479290008545e-01
3.254902064800262451e-01 4.196078479290008545e-01 2.196078449487686157e-01 4.196078479290008545e-01
2.196078449487686157e-01 4.196078479290008545e-01 2.196078449487686157e-01 4.549019634723663330e-01
2.196078449487686157e-01 4.549019634723663330e-01 2.196078449487686157e-01 5.294117927551269531e-01
2.196078449487686157e-01 5.294117927551269531e-01 3.254902064800262451e-01 5.294117927551269531e-01
3.254902064800262451e-01 5.294117927551269531e-01 3.254902064800262451e-01 4.549019634723663330e-01
3.254902064800262451e-01 4.549019634723663330e-01 3.254902064800262451e-01 4.549019634723663330e-01
4.039215743541717529e-01 3.058823645114898682e-01 4.745098054409027100e-01 3.058823645114898682e-01
4.745098054409027100e-01 3.058823645114898682e-01 5.803921818733215332e-01 3.058823645114898682e-01
5.803921818733215332e-01 3.058823645114898682e-01 6.901960968971252441e-01 3.058823645114898682e-01
6.901960968971252441e-01 3.058823645114898682e-01 6.901960968971252441e-01 2.196078449487686157e-01
6.901960968971252441e-01 2.196078449487686157e-01 4.745098054409027100e-01 2.196078449487686157e-01
4.745098054409027100e-01 2.196078449487686157e-01 4.039215743541717529e-01 2.196078449487686157e-01
4.039215743541717529e-01 2.196078449487686157e-01 4.039215743541717529e-01 3.058823645114898682e-01
4.039215743541717529e-01 3.058823645114898682e-01 4.039215743541717529e-01 3.058823645114898682e-01
4.039215743541717529e-01 4.549019634723663330e-01 3.254902064800262451e-01 4.549019634723663330e-01
3.254902064800262451e-01 4.549019634723663330e-01 3.254902064800262451e-01 5.294117927551269531e-01
3.254902064800262451e-01 5.294117927551269531e-01 2.196078449487686157e-01 5.294117927551269531e-01
2.196078449487686157e-01 5.294117927551269531e-01 2.196078449487686157e-01 7.725490331649780273e-01
2.196078449487686157e-01 7.725490331649780273e-01 4.039215743541717529e-01 7.725490331649780273e-01
4.039215743541717529e-01 7.725490331649780273e-01 4.039215743541717529e-01 7.019608020782470703e-01
4.039215743541717529e-01 7.019608020782470703e-01 4.039215743541717529e-01 5.333333611488342285e-01
4.039215743541717529e-01 5.333333611488342285e-01 4.039215743541717529e-01 4.549019634723663330e-01
4.039215743541717529e-01 4.549019634723663330e-01 4.039215743541717529e-01 4.549019634723663330e-01
4.039215743541717529e-01 7.019608020782470703e-01 5.803921818733215332e-01 7.019608020782470703e-01
5.803921818733215332e-01 7.019608020782470703e-01 5.803921818733215332e-01 5.333333611488342285e-01
5.803921818733215332e-01 5.333333611488342285e-01 4.039215743541717529e-01 5.333333611488342285e-01
4.039215743541717529e-01 5.333333611488342285e-01 4.039215743541717529e-01 7.019608020782470703e-01
4.039215743541717529e-01 7.019608020782470703e-01 4.039215743541717529e-01 7.019608020782470703e-01
6.901960968971252441e-01 3.058823645114898682e-01 5.803921818733215332e-01 3.058823645114898682e-01
5.803921818733215332e-01 3.058823645114898682e-01 5.803921818733215332e-01 4.549019634723663330e-01
5.803921818733215332e-01 4.549019634723663330e-01 4.745098054409027100e-01 4.549019634723663330e-01
4.745098054409027100e-01 4.549019634723663330e-01 4.039215743541717529e-01 4.549019634723663330e-01
4.039215743541717529e-01 4.549019634723663330e-01 4.039215743541717529e-01 5.333333611488342285e-01
4.039215743541717529e-01 5.333333611488342285e-01 5.803921818733215332e-01 5.333333611488342285e-01
5.803921818733215332e-01 5.333333611488342285e-01 5.803921818733215332e-01 7.019608020782470703e-01
5.803921818733215332e-01 7.019608020782470703e-01 7.843137383460998535e-01 7.019608020782470703e-01
7.843137383460998535e-01 7.019608020782470703e-01 7.843137383460998535e-01 2.196078449487686157e-01
7.843137383460998535e-01 2.196078449487686157e-01 6.901960968971252441e-01 2.196078449487686157e-01
6.901960968971252441e-01 2.196078449487686157e-01 6.901960968971252441e-01 3.058823645114898682e-01
6.901960968971252441e-01 3.058823645114898682e-01 6.901960968971252441e-01 3.058823645114898682e-01
7.843137383460998535e-01 7.019608020782470703e-01 5.803921818733215332e-01 7.019608020782470703e-01
5.803921818733215332e-01 7.019608020782470703e-01 5.803921818733215332e-01 7.882353067398071289e-01
5.803921818733215332e-01 7.882353067398071289e-01 7.843137383460998535e-01 7.882353067398071289e-01
7.843137383460998535e-01 7.882353067398071289e-01 7.843137383460998535e-01 7.019608020782470703e-01
7.843137383460998535e-01 7.019608020782470703e-01 7.843137383460998535e-01 7.019608020782470703e-01
4.039215743541717529e-01 3.058823645114898682e-01 3.254902064800262451e-01 3.058823645114898682e-01
3.254902064800262451e-01 3.058823645114898682e-01 3.254902064800262451e-01 4.196078479290008545e-01
3.254902064800262451e-01 4.196078479290008545e-01 3.254902064800262451e-01 4.549019634723663330e-01
3.254902064800262451e-01 4.549019634723663330e-01 4.039215743541717529e-01 4.549019634723663330e-01
4.039215743541717529e-01 4.549019634723663330e-01 4.745098054409027100e-01 4.549019634723663330e-01
4.745098054409027100e-01 4.549019634723663330e-01 4.745098054409027100e-01 3.058823645114898682e-01
4.745098054409027100e-01 3.058823645114898682e-01 4.039215743541717529e-01 3.058823645114898682e-01
4.039215743541717529e-01 3.058823645114898682e-01 4.039215743541717529e-01 3.058823645114898682e-01
