5.215686559677124023e-01 6.078431606292724609e-01 4.117647111415863037e-01 6.078431606292724609e-01
4.117647111415863037e-01 6.078431606292724609e-01 4.117647111415863037e-01 7.372549176216125488e-01
4.117647111415863037e-01 7.372549176216125488e-01 5.215686559677124023e-01 7.372549176216125488e-01
5.215686559677124023e-01 7.372549176216125488e-01 5.215686559677124023e-01 6.078431606292724609e-01
5.215686559677124023e-01 6.078431606292724609e-01 5.215686559677124023e-01 6.078431606292724609e-01
4.117647111415863037e-01 3.411764800548553467e-01 4.117647111415863037e-01 4.666666686534881592e-01
4.117647111415863037e-01 4.666666686534881592e-01 4.117647111415863037e-01 5.372549295425415039e-01
4.117647111415863037e-01 5.372549295425415039e-01 5.254902243614196777e-01 5.372549295425415039e-01
5.254902243614196777e-01 5.372549295425415039e-01 5.254902243614196777e-01 4.666666686534881592e-01
5.254902243614196777e-01 4.666666686534881592e-01 5.254902243614196777e-01 3.411764800548553467e-01
5.254902243614196777e-01 3.411764800548553467e-01 4.117647111415863037e-01 3.411764800548553467e-01
4.117647111415863037e-01 3.411764800548553467e-01 4.117647111415863037e-01 3.411764800548553467e-01
4.117647111415863037e-01 4.666666686534881592e-01 4.117647111415863037e-01 3.411764800548553467e-01
4.117647111415863037e-01 3.411764800548553467e-01 1.607843190431594849e-01 3.411764800548553467e-01
1.607843190431594849e-01 3.411764800548553467e-01 1.607843190431594849e-01 5.372549295425415039e-01
1.607843190431594849e-01 5.372549295425415039e-01 4.117647111415863037e-01 5.372549295425415039e-01
4.117647111415863037e-01 5.372549295425415039e-01 4.117647111415863037e-01 4.666666686534881592e-01
4.117647111415863037e-01 4.666666686534881592e-01 4.117647111415863037e-01 4.666666686534881592e-01
1.607843190431594849e-01 7.372549176216125488e-01 4.117647111415863037e-01 7.372549176216125488e-01
4.117647111415863037e-01 7.372549176216125488e-01 4.117647111415863037e-01 6.078431606292724609e-01
4.117647111415863037e-01 6.078431606292724609e-01 4.117647111415863037e-01 5.372549295425415039e-01
4.117647111415863037e-01 5.372549295425415039e-01 1.607843190431594849e-01 5.372549295425415039e-01
1.607843190431594849e-01 5.372549295425415039e-01 1.607843190431594849e-01 7.372549176216125488e-01
1.607843190431594849e-01 7.372549176216125488e-01 1.607843190431594849e-01 7.372549176216125488e-01
4.117647111415863037e-01 6.078431606292724609e-01 5.215686559677124023e-01 6.078431606292724609e-01
5.215686559677124023e-01 6.078431606292724609e-01 5.215686559677124023e-01 7.372549176216125488e-01
5.215686559677124023e-01 7.372549176216125488e-01 9.098039269447326660e-01 7.372549176216125488e-01
9.098039269447326660e-01 7.372549176216125488e-01 9.098039269447326660e-01 3.411764800548553467e-01
9.098039269447326660e-01 3.411764800548553467e-01 7.960784435272216797e-01 3.411764800548553467e-01
7.960784435272216797e-01 3.411764800548553467e-01 5.254902243614196777e-01 3.411764800548553467e-01
5.254902243614196777e-01 3.411764800548553467e-01 5.254902243614196777e-01 4.666666686534881592e-01
5.254902243614196777e-01 4.666666686534881592e-01 5.254902243614196777e-01 5.372549295425415039e-01
5.254902243614196777e-01 5.372549295425415039e-01 4.117647111415863037e-01 5.372549295425415039e-01
4.117647111415863037e-01 5.372549295425415039e-01 4.117647111415863037e-01 6.078431606292724609e-01
4.117647111415863037e-01 6.078431606292724609e-01 4.117647111415863037e-01 6.078431606292724609e-01
4.117647111415863037e-01 2.666666805744171143e-01 4.117647111415863037e-01 3.411764800548553467e-01
4.117647111415863037e-01 3.411764800548553467e-01 5.254902243614196777e-01 3.411764800548553467e-01
5.254902243614196777e-01 3.411764800548553467e-01 7.960784435272216797e-01 3.411764800548553467e-01
7.960784435272216797e-01 3.411764800548553467e-01 7.960784435272216797e-01 2.666666805744171143e-01
7.960784435272216797e-01 2.666666805744171143e-01 4.117647111415863037e-01 2.666666805744171143e-01
4.117647111415863037e-01 2.666666805744171143e-01 4.117647111415863037e-01 2.666666805744171143e-01
9.411764889955520630e-02 7.372549176216125488e-01 1.607843190431594849e-01 7.372549176216125488e-01
1.607843190431594849e-01 7.372549176216125488e-01 1.607843190431594849e-01 5.372549295425415039e-01
1.607843190431594849e-01 5.372549295425415039e-01 9.411764889955520630e-02 5.372549295425415039e-01
9.411764889955520630e-02 5.372549295425415039e-01 9.411764889955520630e-02 7.372549176216125488e-01
9.411764889955520630e-02 7.372549176216125488e-01 9.411764889955520630e-02 7.372549176216125488e-01
