6.470588445663452148e-01 5.137255191802978516e-01 4.392156898975372314e-01 5.137255191802978516e-01
4.392156898975372314e-01 5.137255191802978516e-01 4.392156898975372314e-01 5.725490450859069824e-01
4.392156898975372314e-01 5.725490450859069824e-01 4.392156898975372314e-01 6.901960968971252441e-01
4.392156898975372314e-01 6.901960968971252441e-01 6.470588445663452148e-01 6.901960968971252441e-01
6.470588445663452148e-01 6.901960968971252441e-01 6.470588445663452148e-01 5.725490450859069824e-01
6.470588445663452148e-01 5.725490450859069824e-01 6.470588445663452148e-01 5.137255191802978516e-01
6.470588445663452148e-01 5.137255191802978516e-01 6.470588445663452148e-01 5.137255191802978516e-01
7.176470756530761719e-01 5.137255191802978516e-01 8.039215803146362305e-01 5.137255191802978516e-01
8.039215803146362305e-01 5.137255191802978516e-01 8.039215803146362305e-01 3.137255012989044189e-01
8.039215803146362305e-01 3.137255012989044189e-01 7.176470756530761719e-01 3.137255012989044189e-01
7.176470756530761719e-01 3.137255012989044189e-01 7.176470756530761719e-01 5.137255191802978516e-01
7.176470756530761719e-01 5.137255191802978516e-01 7.176470756530761719e-01 5.137255191802978516e-01
7.176470756530761719e-01 5.137255191802978516e-01 6.470588445663452148e-01 5.137255191802978516e-01
6.470588445663452148e-01 5.137255191802978516e-01 6.470588445663452148e-01 5.725490450859069824e-01
6.470588445663452148e-01 5.725490450859069824e-01 6.470588445663452148e-01 6.901960968971252441e-01
6.470588445663452148e-01 6.901960968971252441e-01 9.058823585510253906e-01 6.901960968971252441e-01
9.058823585510253906e-01 6.901960968971252441e-01 9.058823585510253906e-01 5.137255191802978516e-01
9.058823585510253906e-01 5.137255191802978516e-01 8.039215803146362305e-01 5.137255191802978516e-01
8.039215803146362305e-01 5.137255191802978516e-01 7.176470756530761719e-01 5.137255191802978516e-01
7.176470756530761719e-01 5.137255191802978516e-01 7.176470756530761719e-01 5.137255191802978516e-01
3.372549116611480713e-01 3.137255012989044189e-01 9.803921729326248169e-02 3.137255012989044189e-01
9.803921729326248169e-02 3.137255012989044189e-01 9.803921729326248169e-02 4.941176474094390869e-01
9.803921729326248169e-02 4.941176474094390869e-01 1.843137294054031372e-01 4.941176474094390869e-01
1.843137294054031372e-01 4.941176474094390869e-01 3.372549116611480713e-01 4.941176474094390869e-01
3.372549116611480713e-01 4.941176474094390869e-01 3.372549116611480713e-01 3.137255012989044189e-01
3.372549116611480713e-01 3.137255012989044189e-01 3.372549116611480713e-01 3.137255012989044189e-01
4.392156898975372314e-01 5.137255191802978516e-01 6.470588445663452148e-01 5.137255191802978516e-01
6.470588445663452148e-01 5.137255191802978516e-01 7.176470756530761719e-01 5.137255191802978516e-01
7.176470756530761719e-01 5.137255191802978516e-01 7.176470756530761719e-01 3.137255012989044189e-01
7.176470756530761719e-01 3.137255012989044189e-01 3.372549116611480713e-01 3.137255012989044189e-01
3.372549116611480713e-01 3.137255012989044189e-01 3.372549116611480713e-01 4.941176474094390869e-01
3.372549116611480713e-01 4.941176474094390869e-01 3.372549116611480713e-01 5.725490450859069824e-01
3.372549116611480713e-01 5.725490450859069824e-01 4.392156898975372314e-01 5.725490450859069824e-01
4.392156898975372314e-01 5.725490450859069824e-01 4.392156898975372314e-01 5.137255191802978516e-01
4.392156898975372314e-01 5.137255191802978516e-01 4.392156898975372314e-01 5.137255191802978516e-01
3.372549116611480713e-01 4.941176474094390869e-01 1.843137294054031372e-01 4.941176474094390869e-01
1.843137294054031372e-01 4.941176474094390869e-01 1.843137294054031372e-01 6.196078658103942871e-01
1.843137294054031372e-01 6.196078658103942871e-01 3.372549116611480713e-01 6.196078658103942871e-01
3.372549116611480713e-01 6.196078658103942871e-01 3.372549116611480713e-01 5.725490450859069824e-01
3.372549116611480713e-01 5.725490450859069824e-01 3.372549116611480713e-01 4.941176474094390869e-01
3.372549116611480713e-01 4.941176474094390869e-01 3.372549116611480713e-01 4.941176474094390869e-01
1.843137294054031372e-01 4.941176474094390869e-01 9.803921729326248169e-02 4.941176474094390869e-01
9.803921729326248169e-02 4.941176474094390869e-01 9.803921729326248169e-02 6.196078658103942871e-01
9.803921729326248169e-02 6.196078658103942871e-01 1.843137294054031372e-01 6.196078658103942871e-01
1.843137294054031372e-01 6.196078658103942871e-01 1.843137294054031372e-01 4.941176474094390869e-01
1.843137294054031372e-01 4.941176474094390869e-01 1.843137294054031372e-01 4.941176474094390869e-01
