5.882353186607360840e-01 2.509804069995880127e-01 4.627451002597808838e-01 2.509804069995880127e-01
4.627451002597808838e-01 2.509804069995880127e-01 4.627451002597808838e-01 3.058823645114898682e-01
4.627451002597808838e-01 3.058823645114898682e-01 4.627451002597808838e-01 4.509803950786590576e-01
4.627451002597808838e-01 4.509803950786590576e-01 5.882353186607360840e-01 4.509803950786590576e-01
5.882353186607360840e-01 4.509803950786590576e-01 5.882353186607360840e-01 3.058823645114898682e-01
5.882353186607360840e-01 3.058823645114898682e-01 5.882353186607360840e-01 2.509804069995880127e-01
5.882353186607360840e-01 2.509804069995880127e-01 5.882353186607360840e-01 2.509804069995880127e-01
4.274509847164154053e-01 4.509803950786590576e-01 4.627451002597808838e-01 4.509803950786590576e-01
4.627451002597808838e-01 4.509803950786590576e-01 4.627451002597808838e-01 3.058823645114898682e-01
4.627451002597808838e-01 3.058823645114898682e-01 2.862745225429534912e-01 3.058823645114898682e-01
2.862745225429534912e-01 3.058823645114898682e-01 2.117647081613540649e-01 3.058823645114898682e-01
2.117647081613540649e-01 3.058823645114898682e-01 2.117647081613540649e-01 8.039215803146362305e-01
2.117647081613540649e-01 8.039215803146362305e-01 4.274509847164154053e-01 8.039215803146362305e-01
4.274509847164154053e-01 8.039215803146362305e-01 4.274509847164154053e-01 7.686274647712707520e-01
4.274509847164154053e-01 7.686274647712707520e-01 4.274509847164154053e-01 4.509803950786590576e-01
4.274509847164154053e-01 4.509803950786590576e-01 4.274509847164154053e-01 4.509803950786590576e-01
7.882353067398071289e-01 2.509804069995880127e-01 5.882353186607360840e-01 2.509804069995880127e-01
5.882353186607360840e-01 2.509804069995880127e-01 5.882353186607360840e-01 3.058823645114898682e-01
5.882353186607360840e-01 3.058823645114898682e-01 5.882353186607360840e-01 4.509803950786590576e-01
5.882353186607360840e-01 4.509803950786590576e-01 6.627451181411743164e-01 4.509803950786590576e-01
6.627451181411743164e-01 4.509803950786590576e-01 7.882353067398071289e-01 4.509803950786590576e-01
7.882353067398071289e-01 4.509803950786590576e-01 7.882353067398071289e-01 2.509804069995880127e-01
7.882353067398071289e-01 2.509804069995880127e-01 7.882353067398071289e-01 2.509804069995880127e-01
4.627451002597808838e-01 4.509803950786590576e-01 4.274509847164154053e-01 4.509803950786590576e-01
4.274509847164154053e-01 4.509803950786590576e-01 4.274509847164154053e-01 7.686274647712707520e-01
4.274509847164154053e-01 7.686274647712707520e-01 4.274509847164154053e-01 8.039215803146362305e-01
4.274509847164154053e-01 8.039215803146362305e-01 6.627451181411743164e-01 8.039215803146362305e-01
6.627451181411743164e-01 8.039215803146362305e-01 6.627451181411743164e-01 7.686274647712707520e-01
6.627451181411743164e-01 7.686274647712707520e-01 7.882353067398071289e-01 7.686274647712707520e-01
7.882353067398071289e-01 7.686274647712707520e-01 7.882353067398071289e-01 4.509803950786590576e-01
7.882353067398071289e-01 4.509803950786590576e-01 6.627451181411743164e-01 4.509803950786590576e-01
6.627451181411743164e-01 4.509803950786590576e-01 5.882353186607360840e-01 4.509803950786590576e-01
5.882353186607360840e-01 4.509803950786590576e-01 4.627451002597808838e-01 4.509803950786590576e-01
4.627451002597808838e-01 4.509803950786590576e-01 4.627451002597808838e-01 4.509803950786590576e-01
4.627451002597808838e-01 2.509804069995880127e-01 4.627451002597808838e-01 1.960784345865249634e-01
4.627451002597808838e-01 1.960784345865249634e-01 2.862745225429534912e-01 1.960784345865249634e-01
2.862745225429534912e-01 1.960784345865249634e-01 2.862745225429534912e-01 3.058823645114898682e-01
2.862745225429534912e-01 3.058823645114898682e-01 4.627451002597808838e-01 3.058823645114898682e-01
4.627451002597808838e-01 3.058823645114898682e-01 4.627451002597808838e-01 2.509804069995880127e-01
4.627451002597808838e-01 2.509804069995880127e-01 4.627451002597808838e-01 2.509804069995880127e-01
