6.823529601097106934e-01 5.372549295425415039e-01 5.686274766921997070e-01 5.372549295425415039e-01
5.686274766921997070e-01 5.372549295425415039e-01 5.686274766921997070e-01 6.392157077789306641e-01
5.686274766921997070e-01 6.392157077789306641e-01 7.607843279838562012e-01 6.392157077789306641e-01
7.607843279838562012e-01 6.392157077789306641e-01 7.607843279838562012e-01 5.372549295425415039e-01
7.607843279838562012e-01 5.372549295425415039e-01 6.823529601097106934e-01 5.372549295425415039e-01
6.823529601097106934e-01 5.372549295425415039e-01 6.823529601097106934e-01 5.372549295425415039e-01
3.098039329051971436e-01 3.411764800548553467e-01 4.588235318660736084e-01 3.411764800548553467e-01
4.588235318660736084e-01 3.411764800548553467e-01 4.588235318660736084e-01 2.549019753932952881e-01
4.588235318660736084e-01 2.549019753932952881e-01 3.098039329051971436e-01 2.549019753932952881e-01
3.098039329051971436e-01 2.549019753932952881e-01 3.098039329051971436e-01 3.411764800548553467e-01
3.098039329051971436e-01 3.411764800548553467e-01 3.098039329051971436e-01 3.411764800548553467e-01
5.686274766921997070e-01 3.411764800548553467e-01 4.980392158031463623e-01 3.411764800548553467e-01
4.980392158031463623e-01 3.411764800548553467e-01 4.980392158031463623e-01 5.372549295425415039e-01
4.980392158031463623e-01 5.372549295425415039e-01 5.686274766921997070e-01 5.372549295425415039e-01
5.686274766921997070e-01 5.372549295425415039e-01 6.823529601097106934e-01 5.372549295425415039e-01
6.823529601097106934e-01 5.372549295425415039e-01 6.823529601097106934e-01 3.411764800548553467e-01
6.823529601097106934e-01 3.411764800548553467e-01 5.686274766921997070e-01 3.411764800548553467e-01
5.686274766921997070e-01 3.411764800548553467e-01 5.686274766921997070e-01 3.411764800548553467e-01
3.098039329051971436e-01 5.372549295425415039e-01 2.431372553110122681e-01 5.372549295425415039e-01
2.431372553110122681e-01 5.372549295425415039e-01 2.431372553110122681e-01 7.490196228027343750e-01
2.431372553110122681e-01 7.490196228027343750e-01 3.098039329051971436e-01 7.490196228027343750e-01
3.098039329051971436e-01 7.490196228027343750e-01 4.000000059604644775e-01 7.490196228027343750e-01
4.000000059604644775e-01 7.490196228027343750e-01 4.000000059604644775e-01 5.372549295425415039e-01
4.000000059604644775e-01 5.372549295425415039e-01 3.098039329051971436e-01 5.372549295425415039e-01
3.098039329051971436e-01 5.372549295425415039e-01 3.098039329051971436e-01 5.372549295425415039e-01
4.588235318660736084e-01 3.411764800548553467e-01 3.098039329051971436e-01 3.411764800548553467e-01
3.098039329051971436e-01 3.411764800548553467e-01 3.098039329051971436e-01 5.372549295425415039e-01
3.098039329051971436e-01 5.372549295425415039e-01 4.000000059604644775e-01 5.372549295425415039e-01
4.000000059604644775e-01 5.372549295425415039e-01 4.000000059604644775e-01 7.490196228027343750e-01
4.000000059604644775e-01 7.490196228027343750e-01 5.686274766921997070e-01 7.490196228027343750e-01
5.686274766921997070e-01 7.490196228027343750e-01 5.686274766921997070e-01 6.392157077789306641e-01
5.686274766921997070e-01 6.392157077789306641e-01 5.686274766921997070e-01 5.372549295425415039e-01
5.686274766921997070e-01 5.372549295425415039e-01 4.980392158031463623e-01 5.372549295425415039e-01
4.980392158031463623e-01 5.372549295425415039e-01 4.980392158031463623e-01 3.411764800548553467e-01
4.980392158031463623e-01 3.411764800548553467e-01 4.588235318660736084e-01 3.411764800548553467e-01
4.588235318660736084e-01 3.411764800548553467e-01 4.588235318660736084e-01 3.411764800548553467e-01
5.686274766921997070e-01 7.490196228027343750e-01 7.607843279838562012e-01 7.490196228027343750e-01
7.607843279838562012e-01 7.490196228027343750e-01 7.607843279838562012e-01 6.392157077789306641e-01
7.607843279838562012e-01 6.392157077789306641e-01 5.686274766921997070e-01 6.392157077789306641e-01
5.686274766921997070e-01 6.392157077789306641e-01 5.686274766921997070e-01 7.490196228027343750e-01
5.686274766921997070e-01 7.490196228027343750e-01 5.686274766921997070e-01 7.490196228027343750e-01
