7.568627595901489258e-01 4.470588266849517822e-01 6.627451181411743164e-01 4.470588266849517822e-01
6.627451181411743164e-01 4.470588266849517822e-01 6.627451181411743164e-01 5.490196347236633301e-01
6.627451181411743164e-01 5.490196347236633301e-01 7.568627595901489258e-01 5.490196347236633301e-01
7.568627595901489258e-01 5.490196347236633301e-01 7.568627595901489258e-01 4.470588266849517822e-01
7.568627595901489258e-01 4.470588266849517822e-01 7.568627595901489258e-01 4.470588266849517822e-01
6.627451181411743164e-01 4.470588266849517822e-01 7.568627595901489258e-01 4.470588266849517822e-01
7.568627595901489258e-01 4.470588266849517822e-01 7.568627595901489258e-01 3.372549116611480713e-01
7.568627595901489258e-01 3.372549116611480713e-01 7.098039388656616211e-01 3.372549116611480713e-01
7.098039388656616211e-01 3.372549116611480713e-01 6.627451181411743164e-01 3.372549116611480713e-01
6.627451181411743164e-01 3.372549116611480713e-01 6.627451181411743164e-01 4.470588266849517822e-01
6.627451181411743164e-01 4.470588266849517822e-01 6.627451181411743164e-01 4.470588266849517822e-01
5.647059082984924316e-01 4.470588266849517822e-01 6.627451181411743164e-01 4.470588266849517822e-01
6.627451181411743164e-01 4.470588266849517822e-01 6.627451181411743164e-01 3.372549116611480713e-01
6.627451181411743164e-01 3.372549116611480713e-01 5.647059082984924316e-01 3.372549116611480713e-01
5.647059082984924316e-01 3.372549116611480713e-01 5.647059082984924316e-01 4.470588266849517822e-01
5.647059082984924316e-01 4.470588266849517822e-01 5.647059082984924316e-01 4.470588266849517822e-01
5.647059082984924316e-01 7.686274647712707520e-01 3.568627536296844482e-01 7.686274647712707520e-01
3.568627536296844482e-01 7.686274647712707520e-01 3.568627536296844482e-01 8.470588326454162598e-01
3.568627536296844482e-01 8.470588326454162598e-01 5.647059082984924316e-01 8.470588326454162598e-01
5.647059082984924316e-01 8.470588326454162598e-01 5.647059082984924316e-01 7.686274647712707520e-01
5.647059082984924316e-01 7.686274647712707520e-01 5.647059082984924316e-01 7.686274647712707520e-01
6.627451181411743164e-01 4.470588266849517822e-01 5.647059082984924316e-01 4.470588266849517822e-01
5.647059082984924316e-01 4.470588266849517822e-01 5.647059082984924316e-01 7.686274647712707520e-01
5.647059082984924316e-01 7.686274647712707520e-01 7.568627595901489258e-01 7.686274647712707520e-01
7.568627595901489258e-01 7.686274647712707520e-01 7.568627595901489258e-01 5.490196347236633301e-01
7.568627595901489258e-01 5.490196347236633301e-01 6.627451181411743164e-01 5.490196347236633301e-01
6.627451181411743164e-01 5.490196347236633301e-01 6.627451181411743164e-01 4.470588266849517822e-01
6.627451181411743164e-01 4.470588266849517822e-01 6.627451181411743164e-01 4.470588266849517822e-01
5.647059082984924316e-01 1.568627506494522095e-01 5.647059082984924316e-01 2.784313857555389404e-01
5.647059082984924316e-01 2.784313857555389404e-01 5.647059082984924316e-01 3.372549116611480713e-01
5.647059082984924316e-01 3.372549116611480713e-01 6.627451181411743164e-01 3.372549116611480713e-01
6.627451181411743164e-01 3.372549116611480713e-01 7.098039388656616211e-01 3.372549116611480713e-01
7.098039388656616211e-01 3.372549116611480713e-01 7.098039388656616211e-01 1.568627506494522095e-01
7.098039388656616211e-01 1.568627506494522095e-01 5.647059082984924316e-01 1.568627506494522095e-01
5.647059082984924316e-01 1.568627506494522095e-01 5.647059082984924316e-01 1.568627506494522095e-01
3.882353007793426514e-01 2.078431397676467896e-01 2.470588237047195435e-01 2.078431397676467896e-01
2.470588237047195435e-01 2.078431397676467896e-01 2.470588237047195435e-01 3.843137323856353760e-01
2.470588237047195435e-01 3.843137323856353760e-01 2.901960909366607666e-01 3.843137323856353760e-01
2.901960909366607666e-01 3.843137323856353760e-01 3.882353007793426514e-01 3.843137323856353760e-01
3.882353007793426514e-01 3.843137323856353760e-01 3.882353007793426514e-01 2.784313857555389404e-01
3.882353007793426514e-01 2.784313857555389404e-01 3.882353007793426514e-01 2.078431397676467896e-01
3.882353007793426514e-01 2.078431397676467896e-01 3.882353007793426514e-01 2.078431397676467896e-01
2.901960909366607666e-01 7.686274647712707520e-01 3.568627536296844482e-01 7.686274647712707520e-01
3.568627536296844482e-01 7.686274647712707520e-01 5.647059082984924316e-01 7.686274647712707520e-01
5.647059082984924316e-01 7.686274647712707520e-01 5.647059082984924316e-01 4.470588266849517822e-01
5.647059082984924316e-01 4.470588266849517822e-01 5.647059082984924316e-01 3.372549116611480713e-01
5.647059082984924316e-01 3.372549116611480713e-01 5.647059082984924316e-01 2.784313857555389404e-01
5.647059082984924316e-01 2.784313857555389404e-01 3.882353007793426514e-01 2.784313857555389404e-01
3.882353007793426514e-01 2.784313857555389404e-01 3.882353007793426514e-01 3.843137323856353760e-01
3.882353007793426514e-01 3.843137323856353760e-01 2.901960909366607666e-01 3.843137323856353760e-01
2.901960909366607666e-01 3.843137323856353760e-01 2.901960909366607666e-01 7.686274647712707520e-01
2.901960909366607666e-01 7.686274647712707520e-01 2.901960909366607666e-01 7.686274647712707520e-01
5.647059082984924316e-01 2.784313857555389404e-01 5.647059082984924316e-01 1.568627506494522095e-01
5.647059082984924316e-01 1.568627506494522095e-01 3.882353007793426514e-01 1.568627506494522095e-01
3.882353007793426514e-01 1.568627506494522095e-01 3.882353007793426514e-01 2.078431397676467896e-01
3.882353007793426514e-01 2.078431397676467896e-01 3.882353007793426514e-01 2.784313857555389404e-01
3.882353007793426514e-01 2.784313857555389404e-01 5.647059082984924316e-01 2.784313857555389404e-01
5.647059082984924316e-01 2.784313857555389404e-01 5.647059082984924316e-01 2.784313857555389404e-01
