4.901960790157318115e-01 5.607843399047851562e-01 3.647058904170989990e-01 5.607843399047851562e-01
3.647058904170989990e-01 5.607843399047851562e-01 3.647058904170989990e-01 6.549019813537597656e-01
3.647058904170989990e-01 6.549019813537597656e-01 4.901960790157318115e-01 6.549019813537597656e-01
4.901960790157318115e-01 6.549019813537597656e-01 4.901960790157318115e-01 5.607843399047851562e-01
4.901960790157318115e-01 5.607843399047851562e-01 4.901960790157318115e-01 5.607843399047851562e-01
4.901960790157318115e-01 6.549019813537597656e-01 3.647058904170989990e-01 6.549019813537597656e-01
3.647058904170989990e-01 6.549019813537597656e-01 3.647058904170989990e-01 8.745098114013671875e-01
3.647058904170989990e-01 8.745098114013671875e-01 5.843137502670288086e-01 8.745098114013671875e-01
5.843137502670288086e-01 8.745098114013671875e-01 5.843137502670288086e-01 6.549019813537597656e-01
5.843137502670288086e-01 6.549019813537597656e-01 4.901960790157318115e-01 6.549019813537597656e-01
4.901960790157318115e-01 6.549019813537597656e-01 4.901960790157318115e-01 6.549019813537597656e-01
6.901960968971252441e-01 6.549019813537597656e-01 5.843137502670288086e-01 6.549019813537597656e-01
5.843137502670288086e-01 6.549019813537597656e-01 5.843137502670288086e-01 8.745098114013671875e-01
5.843137502670288086e-01 8.745098114013671875e-01 7.607843279838562012e-01 8.745098114013671875e-01
7.607843279838562012e-01 8.745098114013671875e-01 7.607843279838562012e-01 6.549019813537597656e-01
7.607843279838562012e-01 6.549019813537597656e-01 6.901960968971252441e-01 6.549019813537597656e-01
6.901960968971252441e-01 6.549019813537597656e-01 6.901960968971252441e-01 6.549019813537597656e-01
4.549019634723663330e-01 1.450980454683303833e-01 2.392156869173049927e-01 1.450980454683303833e-01
2.392156869173049927e-01 1.450980454683303833e-01 2.392156869173049927e-01 3.254902064800262451e-01
2.392156869173049927e-01 3.254902064800262451e-01 4.549019634723663330e-01 3.254902064800262451e-01
4.549019634723663330e-01 3.254902064800262451e-01 4.549019634723663330e-01 1.450980454683303833e-01
4.549019634723663330e-01 1.450980454683303833e-01 4.549019634723663330e-01 1.450980454683303833e-01
3.647058904170989990e-01 5.607843399047851562e-01 4.901960790157318115e-01 5.607843399047851562e-01
4.901960790157318115e-01 5.607843399047851562e-01 4.901960790157318115e-01 6.549019813537597656e-01
4.901960790157318115e-01 6.549019813537597656e-01 5.843137502670288086e-01 6.549019813537597656e-01
5.843137502670288086e-01 6.549019813537597656e-01 6.901960968971252441e-01 6.549019813537597656e-01
6.901960968971252441e-01 6.549019813537597656e-01 6.901960968971252441e-01 6.274510174989700317e-02
6.901960968971252441e-01 6.274510174989700317e-02 2.392156869173049927e-01 6.274510174989700317e-02
2.392156869173049927e-01 6.274510174989700317e-02 2.392156869173049927e-01 1.450980454683303833e-01
2.392156869173049927e-01 1.450980454683303833e-01 4.549019634723663330e-01 1.450980454683303833e-01
4.549019634723663330e-01 1.450980454683303833e-01 4.549019634723663330e-01 3.254902064800262451e-01
4.549019634723663330e-01 3.254902064800262451e-01 2.392156869173049927e-01 3.254902064800262451e-01
2.392156869173049927e-01 3.254902064800262451e-01 2.392156869173049927e-01 6.549019813537597656e-01
2.392156869173049927e-01 6.549019813537597656e-01 3.647058904170989990e-01 6.549019813537597656e-01
3.647058904170989990e-01 6.549019813537597656e-01 3.647058904170989990e-01 5.607843399047851562e-01
3.647058904170989990e-01 5.607843399047851562e-01 3.647058904170989990e-01 5.607843399047851562e-01
3.647058904170989990e-01 8.745098114013671875e-01 3.647058904170989990e-01 9.411764740943908691e-01
3.647058904170989990e-01 9.411764740943908691e-01 5.843137502670288086e-01 9.411764740943908691e-01
5.843137502670288086e-01 9.411764740943908691e-01 5.843137502670288086e-01 8.745098114013671875e-01
5.843137502670288086e-01 8.745098114013671875e-01 3.647058904170989990e-01 8.745098114013671875e-01
3.647058904170989990e-01 8.745098114013671875e-01 3.647058904170989990e-01 8.745098114013671875e-01
