8.039215803146362305e-01 4.470588266849517822e-01 6.392157077789306641e-01 4.470588266849517822e-01
6.392157077789306641e-01 4.470588266849517822e-01 6.392157077789306641e-01 5.333333611488342285e-01
6.392157077789306641e-01 5.333333611488342285e-01 6.823529601097106934e-01 5.333333611488342285e-01
6.823529601097106934e-01 5.333333611488342285e-01 8.039215803146362305e-01 5.333333611488342285e-01
8.039215803146362305e-01 5.333333611488342285e-01 8.039215803146362305e-01 4.470588266849517822e-01
8.039215803146362305e-01 4.470588266849517822e-01 8.039215803146362305e-01 4.470588266849517822e-01
4.156862795352935791e-01 4.470588266849517822e-01 1.960784345865249634e-01 4.470588266849517822e-01
1.960784345865249634e-01 4.470588266849517822e-01 1.960784345865249634e-01 6.392157077789306641e-01
1.960784345865249634e-01 6.392157077789306641e-01 4.156862795352935791e-01 6.392157077789306641e-01
4.156862795352935791e-01 6.392157077789306641e-01 4.156862795352935791e-01 5.333333611488342285e-01
4.156862795352935791e-01 5.333333611488342285e-01 4.156862795352935791e-01 4.470588266849517822e-01
4.156862795352935791e-01 4.470588266849517822e-01 4.156862795352935791e-01 4.470588266849517822e-01
1.960784345865249634e-01 4.470588266849517822e-01 4.156862795352935791e-01 4.470588266849517822e-01
4.156862795352935791e-01 4.470588266849517822e-01 4.156862795352935791e-01 3.647058904170989990e-01
4.156862795352935791e-01 3.647058904170989990e-01 4.156862795352935791e-01 3.058823645114898682e-01
4.156862795352935791e-01 3.058823645114898682e-01 1.960784345865249634e-01 3.058823645114898682e-01
1.960784345865249634e-01 3.058823645114898682e-01 1.960784345865249634e-01 4.470588266849517822e-01
1.960784345865249634e-01 4.470588266849517822e-01 1.960784345865249634e-01 4.470588266849517822e-01
6.392157077789306641e-01 5.333333611488342285e-01 4.156862795352935791e-01 5.333333611488342285e-01
4.156862795352935791e-01 5.333333611488342285e-01 4.156862795352935791e-01 6.392157077789306641e-01
4.156862795352935791e-01 6.392157077789306641e-01 4.156862795352935791e-01 6.941176652908325195e-01
4.156862795352935791e-01 6.941176652908325195e-01 6.823529601097106934e-01 6.941176652908325195e-01
6.823529601097106934e-01 6.941176652908325195e-01 6.823529601097106934e-01 5.333333611488342285e-01
6.823529601097106934e-01 5.333333611488342285e-01 6.392157077789306641e-01 5.333333611488342285e-01
6.392157077789306641e-01 5.333333611488342285e-01 6.392157077789306641e-01 5.333333611488342285e-01
6.392157077789306641e-01 4.470588266849517822e-01 8.039215803146362305e-01 4.470588266849517822e-01
8.039215803146362305e-01 4.470588266849517822e-01 8.039215803146362305e-01 3.058823645114898682e-01
8.039215803146362305e-01 3.058823645114898682e-01 6.392157077789306641e-01 3.058823645114898682e-01
6.392157077789306641e-01 3.058823645114898682e-01 6.392157077789306641e-01 3.647058904170989990e-01
6.392157077789306641e-01 3.647058904170989990e-01 6.392157077789306641e-01 4.470588266849517822e-01
6.392157077789306641e-01 4.470588266849517822e-01 6.392157077789306641e-01 4.470588266849517822e-01
4.156862795352935791e-01 5.333333611488342285e-01 6.392157077789306641e-01 5.333333611488342285e-01
6.392157077789306641e-01 5.333333611488342285e-01 6.392157077789306641e-01 4.470588266849517822e-01
6.392157077789306641e-01 4.470588266849517822e-01 6.392157077789306641e-01 3.647058904170989990e-01
6.392157077789306641e-01 3.647058904170989990e-01 4.156862795352935791e-01 3.647058904170989990e-01
4.156862795352935791e-01 3.647058904170989990e-01 4.156862795352935791e-01 4.470588266849517822e-01
4.156862795352935791e-01 4.470588266849517822e-01 4.156862795352935791e-01 5.333333611488342285e-01
4.156862795352935791e-01 5.333333611488342285e-01 4.156862795352935791e-01 5.333333611488342285e-01
