6.941176652908325195e-01 6.352941393852233887e-01 8.156862854957580566e-01 6.352941393852233887e-01
8.156862854957580566e-01 6.352941393852233887e-01 8.156862854957580566e-01 5.254902243614196777e-01
8.156862854957580566e-01 5.254902243614196777e-01 6.941176652908325195e-01 5.254902243614196777e-01
6.941176652908325195e-01 5.254902243614196777e-01 6.941176652908325195e-01 6.352941393852233887e-01
6.941176652908325195e-01 6.352941393852233887e-01 6.941176652908325195e-01 6.352941393852233887e-01
3.176470696926116943e-01 5.607843399047851562e-01 3.176470696926116943e-01 4.941176474094390869e-01
3.176470696926116943e-01 4.941176474094390869e-01 2.196078449487686157e-01 4.941176474094390869e-01
2.196078449487686157e-01 4.941176474094390869e-01 2.196078449487686157e-01 5.607843399047851562e-01
2.196078449487686157e-01 5.607843399047851562e-01 2.196078449487686157e-01 5.960784554481506348e-01
2.196078449487686157e-01 5.960784554481506348e-01 3.176470696926116943e-01 5.960784554481506348e-01
3.176470696926116943e-01 5.960784554481506348e-01 3.176470696926116943e-01 5.607843399047851562e-01
3.176470696926116943e-01 5.607843399047851562e-01 3.176470696926116943e-01 5.607843399047851562e-01
6.196078658103942871e-01 2.666666805744171143e-01 6.196078658103942871e-01 2.274509817361831665e-01
6.196078658103942871e-01 2.274509817361831665e-01 3.843137323856353760e-01 2.274509817361831665e-01
3.843137323856353760e-01 2.274509817361831665e-01 3.843137323856353760e-01 3.058823645114898682e-01
3.843137323856353760e-01 3.058823645114898682e-01 6.196078658103942871e-01 3.058823645114898682e-01
6.196078658103942871e-01 3.058823645114898682e-01 6.196078658103942871e-01 2.666666805744171143e-01
6.196078658103942871e-01 2.666666805744171143e-01 6.196078658103942871e-01 2.666666805744171143e-01
8.156862854957580566e-01 2.666666805744171143e-01 6.196078658103942871e-01 2.666666805744171143e-01
6.196078658103942871e-01 2.666666805744171143e-01 6.196078658103942871e-01 3.058823645114898682e-01
6.196078658103942871e-01 3.058823645114898682e-01 6.196078658103942871e-01 6.352941393852233887e-01
6.196078658103942871e-01 6.352941393852233887e-01 6.941176652908325195e-01 6.352941393852233887e-01
6.941176652908325195e-01 6.352941393852233887e-01 6.941176652908325195e-01 5.254902243614196777e-01
6.941176652908325195e-01 5.254902243614196777e-01 8.156862854957580566e-01 5.254902243614196777e-01
8.156862854957580566e-01 5.254902243614196777e-01 8.156862854957580566e-01 2.666666805744171143e-01
8.156862854957580566e-01 2.666666805744171143e-01 8.156862854957580566e-01 2.666666805744171143e-01
2.196078449487686157e-01 5.607843399047851562e-01 1.333333402872085571e-01 5.607843399047851562e-01
1.333333402872085571e-01 5.607843399047851562e-01 1.333333402872085571e-01 7.764706015586853027e-01
1.333333402872085571e-01 7.764706015586853027e-01 3.176470696926116943e-01 7.764706015586853027e-01
3.176470696926116943e-01 7.764706015586853027e-01 3.843137323856353760e-01 7.764706015586853027e-01
3.843137323856353760e-01 7.764706015586853027e-01 3.843137323856353760e-01 5.607843399047851562e-01
3.843137323856353760e-01 5.607843399047851562e-01 3.176470696926116943e-01 5.607843399047851562e-01
3.176470696926116943e-01 5.607843399047851562e-01 3.176470696926116943e-01 5.960784554481506348e-01
3.176470696926116943e-01 5.960784554481506348e-01 2.196078449487686157e-01 5.960784554481506348e-01
2.196078449487686157e-01 5.960784554481506348e-01 2.196078449487686157e-01 5.607843399047851562e-01
2.196078449487686157e-01 5.607843399047851562e-01 2.196078449487686157e-01 5.607843399047851562e-01
3.176470696926116943e-01 3.058823645114898682e-01 2.196078449487686157e-01 3.058823645114898682e-01
2.196078449487686157e-01 3.058823645114898682e-01 2.196078449487686157e-01 4.941176474094390869e-01
2.196078449487686157e-01 4.941176474094390869e-01 3.176470696926116943e-01 4.941176474094390869e-01
3.176470696926116943e-01 4.941176474094390869e-01 3.843137323856353760e-01 4.941176474094390869e-01
3.843137323856353760e-01 4.941176474094390869e-01 3.843137323856353760e-01 3.058823645114898682e-01
3.843137323856353760e-01 3.058823645114898682e-01 3.176470696926116943e-01 3.058823645114898682e-01
3.176470696926116943e-01 3.058823645114898682e-01 3.176470696926116943e-01 3.058823645114898682e-01
6.941176652908325195e-01 6.352941393852233887e-01 6.196078658103942871e-01 6.352941393852233887e-01
6.196078658103942871e-01 6.352941393852233887e-01 6.196078658103942871e-01 3.058823645114898682e-01
6.196078658103942871e-01 3.058823645114898682e-01 3.843137323856353760e-01 3.058823645114898682e-01
3.843137323856353760e-01 3.058823645114898682e-01 3.843137323856353760e-01 4.941176474094390869e-01
3.843137323856353760e-01 4.941176474094390869e-01 3.176470696926116943e-01 4.941176474094390869e-01
3.176470696926116943e-01 4.941176474094390869e-01 3.176470696926116943e-01 5.607843399047851562e-01
3.176470696926116943e-01 5.607843399047851562e-01 3.843137323856353760e-01 5.607843399047851562e-01
3.843137323856353760e-01 5.607843399047851562e-01 3.843137323856353760e-01 7.764706015586853027e-01
3.843137323856353760e-01 7.764706015586853027e-01 6.941176652908325195e-01 7.764706015586853027e-01
6.941176652908325195e-01 7.764706015586853027e-01 6.941176652908325195e-01 6.352941393852233887e-01
6.941176652908325195e-01 6.352941393852233887e-01 6.941176652908325195e-01 6.352941393852233887e-01
8.156862854957580566e-01 6.352941393852233887e-01 6.941176652908325195e-01 6.352941393852233887e-01
6.941176652908325195e-01 6.352941393852233887e-01 6.941176652908325195e-01 7.764706015586853027e-01
6.941176652908325195e-01 7.764706015586853027e-01 8.745098114013671875e-01 7.764706015586853027e-01
8.745098114013671875e-01 7.764706015586853027e-01 8.745098114013671875e-01 5.254902243614196777e-01
8.745098114013671875e-01 5.254902243614196777e-01 8.156862854957580566e-01 5.254902243614196777e-01
8.156862854957580566e-01 5.254902243614196777e-01 8.156862854957580566e-01 6.352941393852233887e-01
8.156862854957580566e-01 6.352941393852233887e-01 8.156862854957580566e-01 6.352941393852233887e-01
