4.941176474094390869e-01 5.686274766921997070e-01 4.941176474094390869e-01 4.745098054409027100e-01
4.941176474094390869e-01 4.745098054409027100e-01 3.098039329051971436e-01 4.745098054409027100e-01
3.098039329051971436e-01 4.745098054409027100e-01 3.098039329051971436e-01 5.686274766921997070e-01
3.098039329051971436e-01 5.686274766921997070e-01 4.941176474094390869e-01 5.686274766921997070e-01
4.941176474094390869e-01 5.686274766921997070e-01 4.941176474094390869e-01 5.686274766921997070e-01
4.941176474094390869e-01 2.078431397676467896e-01 3.764705955982208252e-01 2.078431397676467896e-01
3.764705955982208252e-01 2.078431397676467896e-01 3.764705955982208252e-01 3.098039329051971436e-01
3.764705955982208252e-01 3.098039329051971436e-01 4.941176474094390869e-01 3.098039329051971436e-01
4.941176474094390869e-01 3.098039329051971436e-01 4.941176474094390869e-01 2.078431397676467896e-01
4.941176474094390869e-01 2.078431397676467896e-01 4.941176474094390869e-01 2.078431397676467896e-01
3.098039329051971436e-01 4.078431427478790283e-01 1.764705926179885864e-01 4.078431427478790283e-01
1.764705926179885864e-01 4.078431427478790283e-01 1.764705926179885864e-01 4.745098054409027100e-01
1.764705926179885864e-01 4.745098054409027100e-01 1.764705926179885864e-01 6.980392336845397949e-01
1.764705926179885864e-01 6.980392336845397949e-01 3.098039329051971436e-01 6.980392336845397949e-01
3.098039329051971436e-01 6.980392336845397949e-01 3.098039329051971436e-01 5.686274766921997070e-01
3.098039329051971436e-01 5.686274766921997070e-01 3.098039329051971436e-01 4.745098054409027100e-01
3.098039329051971436e-01 4.745098054409027100e-01 3.098039329051971436e-01 4.078431427478790283e-01
3.098039329051971436e-01 4.078431427478790283e-01 3.098039329051971436e-01 4.078431427478790283e-01
7.372549176216125488e-01 2.078431397676467896e-01 4.941176474094390869e-01 2.078431397676467896e-01
4.941176474094390869e-01 2.078431397676467896e-01 4.941176474094390869e-01 3.098039329051971436e-01
4.941176474094390869e-01 3.098039329051971436e-01 4.941176474094390869e-01 4.078431427478790283e-01
4.941176474094390869e-01 4.078431427478790283e-01 5.686274766921997070e-01 4.078431427478790283e-01
5.686274766921997070e-01 4.078431427478790283e-01 7.372549176216125488e-01 4.078431427478790283e-01
7.372549176216125488e-01 4.078431427478790283e-01 7.372549176216125488e-01 2.078431397676467896e-01
7.372549176216125488e-01 2.078431397676467896e-01 7.372549176216125488e-01 2.078431397676467896e-01
4.941176474094390869e-01 4.078431427478790283e-01 4.941176474094390869e-01 3.098039329051971436e-01
4.941176474094390869e-01 3.098039329051971436e-01 3.764705955982208252e-01 3.098039329051971436e-01
3.764705955982208252e-01 3.098039329051971436e-01 3.098039329051971436e-01 3.098039329051971436e-01
3.098039329051971436e-01 3.098039329051971436e-01 3.098039329051971436e-01 4.078431427478790283e-01
3.098039329051971436e-01 4.078431427478790283e-01 3.098039329051971436e-01 4.745098054409027100e-01
3.098039329051971436e-01 4.745098054409027100e-01 4.941176474094390869e-01 4.745098054409027100e-01
4.941176474094390869e-01 4.745098054409027100e-01 4.941176474094390869e-01 4.078431427478790283e-01
4.941176474094390869e-01 4.078431427478790283e-01 4.941176474094390869e-01 4.078431427478790283e-01
7.372549176216125488e-01 4.078431427478790283e-01 5.686274766921997070e-01 4.078431427478790283e-01
5.686274766921997070e-01 4.078431427478790283e-01 5.686274766921997070e-01 5.686274766921997070e-01
5.686274766921997070e-01 5.686274766921997070e-01 7.372549176216125488e-01 5.686274766921997070e-01
7.372549176216125488e-01 5.686274766921997070e-01 7.372549176216125488e-01 4.078431427478790283e-01
7.372549176216125488e-01 4.078431427478790283e-01 7.372549176216125488e-01 4.078431427478790283e-01
5.686274766921997070e-01 4.078431427478790283e-01 4.941176474094390869e-01 4.078431427478790283e-01
4.941176474094390869e-01 4.078431427478790283e-01 4.941176474094390869e-01 4.745098054409027100e-01
4.941176474094390869e-01 4.745098054409027100e-01 4.941176474094390869e-01 5.686274766921997070e-01
4.941176474094390869e-01 5.686274766921997070e-01 3.098039329051971436e-01 5.686274766921997070e-01
3.098039329051971436e-01 5.686274766921997070e-01 3.098039329051971436e-01 6.980392336845397949e-01
3.098039329051971436e-01 6.980392336845397949e-01 1.764705926179885864e-01 6.980392336845397949e-01
1.764705926179885864e-01 6.980392336845397949e-01 1.764705926179885864e-01 7.921568751335144043e-01
1.764705926179885864e-01 7.921568751335144043e-01 7.372549176216125488e-01 7.921568751335144043e-01
7.372549176216125488e-01 7.921568751335144043e-01 7.372549176216125488e-01 5.686274766921997070e-01
7.372549176216125488e-01 5.686274766921997070e-01 5.686274766921997070e-01 5.686274766921997070e-01
5.686274766921997070e-01 5.686274766921997070e-01 5.686274766921997070e-01 4.078431427478790283e-01
5.686274766921997070e-01 4.078431427478790283e-01 5.686274766921997070e-01 4.078431427478790283e-01
7.372549176216125488e-01 5.686274766921997070e-01 7.372549176216125488e-01 7.921568751335144043e-01
7.372549176216125488e-01 7.921568751335144043e-01 8.235294222831726074e-01 7.921568751335144043e-01
8.235294222831726074e-01 7.921568751335144043e-01 8.235294222831726074e-01 5.686274766921997070e-01
8.235294222831726074e-01 5.686274766921997070e-01 7.372549176216125488e-01 5.686274766921997070e-01
7.372549176216125488e-01 5.686274766921997070e-01 7.372549176216125488e-01 5.686274766921997070e-01
