6.549019813537597656e-01 2.862745225429534912e-01 5.529412031173706055e-01 2.862745225429534912e-01
5.529412031173706055e-01 2.862745225429534912e-01 5.529412031173706055e-01 4.745098054409027100e-01
5.529412031173706055e-01 4.745098054409027100e-01 6.549019813537597656e-01 4.745098054409027100e-01
6.549019813537597656e-01 4.745098054409027100e-01 6.549019813537597656e-01 2.862745225429534912e-01
6.549019813537597656e-01 2.862745225429534912e-01 6.549019813537597656e-01 2.862745225429534912e-01
8.509804010391235352e-01 4.745098054409027100e-01 7.176470756530761719e-01 4.745098054409027100e-01
7.176470756530761719e-01 4.745098054409027100e-01 7.176470756530761719e-01 5.490196347236633301e-01
7.176470756530761719e-01 5.490196347236633301e-01 7.176470756530761719e-01 6.000000238418579102e-01
7.176470756530761719e-01 6.000000238418579102e-01 8.509804010391235352e-01 6.000000238418579102e-01
8.509804010391235352e-01 6.000000238418579102e-01 8.509804010391235352e-01 5.490196347236633301e-01
8.509804010391235352e-01 5.490196347236633301e-01 8.509804010391235352e-01 4.745098054409027100e-01
8.509804010391235352e-01 4.745098054409027100e-01 8.509804010391235352e-01 4.745098054409027100e-01
1.529411822557449341e-01 2.470588237047195435e-01 4.000000059604644775e-01 2.470588237047195435e-01
4.000000059604644775e-01 2.470588237047195435e-01 4.000000059604644775e-01 1.647058874368667603e-01
4.000000059604644775e-01 1.647058874368667603e-01 1.529411822557449341e-01 1.647058874368667603e-01
1.529411822557449341e-01 1.647058874368667603e-01 1.529411822557449341e-01 2.470588237047195435e-01
1.529411822557449341e-01 2.470588237047195435e-01 1.529411822557449341e-01 2.470588237047195435e-01
8.509804010391235352e-01 6.000000238418579102e-01 7.176470756530761719e-01 6.000000238418579102e-01
7.176470756530761719e-01 6.000000238418579102e-01 7.176470756530761719e-01 5.490196347236633301e-01
7.176470756530761719e-01 5.490196347236633301e-01 6.549019813537597656e-01 5.490196347236633301e-01
6.549019813537597656e-01 5.490196347236633301e-01 6.549019813537597656e-01 7.098039388656616211e-01
6.549019813537597656e-01 7.098039388656616211e-01 6.549019813537597656e-01 8.352941274642944336e-01
6.549019813537597656e-01 8.352941274642944336e-01 8.509804010391235352e-01 8.352941274642944336e-01
8.509804010391235352e-01 8.352941274642944336e-01 8.509804010391235352e-01 6.000000238418579102e-01
8.509804010391235352e-01 6.000000238418579102e-01 8.509804010391235352e-01 6.000000238418579102e-01
7.176470756530761719e-01 2.862745225429534912e-01 6.549019813537597656e-01 2.862745225429534912e-01
6.549019813537597656e-01 2.862745225429534912e-01 6.549019813537597656e-01 4.745098054409027100e-01
6.549019813537597656e-01 4.745098054409027100e-01 7.176470756530761719e-01 4.745098054409027100e-01
7.176470756530761719e-01 4.745098054409027100e-01 8.509804010391235352e-01 4.745098054409027100e-01
8.509804010391235352e-01 4.745098054409027100e-01 8.509804010391235352e-01 2.862745225429534912e-01
8.509804010391235352e-01 2.862745225429534912e-01 7.176470756530761719e-01 2.862745225429534912e-01
7.176470756530761719e-01 2.862745225429534912e-01 7.176470756530761719e-01 2.862745225429534912e-01
5.529412031173706055e-01 2.862745225429534912e-01 6.549019813537597656e-01 2.862745225429534912e-01
6.549019813537597656e-01 2.862745225429534912e-01 7.176470756530761719e-01 2.862745225429534912e-01
7.176470756530761719e-01 2.862745225429534912e-01 7.176470756530761719e-01 2.470588237047195435e-01
7.176470756530761719e-01 2.470588237047195435e-01 4.000000059604644775e-01 2.470588237047195435e-01
4.000000059604644775e-01 2.470588237047195435e-01 1.529411822557449341e-01 2.470588237047195435e-01
1.529411822557449341e-01 2.470588237047195435e-01 1.529411822557449341e-01 7.098039388656616211e-01
1.529411822557449341e-01 7.098039388656616211e-01 3.372549116611480713e-01 7.098039388656616211e-01
3.372549116611480713e-01 7.098039388656616211e-01 3.372549116611480713e-01 5.490196347236633301e-01
3.372549116611480713e-01 5.490196347236633301e-01 4.588235318660736084e-01 5.490196347236633301e-01
4.588235318660736084e-01 5.490196347236633301e-01 6.549019813537597656e-01 5.490196347236633301e-01
6.549019813537597656e-01 5.490196347236633301e-01 7.176470756530761719e-01 5.490196347236633301e-01
7.176470756530761719e-01 5.490196347236633301e-01 7.176470756530761719e-01 4.745098054409027100e-01
7.176470756530761719e-01 4.745098054409027100e-01 6.549019813537597656e-01 4.745098054409027100e-01
6.549019813537597656e-01 4.745098054409027100e-01 5.529412031173706055e-01 4.745098054409027100e-01
5.529412031173706055e-01 4.745098054409027100e-01 5.529412031173706055e-01 2.862745225429534912e-01
5.529412031173706055e-01 2.862745225429534912e-01 5.529412031173706055e-01 2.862745225429534912e-01
3.372549116611480713e-01 7.098039388656616211e-01 4.588235318660736084e-01 7.098039388656616211e-01
4.588235318660736084e-01 7.098039388656616211e-01 4.588235318660736084e-01 5.490196347236633301e-01
4.588235318660736084e-01 5.490196347236633301e-01 3.372549116611480713e-01 5.490196347236633301e-01
3.372549116611480713e-01 5.490196347236633301e-01 3.372549116611480713e-01 7.098039388656616211e-01
3.372549116611480713e-01 7.098039388656616211e-01 3.372549116611480713e-01 7.098039388656616211e-01
4.588235318660736084e-01 7.098039388656616211e-01 6.549019813537597656e-01 7.098039388656616211e-01
6.549019813537597656e-01 7.098039388656616211e-01 6.549019813537597656e-01 5.490196347236633301e-01
6.549019813537597656e-01 5.490196347236633301e-01 4.588235318660736084e-01 5.490196347236633301e-01
4.588235318660736084e-01 5.490196347236633301e-01 4.588235318660736084e-01 7.098039388656616211e-01
4.588235318660736084e-01 7.098039388656616211e-01 4.588235318660736084e-01 7.098039388656616211e-01
