6.392157077789306641e-01 5.137255191802978516e-01 8.313725590705871582e-01 5.137255191802978516e-01
8.313725590705871582e-01 5.137255191802978516e-01 8.313725590705871582e-01 3.843137323856353760e-01
8.313725590705871582e-01 3.843137323856353760e-01 6.392157077789306641e-01 3.843137323856353760e-01
6.392157077789306641e-01 3.843137323856353760e-01 6.392157077789306641e-01 5.137255191802978516e-01
6.392157077789306641e-01 5.137255191802978516e-01 6.392157077789306641e-01 5.137255191802978516e-01
6.392157077789306641e-01 7.333333492279052734e-01 7.215686440467834473e-01 7.333333492279052734e-01
7.215686440467834473e-01 7.333333492279052734e-01 7.215686440467834473e-01 5.882353186607360840e-01
7.215686440467834473e-01 5.882353186607360840e-01 6.392157077789306641e-01 5.882353186607360840e-01
6.392157077789306641e-01 5.882353186607360840e-01 6.392157077789306641e-01 6.509804129600524902e-01
6.392157077789306641e-01 6.509804129600524902e-01 6.392157077789306641e-01 7.333333492279052734e-01
6.392157077789306641e-01 7.333333492279052734e-01 6.392157077789306641e-01 7.333333492279052734e-01
6.392157077789306641e-01 2.235294133424758911e-01 6.392157077789306641e-01 3.843137323856353760e-01
6.392157077789306641e-01 3.843137323856353760e-01 8.313725590705871582e-01 3.843137323856353760e-01
8.313725590705871582e-01 3.843137323856353760e-01 8.313725590705871582e-01 2.235294133424758911e-01
8.313725590705871582e-01 2.235294133424758911e-01 6.392157077789306641e-01 2.235294133424758911e-01
6.392157077789306641e-01 2.235294133424758911e-01 6.392157077789306641e-01 2.235294133424758911e-01
8.313725590705871582e-01 5.137255191802978516e-01 6.392157077789306641e-01 5.137255191802978516e-01
6.392157077789306641e-01 5.137255191802978516e-01 6.392157077789306641e-01 5.882353186607360840e-01
6.392157077789306641e-01 5.882353186607360840e-01 7.215686440467834473e-01 5.882353186607360840e-01
7.215686440467834473e-01 5.882353186607360840e-01 7.215686440467834473e-01 7.333333492279052734e-01
7.215686440467834473e-01 7.333333492279052734e-01 8.901960849761962891e-01 7.333333492279052734e-01
8.901960849761962891e-01 7.333333492279052734e-01 8.901960849761962891e-01 5.137255191802978516e-01
8.901960849761962891e-01 5.137255191802978516e-01 8.313725590705871582e-01 5.137255191802978516e-01
8.313725590705871582e-01 5.137255191802978516e-01 8.313725590705871582e-01 5.137255191802978516e-01
4.431372582912445068e-01 5.843137502670288086e-01 1.921568661928176880e-01 5.843137502670288086e-01
1.921568661928176880e-01 5.843137502670288086e-01 1.921568661928176880e-01 7.333333492279052734e-01
1.921568661928176880e-01 7.333333492279052734e-01 4.431372582912445068e-01 7.333333492279052734e-01
4.431372582912445068e-01 7.333333492279052734e-01 4.431372582912445068e-01 6.509804129600524902e-01
4.431372582912445068e-01 6.509804129600524902e-01 4.431372582912445068e-01 5.843137502670288086e-01
4.431372582912445068e-01 5.843137502670288086e-01 4.431372582912445068e-01 5.843137502670288086e-01
6.392157077789306641e-01 7.333333492279052734e-01 6.392157077789306641e-01 6.509804129600524902e-01
6.392157077789306641e-01 6.509804129600524902e-01 4.431372582912445068e-01 6.509804129600524902e-01
4.431372582912445068e-01 6.509804129600524902e-01 4.431372582912445068e-01 7.333333492279052734e-01
4.431372582912445068e-01 7.333333492279052734e-01 4.431372582912445068e-01 7.803921699523925781e-01
4.431372582912445068e-01 7.803921699523925781e-01 6.392157077789306641e-01 7.803921699523925781e-01
6.392157077789306641e-01 7.803921699523925781e-01 6.392157077789306641e-01 7.333333492279052734e-01
6.392157077789306641e-01 7.333333492279052734e-01 6.392157077789306641e-01 7.333333492279052734e-01
1.098039224743843079e-01 5.843137502670288086e-01 1.921568661928176880e-01 5.843137502670288086e-01
1.921568661928176880e-01 5.843137502670288086e-01 4.431372582912445068e-01 5.843137502670288086e-01
4.431372582912445068e-01 5.843137502670288086e-01 4.431372582912445068e-01 3.098039329051971436e-01
4.431372582912445068e-01 3.098039329051971436e-01 1.098039224743843079e-01 3.098039329051971436e-01
1.098039224743843079e-01 3.098039329051971436e-01 1.098039224743843079e-01 5.843137502670288086e-01
1.098039224743843079e-01 5.843137502670288086e-01 1.098039224743843079e-01 5.843137502670288086e-01
7.215686440467834473e-01 7.333333492279052734e-01 6.392157077789306641e-01 7.333333492279052734e-01
6.392157077789306641e-01 7.333333492279052734e-01 6.392157077789306641e-01 7.803921699523925781e-01
6.392157077789306641e-01 7.803921699523925781e-01 8.901960849761962891e-01 7.803921699523925781e-01
8.901960849761962891e-01 7.803921699523925781e-01 8.901960849761962891e-01 7.333333492279052734e-01
8.901960849761962891e-01 7.333333492279052734e-01 7.215686440467834473e-01 7.333333492279052734e-01
7.215686440467834473e-01 7.333333492279052734e-01 7.215686440467834473e-01 7.333333492279052734e-01
4.431372582912445068e-01 7.333333492279052734e-01 1.921568661928176880e-01 7.333333492279052734e-01
1.921568661928176880e-01 7.333333492279052734e-01 1.921568661928176880e-01 7.803921699523925781e-01
1.921568661928176880e-01 7.803921699523925781e-01 4.431372582912445068e-01 7.803921699523925781e-01
4.431372582912445068e-01 7.803921699523925781e-01 4.431372582912445068e-01 7.333333492279052734e-01
4.431372582912445068e-01 7.333333492279052734e-01 4.431372582912445068e-01 7.333333492279052734e-01
6.392157077789306641e-01 3.843137323856353760e-01 6.392157077789306641e-01 2.235294133424758911e-01
6.392157077789306641e-01 2.235294133424758911e-01 4.431372582912445068e-01 2.235294133424758911e-01
4.431372582912445068e-01 2.235294133424758911e-01 4.431372582912445068e-01 3.098039329051971436e-01
4.431372582912445068e-01 3.098039329051971436e-01 4.431372582912445068e-01 5.843137502670288086e-01
4.431372582912445068e-01 5.843137502670288086e-01 4.431372582912445068e-01 6.509804129600524902e-01
4.431372582912445068e-01 6.509804129600524902e-01 6.392157077789306641e-01 6.509804129600524902e-01
6.392157077789306641e-01 6.509804129600524902e-01 6.392157077789306641e-01 5.882353186607360840e-01
6.392157077789306641e-01 5.882353186607360840e-01 6.392157077789306641e-01 5.137255191802978516e-01
6.392157077789306641e-01 5.137255191802978516e-01 6.392157077789306641e-01 3.843137323856353760e-01
6.392157077789306641e-01 3.843137323856353760e-01 6.392157077789306641e-01 3.843137323856353760e-01
