6.470588445663452148e-01 4.196078479290008545e-01 6.470588445663452148e-01 3.294117748737335205e-01
6.470588445663452148e-01 3.294117748737335205e-01 5.647059082984924316e-01 3.294117748737335205e-01
5.647059082984924316e-01 3.294117748737335205e-01 5.215686559677124023e-01 3.294117748737335205e-01
5.215686559677124023e-01 3.294117748737335205e-01 5.215686559677124023e-01 4.196078479290008545e-01
5.215686559677124023e-01 4.196078479290008545e-01 5.647059082984924316e-01 4.196078479290008545e-01
5.647059082984924316e-01 4.196078479290008545e-01 6.470588445663452148e-01 4.196078479290008545e-01
6.470588445663452148e-01 4.196078479290008545e-01 6.470588445663452148e-01 4.196078479290008545e-01
2.156862765550613403e-01 2.862745225429534912e-01 1.333333402872085571e-01 2.862745225429534912e-01
1.333333402872085571e-01 2.862745225429534912e-01 1.333333402872085571e-01 5.294117927551269531e-01
1.333333402872085571e-01 5.294117927551269531e-01 2.156862765550613403e-01 5.294117927551269531e-01
2.156862765550613403e-01 5.294117927551269531e-01 2.156862765550613403e-01 4.784313738346099854e-01
2.156862765550613403e-01 4.784313738346099854e-01 2.156862765550613403e-01 4.196078479290008545e-01
2.156862765550613403e-01 4.196078479290008545e-01 2.156862765550613403e-01 2.862745225429534912e-01
2.156862765550613403e-01 2.862745225429534912e-01 2.156862765550613403e-01 2.862745225429534912e-01
4.274509847164154053e-01 2.862745225429534912e-01 2.156862765550613403e-01 2.862745225429534912e-01
2.156862765550613403e-01 2.862745225429534912e-01 2.156862765550613403e-01 4.196078479290008545e-01
2.156862765550613403e-01 4.196078479290008545e-01 2.156862765550613403e-01 4.784313738346099854e-01
2.156862765550613403e-01 4.784313738346099854e-01 4.274509847164154053e-01 4.784313738346099854e-01
4.274509847164154053e-01 4.784313738346099854e-01 4.274509847164154053e-01 4.196078479290008545e-01
4.274509847164154053e-01 4.196078479290008545e-01 4.274509847164154053e-01 2.862745225429534912e-01
4.274509847164154053e-01 2.862745225429534912e-01 4.274509847164154053e-01 2.862745225429534912e-01
8.235294222831726074e-01 4.823529422283172607e-01 6.470588445663452148e-01 4.823529422283172607e-01
6.470588445663452148e-01 4.823529422283172607e-01 6.470588445663452148e-01 6.352941393852233887e-01
6.470588445663452148e-01 6.352941393852233887e-01 8.666666746139526367e-01 6.352941393852233887e-01
8.666666746139526367e-01 6.352941393852233887e-01 8.666666746139526367e-01 4.823529422283172607e-01
8.666666746139526367e-01 4.823529422283172607e-01 8.235294222831726074e-01 4.823529422283172607e-01
8.235294222831726074e-01 4.823529422283172607e-01 8.235294222831726074e-01 4.823529422283172607e-01
6.470588445663452148e-01 4.823529422283172607e-01 8.235294222831726074e-01 4.823529422283172607e-01
8.235294222831726074e-01 4.823529422283172607e-01 8.235294222831726074e-01 3.294117748737335205e-01
8.235294222831726074e-01 3.294117748737335205e-01 6.470588445663452148e-01 3.294117748737335205e-01
6.470588445663452148e-01 3.294117748737335205e-01 6.470588445663452148e-01 4.196078479290008545e-01
6.470588445663452148e-01 4.196078479290008545e-01 6.470588445663452148e-01 4.823529422283172607e-01
6.470588445663452148e-01 4.823529422283172607e-01 6.470588445663452148e-01 4.823529422283172607e-01
4.274509847164154053e-01 4.784313738346099854e-01 2.156862765550613403e-01 4.784313738346099854e-01
2.156862765550613403e-01 4.784313738346099854e-01 2.156862765550613403e-01 5.294117927551269531e-01
2.156862765550613403e-01 5.294117927551269531e-01 2.156862765550613403e-01 7.176470756530761719e-01
2.156862765550613403e-01 7.176470756530761719e-01 6.470588445663452148e-01 7.176470756530761719e-01
6.470588445663452148e-01 7.176470756530761719e-01 6.470588445663452148e-01 6.352941393852233887e-01
6.470588445663452148e-01 6.352941393852233887e-01 6.470588445663452148e-01 4.823529422283172607e-01
6.470588445663452148e-01 4.823529422283172607e-01 6.470588445663452148e-01 4.196078479290008545e-01
6.470588445663452148e-01 4.196078479290008545e-01 5.647059082984924316e-01 4.196078479290008545e-01
5.647059082984924316e-01 4.196078479290008545e-01 5.647059082984924316e-01 4.784313738346099854e-01
5.647059082984924316e-01 4.784313738346099854e-01 4.274509847164154053e-01 4.784313738346099854e-01
4.274509847164154053e-01 4.784313738346099854e-01 4.274509847164154053e-01 4.784313738346099854e-01
5.647059082984924316e-01 2.862745225429534912e-01 4.274509847164154053e-01 2.862745225429534912e-01
4.274509847164154053e-01 2.862745225429534912e-01 4.274509847164154053e-01 4.196078479290008545e-01
4.274509847164154053e-01 4.196078479290008545e-01 4.274509847164154053e-01 4.784313738346099854e-01
4.274509847164154053e-01 4.784313738346099854e-01 5.647059082984924316e-01 4.784313738346099854e-01
5.647059082984924316e-01 4.784313738346099854e-01 5.647059082984924316e-01 4.196078479290008545e-01
5.647059082984924316e-01 4.196078479290008545e-01 5.215686559677124023e-01 4.196078479290008545e-01
5.215686559677124023e-01 4.196078479290008545e-01 5.215686559677124023e-01 3.294117748737335205e-01
5.215686559677124023e-01 3.294117748737335205e-01 5.647059082984924316e-01 3.294117748737335205e-01
5.647059082984924316e-01 3.294117748737335205e-01 5.647059082984924316e-01 2.862745225429534912e-01
5.647059082984924316e-01 2.862745225429534912e-01 5.647059082984924316e-01 2.862745225429534912e-01
