3.137255012989044189e-01 3.803921639919281006e-01 2.313725501298904419e-01 3.803921639919281006e-01
2.313725501298904419e-01 3.803921639919281006e-01 2.313725501298904419e-01 6.039215922355651855e-01
2.313725501298904419e-01 6.039215922355651855e-01 3.137255012989044189e-01 6.039215922355651855e-01
3.137255012989044189e-01 6.039215922355651855e-01 5.450980663299560547e-01 6.039215922355651855e-01
5.450980663299560547e-01 6.039215922355651855e-01 6.784313917160034180e-01 6.039215922355651855e-01
6.784313917160034180e-01 6.039215922355651855e-01 6.784313917160034180e-01 4.980392158031463623e-01
6.784313917160034180e-01 4.980392158031463623e-01 6.156862974166870117e-01 4.980392158031463623e-01
6.156862974166870117e-01 4.980392158031463623e-01 6.156862974166870117e-01 3.803921639919281006e-01
6.156862974166870117e-01 3.803921639919281006e-01 5.019608139991760254e-01 3.803921639919281006e-01
5.019608139991760254e-01 3.803921639919281006e-01 3.137255012989044189e-01 3.803921639919281006e-01
3.137255012989044189e-01 3.803921639919281006e-01 3.137255012989044189e-01 3.803921639919281006e-01
3.137255012989044189e-01 3.803921639919281006e-01 5.019608139991760254e-01 3.803921639919281006e-01
5.019608139991760254e-01 3.803921639919281006e-01 5.019608139991760254e-01 1.411764770746231079e-01
5.019608139991760254e-01 1.411764770746231079e-01 3.137255012989044189e-01 1.411764770746231079e-01
3.137255012989044189e-01 1.411764770746231079e-01 3.137255012989044189e-01 3.803921639919281006e-01
3.137255012989044189e-01 3.803921639919281006e-01 3.137255012989044189e-01 3.803921639919281006e-01
5.450980663299560547e-01 6.039215922355651855e-01 3.137255012989044189e-01 6.039215922355651855e-01
3.137255012989044189e-01 6.039215922355651855e-01 3.137255012989044189e-01 7.843137383460998535e-01
3.137255012989044189e-01 7.843137383460998535e-01 5.450980663299560547e-01 7.843137383460998535e-01
5.450980663299560547e-01 7.843137383460998535e-01 5.450980663299560547e-01 6.039215922355651855e-01
5.450980663299560547e-01 6.039215922355651855e-01 5.450980663299560547e-01 6.039215922355651855e-01
6.784313917160034180e-01 6.039215922355651855e-01 5.450980663299560547e-01 6.039215922355651855e-01
5.450980663299560547e-01 6.039215922355651855e-01 5.450980663299560547e-01 7.843137383460998535e-01
5.450980663299560547e-01 7.843137383460998535e-01 5.450980663299560547e-01 8.627451062202453613e-01
5.450980663299560547e-01 8.627451062202453613e-01 6.784313917160034180e-01 8.627451062202453613e-01
6.784313917160034180e-01 8.627451062202453613e-01 6.784313917160034180e-01 6.039215922355651855e-01
6.784313917160034180e-01 6.039215922355651855e-01 6.784313917160034180e-01 6.039215922355651855e-01
6.784313917160034180e-01 3.803921639919281006e-01 6.156862974166870117e-01 3.803921639919281006e-01
6.156862974166870117e-01 3.803921639919281006e-01 6.156862974166870117e-01 4.980392158031463623e-01
6.156862974166870117e-01 4.980392158031463623e-01 6.784313917160034180e-01 4.980392158031463623e-01
6.784313917160034180e-01 4.980392158031463623e-01 7.686274647712707520e-01 4.980392158031463623e-01
7.686274647712707520e-01 4.980392158031463623e-01 7.686274647712707520e-01 3.803921639919281006e-01
7.686274647712707520e-01 3.803921639919281006e-01 6.784313917160034180e-01 3.803921639919281006e-01
6.784313917160034180e-01 3.803921639919281006e-01 6.784313917160034180e-01 3.803921639919281006e-01
