6.784313917160034180e-01 5.098039507865905762e-01 5.450980663299560547e-01 5.098039507865905762e-01
5.450980663299560547e-01 5.098039507865905762e-01 5.450980663299560547e-01 6.392157077789306641e-01
5.450980663299560547e-01 6.392157077789306641e-01 6.784313917160034180e-01 6.392157077789306641e-01
6.784313917160034180e-01 6.392157077789306641e-01 6.784313917160034180e-01 5.098039507865905762e-01
6.784313917160034180e-01 5.098039507865905762e-01 6.784313917160034180e-01 5.098039507865905762e-01
8.784313797950744629e-01 3.098039329051971436e-01 8.039215803146362305e-01 3.098039329051971436e-01
8.039215803146362305e-01 3.098039329051971436e-01 8.039215803146362305e-01 5.098039507865905762e-01
8.039215803146362305e-01 5.098039507865905762e-01 8.784313797950744629e-01 5.098039507865905762e-01
8.784313797950744629e-01 5.098039507865905762e-01 8.784313797950744629e-01 3.098039329051971436e-01
8.784313797950744629e-01 3.098039329051971436e-01 8.784313797950744629e-01 3.098039329051971436e-01
6.784313917160034180e-01 3.098039329051971436e-01 5.450980663299560547e-01 3.098039329051971436e-01
5.450980663299560547e-01 3.098039329051971436e-01 5.450980663299560547e-01 5.098039507865905762e-01
5.450980663299560547e-01 5.098039507865905762e-01 6.784313917160034180e-01 5.098039507865905762e-01
6.784313917160034180e-01 5.098039507865905762e-01 8.039215803146362305e-01 5.098039507865905762e-01
8.039215803146362305e-01 5.098039507865905762e-01 8.039215803146362305e-01 3.098039329051971436e-01
8.039215803146362305e-01 3.098039329051971436e-01 6.784313917160034180e-01 3.098039329051971436e-01
6.784313917160034180e-01 3.098039329051971436e-01 6.784313917160034180e-01 3.098039329051971436e-01
1.882352977991104126e-01 3.098039329051971436e-01 8.627451211214065552e-02 3.098039329051971436e-01
8.627451211214065552e-02 3.098039329051971436e-01 8.627451211214065552e-02 5.176470875740051270e-01
8.627451211214065552e-02 5.176470875740051270e-01 1.882352977991104126e-01 5.176470875740051270e-01
1.882352977991104126e-01 5.176470875740051270e-01 3.176470696926116943e-01 5.176470875740051270e-01
3.176470696926116943e-01 5.176470875740051270e-01 3.176470696926116943e-01 3.098039329051971436e-01
3.176470696926116943e-01 3.098039329051971436e-01 1.882352977991104126e-01 3.098039329051971436e-01
1.882352977991104126e-01 3.098039329051971436e-01 1.882352977991104126e-01 3.098039329051971436e-01
8.039215803146362305e-01 5.098039507865905762e-01 6.784313917160034180e-01 5.098039507865905762e-01
6.784313917160034180e-01 5.098039507865905762e-01 6.784313917160034180e-01 6.392157077789306641e-01
6.784313917160034180e-01 6.392157077789306641e-01 6.784313917160034180e-01 6.980392336845397949e-01
6.784313917160034180e-01 6.980392336845397949e-01 9.137254953384399414e-01 6.980392336845397949e-01
9.137254953384399414e-01 6.980392336845397949e-01 9.137254953384399414e-01 5.098039507865905762e-01
9.137254953384399414e-01 5.098039507865905762e-01 8.784313797950744629e-01 5.098039507865905762e-01
8.784313797950744629e-01 5.098039507865905762e-01 8.039215803146362305e-01 5.098039507865905762e-01
8.039215803146362305e-01 5.098039507865905762e-01 8.039215803146362305e-01 5.098039507865905762e-01
5.450980663299560547e-01 3.098039329051971436e-01 3.176470696926116943e-01 3.098039329051971436e-01
3.176470696926116943e-01 3.098039329051971436e-01 3.176470696926116943e-01 5.176470875740051270e-01
3.176470696926116943e-01 5.176470875740051270e-01 1.882352977991104126e-01 5.176470875740051270e-01
1.882352977991104126e-01 5.176470875740051270e-01 1.882352977991104126e-01 6.980392336845397949e-01
1.882352977991104126e-01 6.980392336845397949e-01 6.784313917160034180e-01 6.980392336845397949e-01
6.784313917160034180e-01 6.980392336845397949e-01 6.784313917160034180e-01 6.392157077789306641e-01
6.784313917160034180e-01 6.392157077789306641e-01 5.450980663299560547e-01 6.392157077789306641e-01
5.450980663299560547e-01 6.392157077789306641e-01 5.450980663299560547e-01 5.098039507865905762e-01
5.450980663299560547e-01 5.098039507865905762e-01 5.450980663299560547e-01 3.098039329051971436e-01
5.450980663299560547e-01 3.098039329051971436e-01 5.450980663299560547e-01 3.098039329051971436e-01
1.882352977991104126e-01 5.176470875740051270e-01 8.627451211214065552e-02 5.176470875740051270e-01
8.627451211214065552e-02 5.176470875740051270e-01 8.627451211214065552e-02 6.980392336845397949e-01
8.627451211214065552e-02 6.980392336845397949e-01 1.882352977991104126e-01 6.980392336845397949e-01
1.882352977991104126e-01 6.980392336845397949e-01 1.882352977991104126e-01 5.176470875740051270e-01
1.882352977991104126e-01 5.176470875740051270e-01 1.882352977991104126e-01 5.176470875740051270e-01
