7.176470756530761719e-01 3.764705955982208252e-01 5.921568870544433594e-01 3.764705955982208252e-01
5.921568870544433594e-01 3.764705955982208252e-01 5.921568870544433594e-01 4.784313738346099854e-01
5.921568870544433594e-01 4.784313738346099854e-01 7.176470756530761719e-01 4.784313738346099854e-01
7.176470756530761719e-01 4.784313738346099854e-01 7.176470756530761719e-01 3.764705955982208252e-01
7.176470756530761719e-01 3.764705955982208252e-01 7.176470756530761719e-01 3.764705955982208252e-01
7.254902124404907227e-01 6.705882549285888672e-01 5.019608139991760254e-01 6.705882549285888672e-01
5.019608139991760254e-01 6.705882549285888672e-01 5.019608139991760254e-01 7.882353067398071289e-01
5.019608139991760254e-01 7.882353067398071289e-01 7.254902124404907227e-01 7.882353067398071289e-01
7.254902124404907227e-01 7.882353067398071289e-01 7.254902124404907227e-01 6.705882549285888672e-01
7.254902124404907227e-01 6.705882549285888672e-01 7.254902124404907227e-01 6.705882549285888672e-01
5.254902243614196777e-01 2.588235437870025635e-01 3.176470696926116943e-01 2.588235437870025635e-01
3.176470696926116943e-01 2.588235437870025635e-01 3.176470696926116943e-01 4.352941215038299561e-01
3.176470696926116943e-01 4.352941215038299561e-01 3.176470696926116943e-01 4.745098054409027100e-01
3.176470696926116943e-01 4.745098054409027100e-01 4.235294163227081299e-01 4.745098054409027100e-01
4.235294163227081299e-01 4.745098054409027100e-01 5.254902243614196777e-01 4.745098054409027100e-01
5.254902243614196777e-01 4.745098054409027100e-01 5.254902243614196777e-01 3.764705955982208252e-01
5.254902243614196777e-01 3.764705955982208252e-01 5.254902243614196777e-01 2.588235437870025635e-01
5.254902243614196777e-01 2.588235437870025635e-01 5.254902243614196777e-01 2.588235437870025635e-01
5.254902243614196777e-01 2.117647081613540649e-01 5.254902243614196777e-01 2.588235437870025635e-01
5.254902243614196777e-01 2.588235437870025635e-01 5.254902243614196777e-01 3.764705955982208252e-01
5.254902243614196777e-01 3.764705955982208252e-01 5.921568870544433594e-01 3.764705955982208252e-01
5.921568870544433594e-01 3.764705955982208252e-01 7.176470756530761719e-01 3.764705955982208252e-01
7.176470756530761719e-01 3.764705955982208252e-01 7.176470756530761719e-01 2.117647081613540649e-01
7.176470756530761719e-01 2.117647081613540649e-01 5.254902243614196777e-01 2.117647081613540649e-01
5.254902243614196777e-01 2.117647081613540649e-01 5.254902243614196777e-01 2.117647081613540649e-01
5.254902243614196777e-01 4.745098054409027100e-01 4.235294163227081299e-01 4.745098054409027100e-01
4.235294163227081299e-01 4.745098054409027100e-01 4.235294163227081299e-01 6.705882549285888672e-01
4.235294163227081299e-01 6.705882549285888672e-01 5.019608139991760254e-01 6.705882549285888672e-01
5.019608139991760254e-01 6.705882549285888672e-01 7.254902124404907227e-01 6.705882549285888672e-01
7.254902124404907227e-01 6.705882549285888672e-01 7.607843279838562012e-01 6.705882549285888672e-01
7.607843279838562012e-01 6.705882549285888672e-01 7.607843279838562012e-01 3.764705955982208252e-01
7.607843279838562012e-01 3.764705955982208252e-01 7.176470756530761719e-01 3.764705955982208252e-01
7.176470756530761719e-01 3.764705955982208252e-01 7.176470756530761719e-01 4.784313738346099854e-01
7.176470756530761719e-01 4.784313738346099854e-01 5.921568870544433594e-01 4.784313738346099854e-01
5.921568870544433594e-01 4.784313738346099854e-01 5.921568870544433594e-01 3.764705955982208252e-01
5.921568870544433594e-01 3.764705955982208252e-01 5.254902243614196777e-01 3.764705955982208252e-01
5.254902243614196777e-01 3.764705955982208252e-01 5.254902243614196777e-01 4.745098054409027100e-01
5.254902243614196777e-01 4.745098054409027100e-01 5.254902243614196777e-01 4.745098054409027100e-01
3.176470696926116943e-01 2.588235437870025635e-01 3.176470696926116943e-01 2.117647081613540649e-01
3.176470696926116943e-01 2.117647081613540649e-01 2.392156869173049927e-01 2.117647081613540649e-01
2.392156869173049927e-01 2.117647081613540649e-01 2.392156869173049927e-01 4.352941215038299561e-01
2.392156869173049927e-01 4.352941215038299561e-01 3.176470696926116943e-01 4.352941215038299561e-01
3.176470696926116943e-01 4.352941215038299561e-01 3.176470696926116943e-01 2.588235437870025635e-01
3.176470696926116943e-01 2.588235437870025635e-01 3.176470696926116943e-01 2.588235437870025635e-01
