8.196078538894653320e-01 2.039215713739395142e-01 7.254902124404907227e-01 2.039215713739395142e-01
7.254902124404907227e-01 2.039215713739395142e-01 7.254902124404907227e-01 2.980392277240753174e-01
7.254902124404907227e-01 2.980392277240753174e-01 7.254902124404907227e-01 4.196078479290008545e-01
7.254902124404907227e-01 4.196078479290008545e-01 8.196078538894653320e-01 4.196078479290008545e-01
8.196078538894653320e-01 4.196078479290008545e-01 8.196078538894653320e-01 2.980392277240753174e-01
8.196078538894653320e-01 2.980392277240753174e-01 8.196078538894653320e-01 2.039215713739395142e-01
8.196078538894653320e-01 2.039215713739395142e-01 8.196078538894653320e-01 2.039215713739395142e-01
3.058823645114898682e-01 5.098039507865905762e-01 3.058823645114898682e-01 4.235294163227081299e-01
3.058823645114898682e-01 4.235294163227081299e-01 2.274509817361831665e-01 4.235294163227081299e-01
2.274509817361831665e-01 4.235294163227081299e-01 1.803921610116958618e-01 4.235294163227081299e-01
1.803921610116958618e-01 4.235294163227081299e-01 1.803921610116958618e-01 5.098039507865905762e-01
1.803921610116958618e-01 5.098039507865905762e-01 1.803921610116958618e-01 5.568627715110778809e-01
1.803921610116958618e-01 5.568627715110778809e-01 3.058823645114898682e-01 5.568627715110778809e-01
3.058823645114898682e-01 5.568627715110778809e-01 3.058823645114898682e-01 5.098039507865905762e-01
3.058823645114898682e-01 5.098039507865905762e-01 3.058823645114898682e-01 5.098039507865905762e-01
3.882353007793426514e-01 8.392156958580017090e-01 6.352941393852233887e-01 8.392156958580017090e-01
6.352941393852233887e-01 8.392156958580017090e-01 6.352941393852233887e-01 7.372549176216125488e-01
6.352941393852233887e-01 7.372549176216125488e-01 3.882353007793426514e-01 7.372549176216125488e-01
3.882353007793426514e-01 7.372549176216125488e-01 3.882353007793426514e-01 8.392156958580017090e-01
3.882353007793426514e-01 8.392156958580017090e-01 3.882353007793426514e-01 8.392156958580017090e-01
3.882353007793426514e-01 5.098039507865905762e-01 3.058823645114898682e-01 5.098039507865905762e-01
3.058823645114898682e-01 5.098039507865905762e-01 3.058823645114898682e-01 5.568627715110778809e-01
3.058823645114898682e-01 5.568627715110778809e-01 1.803921610116958618e-01 5.568627715110778809e-01
1.803921610116958618e-01 5.568627715110778809e-01 1.803921610116958618e-01 8.392156958580017090e-01
1.803921610116958618e-01 8.392156958580017090e-01 3.882353007793426514e-01 8.392156958580017090e-01
3.882353007793426514e-01 8.392156958580017090e-01 3.882353007793426514e-01 7.372549176216125488e-01
3.882353007793426514e-01 7.372549176216125488e-01 3.882353007793426514e-01 5.098039507865905762e-01
3.882353007793426514e-01 5.098039507865905762e-01 3.882353007793426514e-01 5.098039507865905762e-01
5.529412031173706055e-01 2.078431397676467896e-01 3.882353007793426514e-01 2.078431397676467896e-01
3.882353007793426514e-01 2.078431397676467896e-01 3.882353007793426514e-01 2.980392277240753174e-01
3.882353007793426514e-01 2.980392277240753174e-01 3.882353007793426514e-01 4.235294163227081299e-01
3.882353007793426514e-01 4.235294163227081299e-01 5.529412031173706055e-01 4.235294163227081299e-01
5.529412031173706055e-01 4.235294163227081299e-01 5.529412031173706055e-01 2.980392277240753174e-01
5.529412031173706055e-01 2.980392277240753174e-01 5.529412031173706055e-01 2.078431397676467896e-01
5.529412031173706055e-01 2.078431397676467896e-01 5.529412031173706055e-01 2.078431397676467896e-01
3.882353007793426514e-01 2.078431397676467896e-01 2.274509817361831665e-01 2.078431397676467896e-01
2.274509817361831665e-01 2.078431397676467896e-01 2.274509817361831665e-01 4.235294163227081299e-01
2.274509817361831665e-01 4.235294163227081299e-01 3.058823645114898682e-01 4.235294163227081299e-01
3.058823645114898682e-01 4.235294163227081299e-01 3.882353007793426514e-01 4.235294163227081299e-01
3.882353007793426514e-01 4.235294163227081299e-01 3.882353007793426514e-01 2.980392277240753174e-01
3.882353007793426514e-01 2.980392277240753174e-01 3.882353007793426514e-01 2.078431397676467896e-01
3.882353007793426514e-01 2.078431397676467896e-01 3.882353007793426514e-01 2.078431397676467896e-01
3.058823645114898682e-01 5.098039507865905762e-01 3.882353007793426514e-01 5.098039507865905762e-01
3.882353007793426514e-01 5.098039507865905762e-01 3.882353007793426514e-01 7.372549176216125488e-01
3.882353007793426514e-01 7.372549176216125488e-01 6.352941393852233887e-01 7.372549176216125488e-01
6.352941393852233887e-01 7.372549176216125488e-01 8.196078538894653320e-01 7.372549176216125488e-01
8.196078538894653320e-01 7.372549176216125488e-01 8.196078538894653320e-01 4.196078479290008545e-01
8.196078538894653320e-01 4.196078479290008545e-01 7.254902124404907227e-01 4.196078479290008545e-01
7.254902124404907227e-01 4.196078479290008545e-01 7.254902124404907227e-01 2.980392277240753174e-01
7.254902124404907227e-01 2.980392277240753174e-01 5.529412031173706055e-01 2.980392277240753174e-01
5.529412031173706055e-01 2.980392277240753174e-01 5.529412031173706055e-01 4.235294163227081299e-01
5.529412031173706055e-01 4.235294163227081299e-01 3.882353007793426514e-01 4.235294163227081299e-01
3.882353007793426514e-01 4.235294163227081299e-01 3.058823645114898682e-01 4.235294163227081299e-01
3.058823645114898682e-01 4.235294163227081299e-01 3.058823645114898682e-01 5.098039507865905762e-01
3.058823645114898682e-01 5.098039507865905762e-01 3.058823645114898682e-01 5.098039507865905762e-01
5.529412031173706055e-01 1.647058874368667603e-01 5.529412031173706055e-01 2.078431397676467896e-01
5.529412031173706055e-01 2.078431397676467896e-01 5.529412031173706055e-01 2.980392277240753174e-01
5.529412031173706055e-01 2.980392277240753174e-01 7.254902124404907227e-01 2.980392277240753174e-01
7.254902124404907227e-01 2.980392277240753174e-01 7.254902124404907227e-01 2.039215713739395142e-01
7.254902124404907227e-01 2.039215713739395142e-01 7.254902124404907227e-01 1.647058874368667603e-01
7.254902124404907227e-01 1.647058874368667603e-01 5.529412031173706055e-01 1.647058874368667603e-01
5.529412031173706055e-01 1.647058874368667603e-01 5.529412031173706055e-01 1.647058874368667603e-01
