6.039215922355651855e-01 5.647059082984924316e-01 7.294117808341979980e-01 5.647059082984924316e-01
7.294117808341979980e-01 5.647059082984924316e-01 7.294117808341979980e-01 2.941176593303680420e-01
7.294117808341979980e-01 2.941176593303680420e-01 5.215686559677124023e-01 2.941176593303680420e-01
5.215686559677124023e-01 2.941176593303680420e-01 5.215686559677124023e-01 4.941176474094390869e-01
5.215686559677124023e-01 4.941176474094390869e-01 4.039215743541717529e-01 4.941176474094390869e-01
4.039215743541717529e-01 4.941176474094390869e-01 4.039215743541717529e-01 5.647059082984924316e-01
4.039215743541717529e-01 5.647059082984924316e-01 4.039215743541717529e-01 7.098039388656616211e-01
4.039215743541717529e-01 7.098039388656616211e-01 6.039215922355651855e-01 7.098039388656616211e-01
6.039215922355651855e-01 7.098039388656616211e-01 6.039215922355651855e-01 5.647059082984924316e-01
6.039215922355651855e-01 5.647059082984924316e-01 6.039215922355651855e-01 5.647059082984924316e-01
7.294117808341979980e-01 5.647059082984924316e-01 6.039215922355651855e-01 5.647059082984924316e-01
6.039215922355651855e-01 5.647059082984924316e-01 6.039215922355651855e-01 7.098039388656616211e-01
6.039215922355651855e-01 7.098039388656616211e-01 7.294117808341979980e-01 7.098039388656616211e-01
7.294117808341979980e-01 7.098039388656616211e-01 7.294117808341979980e-01 5.647059082984924316e-01
7.294117808341979980e-01 5.647059082984924316e-01 7.294117808341979980e-01 5.647059082984924316e-01
5.215686559677124023e-01 2.941176593303680420e-01 4.039215743541717529e-01 2.941176593303680420e-01
4.039215743541717529e-01 2.941176593303680420e-01 4.039215743541717529e-01 4.941176474094390869e-01
4.039215743541717529e-01 4.941176474094390869e-01 5.215686559677124023e-01 4.941176474094390869e-01
5.215686559677124023e-01 4.941176474094390869e-01 5.215686559677124023e-01 2.941176593303680420e-01
5.215686559677124023e-01 2.941176593303680420e-01 5.215686559677124023e-01 2.941176593303680420e-01
2.745098173618316650e-01 7.098039388656616211e-01 4.039215743541717529e-01 7.098039388656616211e-01
4.039215743541717529e-01 7.098039388656616211e-01 4.039215743541717529e-01 5.647059082984924316e-01
4.039215743541717529e-01 5.647059082984924316e-01 2.745098173618316650e-01 5.647059082984924316e-01
2.745098173618316650e-01 5.647059082984924316e-01 2.745098173618316650e-01 7.098039388656616211e-01
2.745098173618316650e-01 7.098039388656616211e-01 2.745098173618316650e-01 7.098039388656616211e-01
4.039215743541717529e-01 2.941176593303680420e-01 2.745098173618316650e-01 2.941176593303680420e-01
2.745098173618316650e-01 2.941176593303680420e-01 2.745098173618316650e-01 5.647059082984924316e-01
2.745098173618316650e-01 5.647059082984924316e-01 4.039215743541717529e-01 5.647059082984924316e-01
4.039215743541717529e-01 5.647059082984924316e-01 4.039215743541717529e-01 4.941176474094390869e-01
4.039215743541717529e-01 4.941176474094390869e-01 4.039215743541717529e-01 2.941176593303680420e-01
4.039215743541717529e-01 2.941176593303680420e-01 4.039215743541717529e-01 2.941176593303680420e-01
