4.666666686534881592e-01 4.274509847164154053e-01 3.019607961177825928e-01 4.274509847164154053e-01
3.019607961177825928e-01 4.274509847164154053e-01 3.019607961177825928e-01 5.647059082984924316e-01
3.019607961177825928e-01 5.647059082984924316e-01 4.666666686534881592e-01 5.647059082984924316e-01
4.666666686534881592e-01 5.647059082984924316e-01 4.666666686534881592e-01 4.274509847164154053e-01
4.666666686534881592e-01 4.274509847164154053e-01 4.666666686534881592e-01 4.274509847164154053e-01
4.666666686534881592e-01 5.647059082984924316e-01 3.019607961177825928e-01 5.647059082984924316e-01
3.019607961177825928e-01 5.647059082984924316e-01 3.019607961177825928e-01 8.117647171020507812e-01
3.019607961177825928e-01 8.117647171020507812e-01 4.666666686534881592e-01 8.117647171020507812e-01
4.666666686534881592e-01 8.117647171020507812e-01 4.666666686534881592e-01 5.647059082984924316e-01
4.666666686534881592e-01 5.647059082984924316e-01 4.666666686534881592e-01 5.647059082984924316e-01
3.019607961177825928e-01 4.274509847164154053e-01 4.666666686534881592e-01 4.274509847164154053e-01
4.666666686534881592e-01 4.274509847164154053e-01 4.666666686534881592e-01 1.960784345865249634e-01
4.666666686534881592e-01 1.960784345865249634e-01 3.019607961177825928e-01 1.960784345865249634e-01
3.019607961177825928e-01 1.960784345865249634e-01 3.019607961177825928e-01 4.274509847164154053e-01
3.019607961177825928e-01 4.274509847164154053e-01 3.019607961177825928e-01 4.274509847164154053e-01
4.666666686534881592e-01 1.960784345865249634e-01 4.666666686534881592e-01 4.274509847164154053e-01
4.666666686534881592e-01 4.274509847164154053e-01 4.666666686534881592e-01 5.647059082984924316e-01
4.666666686534881592e-01 5.647059082984924316e-01 4.666666686534881592e-01 8.117647171020507812e-01
4.666666686534881592e-01 8.117647171020507812e-01 4.666666686534881592e-01 8.784313797950744629e-01
4.666666686534881592e-01 8.784313797950744629e-01 6.980392336845397949e-01 8.784313797950744629e-01
6.980392336845397949e-01 8.784313797950744629e-01 6.980392336845397949e-01 1.960784345865249634e-01
6.980392336845397949e-01 1.960784345865249634e-01 6.352941393852233887e-01 1.960784345865249634e-01
6.352941393852233887e-01 1.960784345865249634e-01 4.666666686534881592e-01 1.960784345865249634e-01
4.666666686534881592e-01 1.960784345865249634e-01 4.666666686534881592e-01 1.960784345865249634e-01
4.666666686534881592e-01 1.215686276555061340e-01 4.666666686534881592e-01 1.960784345865249634e-01
4.666666686534881592e-01 1.960784345865249634e-01 6.352941393852233887e-01 1.960784345865249634e-01
6.352941393852233887e-01 1.960784345865249634e-01 6.352941393852233887e-01 1.215686276555061340e-01
6.352941393852233887e-01 1.215686276555061340e-01 4.666666686534881592e-01 1.215686276555061340e-01
4.666666686534881592e-01 1.215686276555061340e-01 4.666666686534881592e-01 1.215686276555061340e-01
