5.843137502670288086e-01 1.647058874368667603e-01 4.823529422283172607e-01 1.647058874368667603e-01
4.823529422283172607e-01 1.647058874368667603e-01 4.823529422283172607e-01 3.019607961177825928e-01
4.823529422283172607e-01 3.019607961177825928e-01 5.843137502670288086e-01 3.019607961177825928e-01
5.843137502670288086e-01 3.019607961177825928e-01 5.843137502670288086e-01 2.470588237047195435e-01
5.843137502670288086e-01 2.470588237047195435e-01 5.843137502670288086e-01 1.647058874368667603e-01
5.843137502670288086e-01 1.647058874368667603e-01 5.843137502670288086e-01 1.647058874368667603e-01
3.058823645114898682e-01 3.607843220233917236e-01 2.039215713739395142e-01 3.607843220233917236e-01
2.039215713739395142e-01 3.607843220233917236e-01 2.039215713739395142e-01 5.803921818733215332e-01
2.039215713739395142e-01 5.803921818733215332e-01 3.058823645114898682e-01 5.803921818733215332e-01
3.058823645114898682e-01 5.803921818733215332e-01 3.058823645114898682e-01 3.607843220233917236e-01
3.058823645114898682e-01 3.607843220233917236e-01 3.058823645114898682e-01 3.607843220233917236e-01
4.823529422283172607e-01 1.647058874368667603e-01 3.058823645114898682e-01 1.647058874368667603e-01
3.058823645114898682e-01 1.647058874368667603e-01 3.058823645114898682e-01 3.019607961177825928e-01
3.058823645114898682e-01 3.019607961177825928e-01 3.058823645114898682e-01 3.607843220233917236e-01
3.058823645114898682e-01 3.607843220233917236e-01 4.823529422283172607e-01 3.607843220233917236e-01
4.823529422283172607e-01 3.607843220233917236e-01 4.823529422283172607e-01 3.019607961177825928e-01
4.823529422283172607e-01 3.019607961177825928e-01 4.823529422283172607e-01 1.647058874368667603e-01
4.823529422283172607e-01 1.647058874368667603e-01 4.823529422283172607e-01 1.647058874368667603e-01
7.529411911964416504e-01 2.470588237047195435e-01 5.843137502670288086e-01 2.470588237047195435e-01
5.843137502670288086e-01 2.470588237047195435e-01 5.843137502670288086e-01 3.019607961177825928e-01
5.843137502670288086e-01 3.019607961177825928e-01 5.843137502670288086e-01 4.313725531101226807e-01
5.843137502670288086e-01 4.313725531101226807e-01 7.529411911964416504e-01 4.313725531101226807e-01
7.529411911964416504e-01 4.313725531101226807e-01 7.529411911964416504e-01 2.470588237047195435e-01
7.529411911964416504e-01 2.470588237047195435e-01 7.529411911964416504e-01 2.470588237047195435e-01
7.529411911964416504e-01 4.313725531101226807e-01 5.843137502670288086e-01 4.313725531101226807e-01
5.843137502670288086e-01 4.313725531101226807e-01 5.843137502670288086e-01 6.000000238418579102e-01
5.843137502670288086e-01 6.000000238418579102e-01 7.529411911964416504e-01 6.000000238418579102e-01
7.529411911964416504e-01 6.000000238418579102e-01 7.529411911964416504e-01 4.313725531101226807e-01
7.529411911964416504e-01 4.313725531101226807e-01 7.529411911964416504e-01 4.313725531101226807e-01
4.823529422283172607e-01 3.607843220233917236e-01 3.058823645114898682e-01 3.607843220233917236e-01
3.058823645114898682e-01 3.607843220233917236e-01 3.058823645114898682e-01 5.803921818733215332e-01
3.058823645114898682e-01 5.803921818733215332e-01 3.058823645114898682e-01 7.372549176216125488e-01
3.058823645114898682e-01 7.372549176216125488e-01 5.843137502670288086e-01 7.372549176216125488e-01
5.843137502670288086e-01 7.372549176216125488e-01 5.843137502670288086e-01 6.000000238418579102e-01
5.843137502670288086e-01 6.000000238418579102e-01 5.843137502670288086e-01 4.313725531101226807e-01
5.843137502670288086e-01 4.313725531101226807e-01 5.843137502670288086e-01 3.019607961177825928e-01
5.843137502670288086e-01 3.019607961177825928e-01 4.823529422283172607e-01 3.019607961177825928e-01
4.823529422283172607e-01 3.019607961177825928e-01 4.823529422283172607e-01 3.607843220233917236e-01
4.823529422283172607e-01 3.607843220233917236e-01 4.823529422283172607e-01 3.607843220233917236e-01
8.000000119209289551e-01 7.372549176216125488e-01 6.509804129600524902e-01 7.372549176216125488e-01
6.509804129600524902e-01 7.372549176216125488e-01 6.509804129600524902e-01 8.352941274642944336e-01
6.509804129600524902e-01 8.352941274642944336e-01 8.000000119209289551e-01 8.352941274642944336e-01
8.000000119209289551e-01 8.352941274642944336e-01 8.000000119209289551e-01 7.372549176216125488e-01
8.000000119209289551e-01 7.372549176216125488e-01 8.000000119209289551e-01 7.372549176216125488e-01
5.843137502670288086e-01 6.000000238418579102e-01 5.843137502670288086e-01 7.372549176216125488e-01
5.843137502670288086e-01 7.372549176216125488e-01 6.509804129600524902e-01 7.372549176216125488e-01
6.509804129600524902e-01 7.372549176216125488e-01 8.000000119209289551e-01 7.372549176216125488e-01
8.000000119209289551e-01 7.372549176216125488e-01 8.000000119209289551e-01 6.000000238418579102e-01
8.000000119209289551e-01 6.000000238418579102e-01 7.529411911964416504e-01 6.000000238418579102e-01
7.529411911964416504e-01 6.000000238418579102e-01 5.843137502670288086e-01 6.000000238418579102e-01
5.843137502670288086e-01 6.000000238418579102e-01 5.843137502670288086e-01 6.000000238418579102e-01
