3.647058904170989990e-01 4.549019634723663330e-01 4.509803950786590576e-01 4.549019634723663330e-01
4.509803950786590576e-01 4.549019634723663330e-01 4.509803950786590576e-01 5.725490450859069824e-01
4.509803950786590576e-01 5.725490450859069824e-01 3.647058904170989990e-01 5.725490450859069824e-01
3.647058904170989990e-01 5.725490450859069824e-01 3.647058904170989990e-01 6.431372761726379395e-01
3.647058904170989990e-01 6.431372761726379395e-01 4.509803950786590576e-01 6.431372761726379395e-01
4.509803950786590576e-01 6.431372761726379395e-01 4.509803950786590576e-01 6.862745285034179688e-01
4.509803950786590576e-01 6.862745285034179688e-01 6.392157077789306641e-01 6.862745285034179688e-01
6.392157077789306641e-01 6.862745285034179688e-01 6.392157077789306641e-01 3.647058904170989990e-01
6.392157077789306641e-01 3.647058904170989990e-01 4.431372582912445068e-01 3.647058904170989990e-01
4.431372582912445068e-01 3.647058904170989990e-01 3.647058904170989990e-01 3.647058904170989990e-01
3.647058904170989990e-01 3.647058904170989990e-01 3.647058904170989990e-01 4.549019634723663330e-01
3.647058904170989990e-01 4.549019634723663330e-01 3.647058904170989990e-01 4.549019634723663330e-01
4.509803950786590576e-01 4.549019634723663330e-01 3.647058904170989990e-01 4.549019634723663330e-01
3.647058904170989990e-01 4.549019634723663330e-01 3.647058904170989990e-01 5.725490450859069824e-01
3.647058904170989990e-01 5.725490450859069824e-01 4.509803950786590576e-01 5.725490450859069824e-01
4.509803950786590576e-01 5.725490450859069824e-01 4.509803950786590576e-01 4.549019634723663330e-01
4.509803950786590576e-01 4.549019634723663330e-01 4.509803950786590576e-01 4.549019634723663330e-01
6.392157077789306641e-01 8.666666746139526367e-01 6.392157077789306641e-01 6.862745285034179688e-01
6.392157077789306641e-01 6.862745285034179688e-01 4.509803950786590576e-01 6.862745285034179688e-01
4.509803950786590576e-01 6.862745285034179688e-01 4.509803950786590576e-01 8.666666746139526367e-01
4.509803950786590576e-01 8.666666746139526367e-01 6.392157077789306641e-01 8.666666746139526367e-01
6.392157077789306641e-01 8.666666746139526367e-01 6.392157077789306641e-01 8.666666746139526367e-01
3.647058904170989990e-01 6.431372761726379395e-01 3.647058904170989990e-01 6.862745285034179688e-01
3.647058904170989990e-01 6.862745285034179688e-01 3.647058904170989990e-01 8.666666746139526367e-01
3.647058904170989990e-01 8.666666746139526367e-01 4.509803950786590576e-01 8.666666746139526367e-01
4.509803950786590576e-01 8.666666746139526367e-01 4.509803950786590576e-01 6.862745285034179688e-01
4.509803950786590576e-01 6.862745285034179688e-01 4.509803950786590576e-01 6.431372761726379395e-01
4.509803950786590576e-01 6.431372761726379395e-01 3.647058904170989990e-01 6.431372761726379395e-01
3.647058904170989990e-01 6.431372761726379395e-01 3.647058904170989990e-01 6.431372761726379395e-01
6.392157077789306641e-01 1.333333402872085571e-01 4.431372582912445068e-01 1.333333402872085571e-01
4.431372582912445068e-01 1.333333402872085571e-01 4.431372582912445068e-01 3.647058904170989990e-01
4.431372582912445068e-01 3.647058904170989990e-01 6.392157077789306641e-01 3.647058904170989990e-01
6.392157077789306641e-01 3.647058904170989990e-01 6.392157077789306641e-01 1.333333402872085571e-01
6.392157077789306641e-01 1.333333402872085571e-01 6.392157077789306641e-01 1.333333402872085571e-01
