3.372549116611480713e-01 4.980392158031463623e-01 3.372549116611480713e-01 4.196078479290008545e-01
3.372549116611480713e-01 4.196078479290008545e-01 2.666666805744171143e-01 4.196078479290008545e-01
2.666666805744171143e-01 4.196078479290008545e-01 2.039215713739395142e-01 4.196078479290008545e-01
2.039215713739395142e-01 4.196078479290008545e-01 2.039215713739395142e-01 4.980392158031463623e-01
2.039215713739395142e-01 4.980392158031463623e-01 2.039215713739395142e-01 5.568627715110778809e-01
2.039215713739395142e-01 5.568627715110778809e-01 3.372549116611480713e-01 5.568627715110778809e-01
3.372549116611480713e-01 5.568627715110778809e-01 3.372549116611480713e-01 4.980392158031463623e-01
3.372549116611480713e-01 4.980392158031463623e-01 3.372549116611480713e-01 4.980392158031463623e-01
7.254902124404907227e-01 1.960784345865249634e-01 6.117647290229797363e-01 1.960784345865249634e-01
6.117647290229797363e-01 1.960784345865249634e-01 6.117647290229797363e-01 3.333333432674407959e-01
6.117647290229797363e-01 3.333333432674407959e-01 6.745098233222961426e-01 3.333333432674407959e-01
6.745098233222961426e-01 3.333333432674407959e-01 7.254902124404907227e-01 3.333333432674407959e-01
7.254902124404907227e-01 3.333333432674407959e-01 7.254902124404907227e-01 1.960784345865249634e-01
7.254902124404907227e-01 1.960784345865249634e-01 7.254902124404907227e-01 1.960784345865249634e-01
4.039215743541717529e-01 8.039215803146362305e-01 6.392157077789306641e-01 8.039215803146362305e-01
6.392157077789306641e-01 8.039215803146362305e-01 6.392157077789306641e-01 7.058823704719543457e-01
6.392157077789306641e-01 7.058823704719543457e-01 4.039215743541717529e-01 7.058823704719543457e-01
4.039215743541717529e-01 7.058823704719543457e-01 4.039215743541717529e-01 8.039215803146362305e-01
4.039215743541717529e-01 8.039215803146362305e-01 4.039215743541717529e-01 8.039215803146362305e-01
4.039215743541717529e-01 4.980392158031463623e-01 3.372549116611480713e-01 4.980392158031463623e-01
3.372549116611480713e-01 4.980392158031463623e-01 3.372549116611480713e-01 5.568627715110778809e-01
3.372549116611480713e-01 5.568627715110778809e-01 2.039215713739395142e-01 5.568627715110778809e-01
2.039215713739395142e-01 5.568627715110778809e-01 2.039215713739395142e-01 8.039215803146362305e-01
2.039215713739395142e-01 8.039215803146362305e-01 4.039215743541717529e-01 8.039215803146362305e-01
4.039215743541717529e-01 8.039215803146362305e-01 4.039215743541717529e-01 7.058823704719543457e-01
4.039215743541717529e-01 7.058823704719543457e-01 4.039215743541717529e-01 4.980392158031463623e-01
4.039215743541717529e-01 4.980392158031463623e-01 4.039215743541717529e-01 4.980392158031463623e-01
6.392157077789306641e-01 8.039215803146362305e-01 7.960784435272216797e-01 8.039215803146362305e-01
7.960784435272216797e-01 8.039215803146362305e-01 7.960784435272216797e-01 4.705882370471954346e-01
7.960784435272216797e-01 4.705882370471954346e-01 6.745098233222961426e-01 4.705882370471954346e-01
6.745098233222961426e-01 4.705882370471954346e-01 6.392157077789306641e-01 4.705882370471954346e-01
6.392157077789306641e-01 4.705882370471954346e-01 6.392157077789306641e-01 7.058823704719543457e-01
6.392157077789306641e-01 7.058823704719543457e-01 6.392157077789306641e-01 8.039215803146362305e-01
6.392157077789306641e-01 8.039215803146362305e-01 6.392157077789306641e-01 8.039215803146362305e-01
4.470588266849517822e-01 1.960784345865249634e-01 2.666666805744171143e-01 1.960784345865249634e-01
2.666666805744171143e-01 1.960784345865249634e-01 2.666666805744171143e-01 4.196078479290008545e-01
2.666666805744171143e-01 4.196078479290008545e-01 3.372549116611480713e-01 4.196078479290008545e-01
3.372549116611480713e-01 4.196078479290008545e-01 4.470588266849517822e-01 4.196078479290008545e-01
4.470588266849517822e-01 4.196078479290008545e-01 4.470588266849517822e-01 3.333333432674407959e-01
4.470588266849517822e-01 3.333333432674407959e-01 4.470588266849517822e-01 1.960784345865249634e-01
4.470588266849517822e-01 1.960784345865249634e-01 4.470588266849517822e-01 1.960784345865249634e-01
3.372549116611480713e-01 4.980392158031463623e-01 4.039215743541717529e-01 4.980392158031463623e-01
4.039215743541717529e-01 4.980392158031463623e-01 4.039215743541717529e-01 7.058823704719543457e-01
4.039215743541717529e-01 7.058823704719543457e-01 6.392157077789306641e-01 7.058823704719543457e-01
6.392157077789306641e-01 7.058823704719543457e-01 6.392157077789306641e-01 4.705882370471954346e-01
6.392157077789306641e-01 4.705882370471954346e-01 6.745098233222961426e-01 4.705882370471954346e-01
6.745098233222961426e-01 4.705882370471954346e-01 6.745098233222961426e-01 3.333333432674407959e-01
6.745098233222961426e-01 3.333333432674407959e-01 6.117647290229797363e-01 3.333333432674407959e-01
6.117647290229797363e-01 3.333333432674407959e-01 4.470588266849517822e-01 3.333333432674407959e-01
4.470588266849517822e-01 3.333333432674407959e-01 4.470588266849517822e-01 4.196078479290008545e-01
4.470588266849517822e-01 4.196078479290008545e-01 3.372549116611480713e-01 4.196078479290008545e-01
3.372549116611480713e-01 4.196078479290008545e-01 3.372549116611480713e-01 4.980392158031463623e-01
3.372549116611480713e-01 4.980392158031463623e-01 3.372549116611480713e-01 4.980392158031463623e-01
6.117647290229797363e-01 1.960784345865249634e-01 4.470588266849517822e-01 1.960784345865249634e-01
4.470588266849517822e-01 1.960784345865249634e-01 4.470588266849517822e-01 3.333333432674407959e-01
4.470588266849517822e-01 3.333333432674407959e-01 6.117647290229797363e-01 3.333333432674407959e-01
6.117647290229797363e-01 3.333333432674407959e-01 6.117647290229797363e-01 1.960784345865249634e-01
6.117647290229797363e-01 1.960784345865249634e-01 6.117647290229797363e-01 1.960784345865249634e-01
