3.098039329051971436e-01 3.921568691730499268e-01 3.098039329051971436e-01 5.058823823928833008e-01
3.098039329051971436e-01 5.058823823928833008e-01 4.431372582912445068e-01 5.058823823928833008e-01
4.431372582912445068e-01 5.058823823928833008e-01 4.431372582912445068e-01 3.921568691730499268e-01
4.431372582912445068e-01 3.921568691730499268e-01 3.098039329051971436e-01 3.921568691730499268e-01
3.098039329051971436e-01 3.921568691730499268e-01 3.098039329051971436e-01 3.921568691730499268e-01
6.901960968971252441e-01 6.352941393852233887e-01 5.058823823928833008e-01 6.352941393852233887e-01
5.058823823928833008e-01 6.352941393852233887e-01 5.058823823928833008e-01 7.294117808341979980e-01
5.058823823928833008e-01 7.294117808341979980e-01 6.901960968971252441e-01 7.294117808341979980e-01
6.901960968971252441e-01 7.294117808341979980e-01 6.901960968971252441e-01 6.352941393852233887e-01
6.901960968971252441e-01 6.352941393852233887e-01 6.901960968971252441e-01 6.352941393852233887e-01
4.431372582912445068e-01 6.352941393852233887e-01 3.098039329051971436e-01 6.352941393852233887e-01
3.098039329051971436e-01 6.352941393852233887e-01 3.098039329051971436e-01 8.313725590705871582e-01
3.098039329051971436e-01 8.313725590705871582e-01 5.058823823928833008e-01 8.313725590705871582e-01
5.058823823928833008e-01 8.313725590705871582e-01 5.058823823928833008e-01 7.294117808341979980e-01
5.058823823928833008e-01 7.294117808341979980e-01 5.058823823928833008e-01 6.352941393852233887e-01
5.058823823928833008e-01 6.352941393852233887e-01 4.431372582912445068e-01 6.352941393852233887e-01
4.431372582912445068e-01 6.352941393852233887e-01 4.431372582912445068e-01 6.352941393852233887e-01
3.098039329051971436e-01 2.431372553110122681e-01 3.098039329051971436e-01 3.921568691730499268e-01
3.098039329051971436e-01 3.921568691730499268e-01 4.431372582912445068e-01 3.921568691730499268e-01
4.431372582912445068e-01 3.921568691730499268e-01 4.901960790157318115e-01 3.921568691730499268e-01
4.901960790157318115e-01 3.921568691730499268e-01 4.901960790157318115e-01 2.823529541492462158e-01
4.901960790157318115e-01 2.823529541492462158e-01 4.901960790157318115e-01 2.431372553110122681e-01
4.901960790157318115e-01 2.431372553110122681e-01 4.431372582912445068e-01 2.431372553110122681e-01
4.431372582912445068e-01 2.431372553110122681e-01 3.098039329051971436e-01 2.431372553110122681e-01
3.098039329051971436e-01 2.431372553110122681e-01 3.098039329051971436e-01 2.431372553110122681e-01
3.098039329051971436e-01 6.352941393852233887e-01 4.431372582912445068e-01 6.352941393852233887e-01
4.431372582912445068e-01 6.352941393852233887e-01 4.431372582912445068e-01 5.058823823928833008e-01
4.431372582912445068e-01 5.058823823928833008e-01 3.098039329051971436e-01 5.058823823928833008e-01
3.098039329051971436e-01 5.058823823928833008e-01 3.098039329051971436e-01 6.352941393852233887e-01
3.098039329051971436e-01 6.352941393852233887e-01 3.098039329051971436e-01 6.352941393852233887e-01
4.431372582912445068e-01 6.352941393852233887e-01 5.058823823928833008e-01 6.352941393852233887e-01
5.058823823928833008e-01 6.352941393852233887e-01 6.901960968971252441e-01 6.352941393852233887e-01
6.901960968971252441e-01 6.352941393852233887e-01 6.901960968971252441e-01 1.725490242242813110e-01
6.901960968971252441e-01 1.725490242242813110e-01 6.117647290229797363e-01 1.725490242242813110e-01
6.117647290229797363e-01 1.725490242242813110e-01 6.117647290229797363e-01 2.823529541492462158e-01
6.117647290229797363e-01 2.823529541492462158e-01 4.901960790157318115e-01 2.823529541492462158e-01
4.901960790157318115e-01 2.823529541492462158e-01 4.901960790157318115e-01 3.921568691730499268e-01
4.901960790157318115e-01 3.921568691730499268e-01 4.431372582912445068e-01 3.921568691730499268e-01
4.431372582912445068e-01 3.921568691730499268e-01 4.431372582912445068e-01 5.058823823928833008e-01
4.431372582912445068e-01 5.058823823928833008e-01 4.431372582912445068e-01 6.352941393852233887e-01
4.431372582912445068e-01 6.352941393852233887e-01 4.431372582912445068e-01 6.352941393852233887e-01
4.901960790157318115e-01 1.725490242242813110e-01 4.901960790157318115e-01 2.431372553110122681e-01
4.901960790157318115e-01 2.431372553110122681e-01 4.901960790157318115e-01 2.823529541492462158e-01
4.901960790157318115e-01 2.823529541492462158e-01 6.117647290229797363e-01 2.823529541492462158e-01
6.117647290229797363e-01 2.823529541492462158e-01 6.117647290229797363e-01 1.725490242242813110e-01
6.117647290229797363e-01 1.725490242242813110e-01 4.901960790157318115e-01 1.725490242242813110e-01
4.901960790157318115e-01 1.725490242242813110e-01 4.901960790157318115e-01 1.725490242242813110e-01
4.431372582912445068e-01 2.431372553110122681e-01 4.901960790157318115e-01 2.431372553110122681e-01
4.901960790157318115e-01 2.431372553110122681e-01 4.901960790157318115e-01 1.725490242242813110e-01
4.901960790157318115e-01 1.725490242242813110e-01 4.431372582912445068e-01 1.725490242242813110e-01
4.431372582912445068e-01 1.725490242242813110e-01 4.431372582912445068e-01 2.431372553110122681e-01
4.431372582912445068e-01 2.431372553110122681e-01 4.431372582912445068e-01 2.431372553110122681e-01
