7.372549176216125488e-01 5.882353186607360840e-01 6.235294342041015625e-01 5.882353186607360840e-01
6.235294342041015625e-01 5.882353186607360840e-01 6.235294342041015625e-01 6.862745285034179688e-01
6.235294342041015625e-01 6.862745285034179688e-01 7.372549176216125488e-01 6.862745285034179688e-01
7.372549176216125488e-01 6.862745285034179688e-01 7.372549176216125488e-01 5.882353186607360840e-01
7.372549176216125488e-01 5.882353186607360840e-01 7.372549176216125488e-01 5.882353186607360840e-01
7.372549176216125488e-01 6.862745285034179688e-01 8.156862854957580566e-01 6.862745285034179688e-01
8.156862854957580566e-01 6.862745285034179688e-01 8.156862854957580566e-01 5.098039507865905762e-01
8.156862854957580566e-01 5.098039507865905762e-01 7.372549176216125488e-01 5.098039507865905762e-01
7.372549176216125488e-01 5.098039507865905762e-01 7.372549176216125488e-01 5.882353186607360840e-01
7.372549176216125488e-01 5.882353186607360840e-01 7.372549176216125488e-01 6.862745285034179688e-01
7.372549176216125488e-01 6.862745285034179688e-01 7.372549176216125488e-01 6.862745285034179688e-01
4.784313738346099854e-01 5.529412031173706055e-01 4.784313738346099854e-01 4.862745106220245361e-01
4.784313738346099854e-01 4.862745106220245361e-01 3.725490272045135498e-01 4.862745106220245361e-01
3.725490272045135498e-01 4.862745106220245361e-01 3.725490272045135498e-01 3.176470696926116943e-01
3.725490272045135498e-01 3.176470696926116943e-01 1.882352977991104126e-01 3.176470696926116943e-01
1.882352977991104126e-01 3.176470696926116943e-01 1.882352977991104126e-01 5.529412031173706055e-01
1.882352977991104126e-01 5.529412031173706055e-01 3.725490272045135498e-01 5.529412031173706055e-01
3.725490272045135498e-01 5.529412031173706055e-01 4.784313738346099854e-01 5.529412031173706055e-01
4.784313738346099854e-01 5.529412031173706055e-01 4.784313738346099854e-01 5.529412031173706055e-01
4.784313738346099854e-01 4.862745106220245361e-01 5.333333611488342285e-01 4.862745106220245361e-01
5.333333611488342285e-01 4.862745106220245361e-01 5.333333611488342285e-01 3.176470696926116943e-01
5.333333611488342285e-01 3.176470696926116943e-01 4.784313738346099854e-01 3.176470696926116943e-01
4.784313738346099854e-01 3.176470696926116943e-01 3.725490272045135498e-01 3.176470696926116943e-01
3.725490272045135498e-01 3.176470696926116943e-01 3.725490272045135498e-01 4.862745106220245361e-01
3.725490272045135498e-01 4.862745106220245361e-01 4.784313738346099854e-01 4.862745106220245361e-01
4.784313738346099854e-01 4.862745106220245361e-01 4.784313738346099854e-01 4.862745106220245361e-01
6.235294342041015625e-01 5.882353186607360840e-01 7.372549176216125488e-01 5.882353186607360840e-01
7.372549176216125488e-01 5.882353186607360840e-01 7.372549176216125488e-01 5.098039507865905762e-01
7.372549176216125488e-01 5.098039507865905762e-01 7.372549176216125488e-01 2.196078449487686157e-01
7.372549176216125488e-01 2.196078449487686157e-01 4.784313738346099854e-01 2.196078449487686157e-01
4.784313738346099854e-01 2.196078449487686157e-01 4.784313738346099854e-01 3.176470696926116943e-01
4.784313738346099854e-01 3.176470696926116943e-01 5.333333611488342285e-01 3.176470696926116943e-01
5.333333611488342285e-01 3.176470696926116943e-01 5.333333611488342285e-01 4.862745106220245361e-01
5.333333611488342285e-01 4.862745106220245361e-01 4.784313738346099854e-01 4.862745106220245361e-01
4.784313738346099854e-01 4.862745106220245361e-01 4.784313738346099854e-01 5.529412031173706055e-01
4.784313738346099854e-01 5.529412031173706055e-01 5.333333611488342285e-01 5.529412031173706055e-01
5.333333611488342285e-01 5.529412031173706055e-01 5.333333611488342285e-01 7.490196228027343750e-01
5.333333611488342285e-01 7.490196228027343750e-01 6.235294342041015625e-01 7.490196228027343750e-01
6.235294342041015625e-01 7.490196228027343750e-01 6.235294342041015625e-01 6.862745285034179688e-01
6.235294342041015625e-01 6.862745285034179688e-01 6.235294342041015625e-01 5.882353186607360840e-01
6.235294342041015625e-01 5.882353186607360840e-01 6.235294342041015625e-01 5.882353186607360840e-01
7.372549176216125488e-01 6.862745285034179688e-01 6.235294342041015625e-01 6.862745285034179688e-01
6.235294342041015625e-01 6.862745285034179688e-01 6.235294342041015625e-01 7.490196228027343750e-01
6.235294342041015625e-01 7.490196228027343750e-01 6.235294342041015625e-01 7.843137383460998535e-01
6.235294342041015625e-01 7.843137383460998535e-01 7.372549176216125488e-01 7.843137383460998535e-01
7.372549176216125488e-01 7.843137383460998535e-01 8.156862854957580566e-01 7.843137383460998535e-01
8.156862854957580566e-01 7.843137383460998535e-01 8.156862854957580566e-01 6.862745285034179688e-01
8.156862854957580566e-01 6.862745285034179688e-01 7.372549176216125488e-01 6.862745285034179688e-01
7.372549176216125488e-01 6.862745285034179688e-01 7.372549176216125488e-01 6.862745285034179688e-01
3.725490272045135498e-01 7.490196228027343750e-01 4.784313738346099854e-01 7.490196228027343750e-01
4.784313738346099854e-01 7.490196228027343750e-01 5.333333611488342285e-01 7.490196228027343750e-01
5.333333611488342285e-01 7.490196228027343750e-01 5.333333611488342285e-01 5.529412031173706055e-01
5.333333611488342285e-01 5.529412031173706055e-01 4.784313738346099854e-01 5.529412031173706055e-01
4.784313738346099854e-01 5.529412031173706055e-01 3.725490272045135498e-01 5.529412031173706055e-01
3.725490272045135498e-01 5.529412031173706055e-01 3.725490272045135498e-01 7.490196228027343750e-01
3.725490272045135498e-01 7.490196228027343750e-01 3.725490272045135498e-01 7.490196228027343750e-01
