3.137255012989044189e-01 4.549019634723663330e-01 3.137255012989044189e-01 4.039215743541717529e-01
3.137255012989044189e-01 4.039215743541717529e-01 2.000000029802322388e-01 4.039215743541717529e-01
2.000000029802322388e-01 4.039215743541717529e-01 2.000000029802322388e-01 4.549019634723663330e-01
2.000000029802322388e-01 4.549019634723663330e-01 2.000000029802322388e-01 5.137255191802978516e-01
2.000000029802322388e-01 5.137255191802978516e-01 3.137255012989044189e-01 5.137255191802978516e-01
3.137255012989044189e-01 5.137255191802978516e-01 3.137255012989044189e-01 4.549019634723663330e-01
3.137255012989044189e-01 4.549019634723663330e-01 3.137255012989044189e-01 4.549019634723663330e-01
5.176470875740051270e-01 4.549019634723663330e-01 6.117647290229797363e-01 4.549019634723663330e-01
6.117647290229797363e-01 4.549019634723663330e-01 6.117647290229797363e-01 3.882353007793426514e-01
6.117647290229797363e-01 3.882353007793426514e-01 5.176470875740051270e-01 3.882353007793426514e-01
5.176470875740051270e-01 3.882353007793426514e-01 5.176470875740051270e-01 4.549019634723663330e-01
5.176470875740051270e-01 4.549019634723663330e-01 5.176470875740051270e-01 4.549019634723663330e-01
5.725490450859069824e-01 2.745098173618316650e-01 5.176470875740051270e-01 2.745098173618316650e-01
5.176470875740051270e-01 2.745098173618316650e-01 5.176470875740051270e-01 3.882353007793426514e-01
5.176470875740051270e-01 3.882353007793426514e-01 6.117647290229797363e-01 3.882353007793426514e-01
6.117647290229797363e-01 3.882353007793426514e-01 6.117647290229797363e-01 2.745098173618316650e-01
6.117647290229797363e-01 2.745098173618316650e-01 5.725490450859069824e-01 2.745098173618316650e-01
5.725490450859069824e-01 2.745098173618316650e-01 5.725490450859069824e-01 2.745098173618316650e-01
5.843137502670288086e-01 7.411764860153198242e-01 4.039215743541717529e-01 7.411764860153198242e-01
4.039215743541717529e-01 7.411764860153198242e-01 4.039215743541717529e-01 8.470588326454162598e-01
4.039215743541717529e-01 8.470588326454162598e-01 8.039215803146362305e-01 8.470588326454162598e-01
8.039215803146362305e-01 8.470588326454162598e-01 8.039215803146362305e-01 7.411764860153198242e-01
8.039215803146362305e-01 7.411764860153198242e-01 5.843137502670288086e-01 7.411764860153198242e-01
5.843137502670288086e-01 7.411764860153198242e-01 5.843137502670288086e-01 7.411764860153198242e-01
4.039215743541717529e-01 4.549019634723663330e-01 3.137255012989044189e-01 4.549019634723663330e-01
3.137255012989044189e-01 4.549019634723663330e-01 3.137255012989044189e-01 5.137255191802978516e-01
3.137255012989044189e-01 5.137255191802978516e-01 2.000000029802322388e-01 5.137255191802978516e-01
2.000000029802322388e-01 5.137255191802978516e-01 2.000000029802322388e-01 7.411764860153198242e-01
2.000000029802322388e-01 7.411764860153198242e-01 4.039215743541717529e-01 7.411764860153198242e-01
4.039215743541717529e-01 7.411764860153198242e-01 4.039215743541717529e-01 5.294117927551269531e-01
4.039215743541717529e-01 5.294117927551269531e-01 4.039215743541717529e-01 4.549019634723663330e-01
4.039215743541717529e-01 4.549019634723663330e-01 4.039215743541717529e-01 4.549019634723663330e-01
4.039215743541717529e-01 7.411764860153198242e-01 5.843137502670288086e-01 7.411764860153198242e-01
5.843137502670288086e-01 7.411764860153198242e-01 5.843137502670288086e-01 5.294117927551269531e-01
5.843137502670288086e-01 5.294117927551269531e-01 4.039215743541717529e-01 5.294117927551269531e-01
4.039215743541717529e-01 5.294117927551269531e-01 4.039215743541717529e-01 7.411764860153198242e-01
4.039215743541717529e-01 7.411764860153198242e-01 4.039215743541717529e-01 7.411764860153198242e-01
3.137255012989044189e-01 4.549019634723663330e-01 4.039215743541717529e-01 4.549019634723663330e-01
4.039215743541717529e-01 4.549019634723663330e-01 5.176470875740051270e-01 4.549019634723663330e-01
5.176470875740051270e-01 4.549019634723663330e-01 5.176470875740051270e-01 3.882353007793426514e-01
5.176470875740051270e-01 3.882353007793426514e-01 5.176470875740051270e-01 2.745098173618316650e-01
5.176470875740051270e-01 2.745098173618316650e-01 4.431372582912445068e-01 2.745098173618316650e-01
4.431372582912445068e-01 2.745098173618316650e-01 4.039215743541717529e-01 2.745098173618316650e-01
4.039215743541717529e-01 2.745098173618316650e-01 3.137255012989044189e-01 2.745098173618316650e-01
3.137255012989044189e-01 2.745098173618316650e-01 3.137255012989044189e-01 4.039215743541717529e-01
3.137255012989044189e-01 4.039215743541717529e-01 3.137255012989044189e-01 4.549019634723663330e-01
3.137255012989044189e-01 4.549019634723663330e-01 3.137255012989044189e-01 4.549019634723663330e-01
5.176470875740051270e-01 4.549019634723663330e-01 4.039215743541717529e-01 4.549019634723663330e-01
4.039215743541717529e-01 4.549019634723663330e-01 4.039215743541717529e-01 5.294117927551269531e-01
4.039215743541717529e-01 5.294117927551269531e-01 5.843137502670288086e-01 5.294117927551269531e-01
5.843137502670288086e-01 5.294117927551269531e-01 5.843137502670288086e-01 7.411764860153198242e-01
5.843137502670288086e-01 7.411764860153198242e-01 8.039215803146362305e-01 7.411764860153198242e-01
8.039215803146362305e-01 7.411764860153198242e-01 8.039215803146362305e-01 2.745098173618316650e-01
8.039215803146362305e-01 2.745098173618316650e-01 7.137255072593688965e-01 2.745098173618316650e-01
7.137255072593688965e-01 2.745098173618316650e-01 6.117647290229797363e-01 2.745098173618316650e-01
6.117647290229797363e-01 2.745098173618316650e-01 6.117647290229797363e-01 3.882353007793426514e-01
6.117647290229797363e-01 3.882353007793426514e-01 6.117647290229797363e-01 4.549019634723663330e-01
6.117647290229797363e-01 4.549019634723663330e-01 5.176470875740051270e-01 4.549019634723663330e-01
5.176470875740051270e-01 4.549019634723663330e-01 5.176470875740051270e-01 4.549019634723663330e-01
5.725490450859069824e-01 2.745098173618316650e-01 6.117647290229797363e-01 2.745098173618316650e-01
6.117647290229797363e-01 2.745098173618316650e-01 7.137255072593688965e-01 2.745098173618316650e-01
7.137255072593688965e-01 2.745098173618316650e-01 7.137255072593688965e-01 1.568627506494522095e-01
7.137255072593688965e-01 1.568627506494522095e-01 5.725490450859069824e-01 1.568627506494522095e-01
5.725490450859069824e-01 1.568627506494522095e-01 5.725490450859069824e-01 2.745098173618316650e-01
5.725490450859069824e-01 2.745098173618316650e-01 5.725490450859069824e-01 2.745098173618316650e-01
4.431372582912445068e-01 2.745098173618316650e-01 5.176470875740051270e-01 2.745098173618316650e-01
5.176470875740051270e-01 2.745098173618316650e-01 5.725490450859069824e-01 2.745098173618316650e-01
5.725490450859069824e-01 2.745098173618316650e-01 5.725490450859069824e-01 1.568627506494522095e-01
5.725490450859069824e-01 1.568627506494522095e-01 4.431372582912445068e-01 1.568627506494522095e-01
4.431372582912445068e-01 1.568627506494522095e-01 4.431372582912445068e-01 2.745098173618316650e-01
4.431372582912445068e-01 2.745098173618316650e-01 4.431372582912445068e-01 2.745098173618316650e-01
