8.627451062202453613e-01 4.039215743541717529e-01 7.254902124404907227e-01 4.039215743541717529e-01
7.254902124404907227e-01 4.039215743541717529e-01 7.254902124404907227e-01 4.627451002597808838e-01
7.254902124404907227e-01 4.627451002597808838e-01 7.254902124404907227e-01 5.294117927551269531e-01
7.254902124404907227e-01 5.294117927551269531e-01 8.156862854957580566e-01 5.294117927551269531e-01
8.156862854957580566e-01 5.294117927551269531e-01 8.627451062202453613e-01 5.294117927551269531e-01
8.627451062202453613e-01 5.294117927551269531e-01 8.627451062202453613e-01 4.627451002597808838e-01
8.627451062202453613e-01 4.627451002597808838e-01 8.627451062202453613e-01 4.039215743541717529e-01
8.627451062202453613e-01 4.039215743541717529e-01 8.627451062202453613e-01 4.039215743541717529e-01
5.215686559677124023e-01 6.000000238418579102e-01 4.235294163227081299e-01 6.000000238418579102e-01
4.235294163227081299e-01 6.000000238418579102e-01 4.235294163227081299e-01 7.098039388656616211e-01
4.235294163227081299e-01 7.098039388656616211e-01 4.235294163227081299e-01 7.490196228027343750e-01
4.235294163227081299e-01 7.490196228027343750e-01 4.627451002597808838e-01 7.490196228027343750e-01
4.627451002597808838e-01 7.490196228027343750e-01 5.215686559677124023e-01 7.490196228027343750e-01
5.215686559677124023e-01 7.490196228027343750e-01 5.215686559677124023e-01 6.000000238418579102e-01
5.215686559677124023e-01 6.000000238418579102e-01 5.215686559677124023e-01 6.000000238418579102e-01
7.254902124404907227e-01 4.039215743541717529e-01 8.627451062202453613e-01 4.039215743541717529e-01
8.627451062202453613e-01 4.039215743541717529e-01 8.627451062202453613e-01 1.843137294054031372e-01
8.627451062202453613e-01 1.843137294054031372e-01 6.666666865348815918e-01 1.843137294054031372e-01
6.666666865348815918e-01 1.843137294054031372e-01 6.666666865348815918e-01 2.627451121807098389e-01
6.666666865348815918e-01 2.627451121807098389e-01 6.666666865348815918e-01 4.627451002597808838e-01
6.666666865348815918e-01 4.627451002597808838e-01 7.254902124404907227e-01 4.627451002597808838e-01
7.254902124404907227e-01 4.627451002597808838e-01 7.254902124404907227e-01 4.039215743541717529e-01
7.254902124404907227e-01 4.039215743541717529e-01 7.254902124404907227e-01 4.039215743541717529e-01
5.215686559677124023e-01 4.627451002597808838e-01 6.666666865348815918e-01 4.627451002597808838e-01
6.666666865348815918e-01 4.627451002597808838e-01 6.666666865348815918e-01 2.627451121807098389e-01
6.666666865348815918e-01 2.627451121807098389e-01 5.215686559677124023e-01 2.627451121807098389e-01
5.215686559677124023e-01 2.627451121807098389e-01 5.215686559677124023e-01 4.627451002597808838e-01
5.215686559677124023e-01 4.627451002597808838e-01 5.215686559677124023e-01 4.627451002597808838e-01
5.215686559677124023e-01 5.294117927551269531e-01 7.254902124404907227e-01 5.294117927551269531e-01
7.254902124404907227e-01 5.294117927551269531e-01 7.254902124404907227e-01 4.627451002597808838e-01
7.254902124404907227e-01 4.627451002597808838e-01 6.666666865348815918e-01 4.627451002597808838e-01
6.666666865348815918e-01 4.627451002597808838e-01 5.215686559677124023e-01 4.627451002597808838e-01
5.215686559677124023e-01 4.627451002597808838e-01 5.215686559677124023e-01 2.627451121807098389e-01
5.215686559677124023e-01 2.627451121807098389e-01 2.823529541492462158e-01 2.627451121807098389e-01
2.823529541492462158e-01 2.627451121807098389e-01 1.372549086809158325e-01 2.627451121807098389e-01
1.372549086809158325e-01 2.627451121807098389e-01 1.372549086809158325e-01 8.039215803146362305e-01
1.372549086809158325e-01 8.039215803146362305e-01 2.392156869173049927e-01 8.039215803146362305e-01
2.392156869173049927e-01 8.039215803146362305e-01 2.392156869173049927e-01 7.098039388656616211e-01
2.392156869173049927e-01 7.098039388656616211e-01 4.235294163227081299e-01 7.098039388656616211e-01
4.235294163227081299e-01 7.098039388656616211e-01 4.235294163227081299e-01 6.000000238418579102e-01
4.235294163227081299e-01 6.000000238418579102e-01 5.215686559677124023e-01 6.000000238418579102e-01
5.215686559677124023e-01 6.000000238418579102e-01 5.215686559677124023e-01 5.294117927551269531e-01
5.215686559677124023e-01 5.294117927551269531e-01 5.215686559677124023e-01 5.294117927551269531e-01
6.666666865348815918e-01 1.843137294054031372e-01 6.666666865348815918e-01 1.294117718935012817e-01
6.666666865348815918e-01 1.294117718935012817e-01 2.823529541492462158e-01 1.294117718935012817e-01
2.823529541492462158e-01 1.294117718935012817e-01 2.823529541492462158e-01 2.627451121807098389e-01
2.823529541492462158e-01 2.627451121807098389e-01 5.215686559677124023e-01 2.627451121807098389e-01
5.215686559677124023e-01 2.627451121807098389e-01 6.666666865348815918e-01 2.627451121807098389e-01
6.666666865348815918e-01 2.627451121807098389e-01 6.666666865348815918e-01 1.843137294054031372e-01
6.666666865348815918e-01 1.843137294054031372e-01 6.666666865348815918e-01 1.843137294054031372e-01
4.627451002597808838e-01 7.490196228027343750e-01 4.235294163227081299e-01 7.490196228027343750e-01
4.235294163227081299e-01 7.490196228027343750e-01 4.235294163227081299e-01 7.098039388656616211e-01
4.235294163227081299e-01 7.098039388656616211e-01 2.392156869173049927e-01 7.098039388656616211e-01
2.392156869173049927e-01 7.098039388656616211e-01 2.392156869173049927e-01 8.039215803146362305e-01
2.392156869173049927e-01 8.039215803146362305e-01 2.392156869173049927e-01 8.745098114013671875e-01
2.392156869173049927e-01 8.745098114013671875e-01 4.627451002597808838e-01 8.745098114013671875e-01
4.627451002597808838e-01 8.745098114013671875e-01 4.627451002597808838e-01 8.039215803146362305e-01
4.627451002597808838e-01 8.039215803146362305e-01 4.627451002597808838e-01 7.490196228027343750e-01
4.627451002597808838e-01 7.490196228027343750e-01 4.627451002597808838e-01 7.490196228027343750e-01
7.254902124404907227e-01 5.294117927551269531e-01 5.215686559677124023e-01 5.294117927551269531e-01
5.215686559677124023e-01 5.294117927551269531e-01 5.215686559677124023e-01 6.000000238418579102e-01
5.215686559677124023e-01 6.000000238418579102e-01 5.215686559677124023e-01 7.490196228027343750e-01
5.215686559677124023e-01 7.490196228027343750e-01 4.627451002597808838e-01 7.490196228027343750e-01
4.627451002597808838e-01 7.490196228027343750e-01 4.627451002597808838e-01 8.039215803146362305e-01
4.627451002597808838e-01 8.039215803146362305e-01 7.254902124404907227e-01 8.039215803146362305e-01
7.254902124404907227e-01 8.039215803146362305e-01 7.254902124404907227e-01 7.490196228027343750e-01
7.254902124404907227e-01 7.490196228027343750e-01 8.156862854957580566e-01 7.490196228027343750e-01
8.156862854957580566e-01 7.490196228027343750e-01 8.156862854957580566e-01 5.294117927551269531e-01
8.156862854957580566e-01 5.294117927551269531e-01 7.254902124404907227e-01 5.294117927551269531e-01
7.254902124404907227e-01 5.294117927551269531e-01 7.254902124404907227e-01 5.294117927551269531e-01
