5.686274766921997070e-01 2.274509817361831665e-01 4.823529422283172607e-01 2.274509817361831665e-01
4.823529422283172607e-01 2.274509817361831665e-01 4.823529422283172607e-01 3.607843220233917236e-01
4.823529422283172607e-01 3.607843220233917236e-01 5.686274766921997070e-01 3.607843220233917236e-01
5.686274766921997070e-01 3.607843220233917236e-01 5.686274766921997070e-01 2.705882489681243896e-01
5.686274766921997070e-01 2.705882489681243896e-01 5.686274766921997070e-01 2.274509817361831665e-01
5.686274766921997070e-01 2.274509817361831665e-01 5.686274766921997070e-01 2.274509817361831665e-01
4.823529422283172607e-01 2.274509817361831665e-01 3.843137323856353760e-01 2.274509817361831665e-01
3.843137323856353760e-01 2.274509817361831665e-01 3.843137323856353760e-01 3.607843220233917236e-01
3.843137323856353760e-01 3.607843220233917236e-01 4.823529422283172607e-01 3.607843220233917236e-01
4.823529422283172607e-01 3.607843220233917236e-01 4.823529422283172607e-01 2.274509817361831665e-01
4.823529422283172607e-01 2.274509817361831665e-01 4.823529422283172607e-01 2.274509817361831665e-01
2.470588237047195435e-01 4.274509847164154053e-01 1.607843190431594849e-01 4.274509847164154053e-01
1.607843190431594849e-01 4.274509847164154053e-01 1.607843190431594849e-01 6.156862974166870117e-01
1.607843190431594849e-01 6.156862974166870117e-01 2.470588237047195435e-01 6.156862974166870117e-01
2.470588237047195435e-01 6.156862974166870117e-01 2.470588237047195435e-01 4.274509847164154053e-01
2.470588237047195435e-01 4.274509847164154053e-01 2.470588237047195435e-01 4.274509847164154053e-01
3.843137323856353760e-01 2.274509817361831665e-01 1.607843190431594849e-01 2.274509817361831665e-01
1.607843190431594849e-01 2.274509817361831665e-01 1.607843190431594849e-01 4.274509847164154053e-01
1.607843190431594849e-01 4.274509847164154053e-01 2.470588237047195435e-01 4.274509847164154053e-01
2.470588237047195435e-01 4.274509847164154053e-01 4.823529422283172607e-01 4.274509847164154053e-01
4.823529422283172607e-01 4.274509847164154053e-01 4.823529422283172607e-01 3.607843220233917236e-01
4.823529422283172607e-01 3.607843220233917236e-01 3.843137323856353760e-01 3.607843220233917236e-01
3.843137323856353760e-01 3.607843220233917236e-01 3.843137323856353760e-01 2.274509817361831665e-01
3.843137323856353760e-01 2.274509817361831665e-01 3.843137323856353760e-01 2.274509817361831665e-01
8.000000119209289551e-01 2.705882489681243896e-01 5.686274766921997070e-01 2.705882489681243896e-01
5.686274766921997070e-01 2.705882489681243896e-01 5.686274766921997070e-01 3.607843220233917236e-01
5.686274766921997070e-01 3.607843220233917236e-01 5.686274766921997070e-01 4.549019634723663330e-01
5.686274766921997070e-01 4.549019634723663330e-01 7.254902124404907227e-01 4.549019634723663330e-01
7.254902124404907227e-01 4.549019634723663330e-01 8.000000119209289551e-01 4.549019634723663330e-01
8.000000119209289551e-01 4.549019634723663330e-01 8.000000119209289551e-01 2.705882489681243896e-01
8.000000119209289551e-01 2.705882489681243896e-01 8.000000119209289551e-01 2.705882489681243896e-01
7.254902124404907227e-01 6.156862974166870117e-01 5.686274766921997070e-01 6.156862974166870117e-01
5.686274766921997070e-01 6.156862974166870117e-01 5.686274766921997070e-01 7.725490331649780273e-01
5.686274766921997070e-01 7.725490331649780273e-01 7.254902124404907227e-01 7.725490331649780273e-01
7.254902124404907227e-01 7.725490331649780273e-01 8.000000119209289551e-01 7.725490331649780273e-01
8.000000119209289551e-01 7.725490331649780273e-01 8.000000119209289551e-01 6.156862974166870117e-01
8.000000119209289551e-01 6.156862974166870117e-01 7.254902124404907227e-01 6.156862974166870117e-01
7.254902124404907227e-01 6.156862974166870117e-01 7.254902124404907227e-01 6.156862974166870117e-01
4.823529422283172607e-01 4.274509847164154053e-01 2.470588237047195435e-01 4.274509847164154053e-01
2.470588237047195435e-01 4.274509847164154053e-01 2.470588237047195435e-01 6.156862974166870117e-01
2.470588237047195435e-01 6.156862974166870117e-01 2.470588237047195435e-01 7.725490331649780273e-01
2.470588237047195435e-01 7.725490331649780273e-01 5.686274766921997070e-01 7.725490331649780273e-01
5.686274766921997070e-01 7.725490331649780273e-01 5.686274766921997070e-01 6.156862974166870117e-01
5.686274766921997070e-01 6.156862974166870117e-01 7.254902124404907227e-01 6.156862974166870117e-01
7.254902124404907227e-01 6.156862974166870117e-01 7.254902124404907227e-01 4.549019634723663330e-01
7.254902124404907227e-01 4.549019634723663330e-01 5.686274766921997070e-01 4.549019634723663330e-01
5.686274766921997070e-01 4.549019634723663330e-01 5.686274766921997070e-01 3.607843220233917236e-01
5.686274766921997070e-01 3.607843220233917236e-01 4.823529422283172607e-01 3.607843220233917236e-01
4.823529422283172607e-01 3.607843220233917236e-01 4.823529422283172607e-01 4.274509847164154053e-01
4.823529422283172607e-01 4.274509847164154053e-01 4.823529422283172607e-01 4.274509847164154053e-01
8.000000119209289551e-01 4.549019634723663330e-01 7.254902124404907227e-01 4.549019634723663330e-01
7.254902124404907227e-01 4.549019634723663330e-01 7.254902124404907227e-01 6.156862974166870117e-01
7.254902124404907227e-01 6.156862974166870117e-01 8.000000119209289551e-01 6.156862974166870117e-01
8.000000119209289551e-01 6.156862974166870117e-01 8.392156958580017090e-01 6.156862974166870117e-01
8.392156958580017090e-01 6.156862974166870117e-01 8.392156958580017090e-01 4.549019634723663330e-01
8.392156958580017090e-01 4.549019634723663330e-01 8.000000119209289551e-01 4.549019634723663330e-01
8.000000119209289551e-01 4.549019634723663330e-01 8.000000119209289551e-01 4.549019634723663330e-01
