5.686274766921997070e-01 4.901960790157318115e-01 4.666666686534881592e-01 4.901960790157318115e-01
4.666666686534881592e-01 4.901960790157318115e-01 4.666666686534881592e-01 6.980392336845397949e-01
4.666666686534881592e-01 6.980392336845397949e-01 5.215686559677124023e-01 6.980392336845397949e-01
5.215686559677124023e-01 6.980392336845397949e-01 5.686274766921997070e-01 6.980392336845397949e-01
5.686274766921997070e-01 6.980392336845397949e-01 5.686274766921997070e-01 4.901960790157318115e-01
5.686274766921997070e-01 4.901960790157318115e-01 5.686274766921997070e-01 4.901960790157318115e-01
5.686274766921997070e-01 6.980392336845397949e-01 5.215686559677124023e-01 6.980392336845397949e-01
5.215686559677124023e-01 6.980392336845397949e-01 5.215686559677124023e-01 8.117647171020507812e-01
5.215686559677124023e-01 8.117647171020507812e-01 6.431372761726379395e-01 8.117647171020507812e-01
6.431372761726379395e-01 8.117647171020507812e-01 6.431372761726379395e-01 6.980392336845397949e-01
6.431372761726379395e-01 6.980392336845397949e-01 5.686274766921997070e-01 6.980392336845397949e-01
5.686274766921997070e-01 6.980392336845397949e-01 5.686274766921997070e-01 6.980392336845397949e-01
2.156862765550613403e-01 4.901960790157318115e-01 2.980392277240753174e-01 4.901960790157318115e-01
2.980392277240753174e-01 4.901960790157318115e-01 4.039215743541717529e-01 4.901960790157318115e-01
4.039215743541717529e-01 4.901960790157318115e-01 4.039215743541717529e-01 4.156862795352935791e-01
4.039215743541717529e-01 4.156862795352935791e-01 4.039215743541717529e-01 2.666666805744171143e-01
4.039215743541717529e-01 2.666666805744171143e-01 2.156862765550613403e-01 2.666666805744171143e-01
2.156862765550613403e-01 2.666666805744171143e-01 2.156862765550613403e-01 4.901960790157318115e-01
2.156862765550613403e-01 4.901960790157318115e-01 2.156862765550613403e-01 4.901960790157318115e-01
4.039215743541717529e-01 4.901960790157318115e-01 2.980392277240753174e-01 4.901960790157318115e-01
2.980392277240753174e-01 4.901960790157318115e-01 2.980392277240753174e-01 6.980392336845397949e-01
2.980392277240753174e-01 6.980392336845397949e-01 4.039215743541717529e-01 6.980392336845397949e-01
4.039215743541717529e-01 6.980392336845397949e-01 4.666666686534881592e-01 6.980392336845397949e-01
4.666666686534881592e-01 6.980392336845397949e-01 4.666666686534881592e-01 4.901960790157318115e-01
4.666666686534881592e-01 4.901960790157318115e-01 4.039215743541717529e-01 4.901960790157318115e-01
4.039215743541717529e-01 4.901960790157318115e-01 4.039215743541717529e-01 4.901960790157318115e-01
4.039215743541717529e-01 4.901960790157318115e-01 4.666666686534881592e-01 4.901960790157318115e-01
4.666666686534881592e-01 4.901960790157318115e-01 5.686274766921997070e-01 4.901960790157318115e-01
5.686274766921997070e-01 4.901960790157318115e-01 5.686274766921997070e-01 6.980392336845397949e-01
5.686274766921997070e-01 6.980392336845397949e-01 6.431372761726379395e-01 6.980392336845397949e-01
6.431372761726379395e-01 6.980392336845397949e-01 7.843137383460998535e-01 6.980392336845397949e-01
7.843137383460998535e-01 6.980392336845397949e-01 7.843137383460998535e-01 2.666666805744171143e-01
7.843137383460998535e-01 2.666666805744171143e-01 5.686274766921997070e-01 2.666666805744171143e-01
5.686274766921997070e-01 2.666666805744171143e-01 5.686274766921997070e-01 4.156862795352935791e-01
5.686274766921997070e-01 4.156862795352935791e-01 4.039215743541717529e-01 4.156862795352935791e-01
4.039215743541717529e-01 4.156862795352935791e-01 4.039215743541717529e-01 4.901960790157318115e-01
4.039215743541717529e-01 4.901960790157318115e-01 4.039215743541717529e-01 4.901960790157318115e-01
4.039215743541717529e-01 2.666666805744171143e-01 5.686274766921997070e-01 2.666666805744171143e-01
5.686274766921997070e-01 2.666666805744171143e-01 7.843137383460998535e-01 2.666666805744171143e-01
7.843137383460998535e-01 2.666666805744171143e-01 7.843137383460998535e-01 1.843137294054031372e-01
7.843137383460998535e-01 1.843137294054031372e-01 4.039215743541717529e-01 1.843137294054031372e-01
4.039215743541717529e-01 1.843137294054031372e-01 4.039215743541717529e-01 2.666666805744171143e-01
4.039215743541717529e-01 2.666666805744171143e-01 4.039215743541717529e-01 2.666666805744171143e-01
5.215686559677124023e-01 6.980392336845397949e-01 4.666666686534881592e-01 6.980392336845397949e-01
4.666666686534881592e-01 6.980392336845397949e-01 4.666666686534881592e-01 8.117647171020507812e-01
4.666666686534881592e-01 8.117647171020507812e-01 5.215686559677124023e-01 8.117647171020507812e-01
5.215686559677124023e-01 8.117647171020507812e-01 5.215686559677124023e-01 6.980392336845397949e-01
5.215686559677124023e-01 6.980392336845397949e-01 5.215686559677124023e-01 6.980392336845397949e-01
5.686274766921997070e-01 2.666666805744171143e-01 4.039215743541717529e-01 2.666666805744171143e-01
4.039215743541717529e-01 2.666666805744171143e-01 4.039215743541717529e-01 4.156862795352935791e-01
4.039215743541717529e-01 4.156862795352935791e-01 5.686274766921997070e-01 4.156862795352935791e-01
5.686274766921997070e-01 4.156862795352935791e-01 5.686274766921997070e-01 2.666666805744171143e-01
5.686274766921997070e-01 2.666666805744171143e-01 5.686274766921997070e-01 2.666666805744171143e-01
