8.313725590705871582e-01 7.294117808341979980e-01 5.882353186607360840e-01 7.294117808341979980e-01
5.882353186607360840e-01 7.294117808341979980e-01 5.882353186607360840e-01 8.274509906768798828e-01
5.882353186607360840e-01 8.274509906768798828e-01 8.313725590705871582e-01 8.274509906768798828e-01
8.313725590705871582e-01 8.274509906768798828e-01 8.313725590705871582e-01 7.294117808341979980e-01
8.313725590705871582e-01 7.294117808341979980e-01 8.313725590705871582e-01 7.294117808341979980e-01
5.098039507865905762e-01 1.764705926179885864e-01 4.627451002597808838e-01 1.764705926179885864e-01
4.627451002597808838e-01 1.764705926179885864e-01 4.627451002597808838e-01 3.058823645114898682e-01
4.627451002597808838e-01 3.058823645114898682e-01 5.098039507865905762e-01 3.058823645114898682e-01
5.098039507865905762e-01 3.058823645114898682e-01 5.882353186607360840e-01 3.058823645114898682e-01
5.882353186607360840e-01 3.058823645114898682e-01 5.882353186607360840e-01 1.764705926179885864e-01
5.882353186607360840e-01 1.764705926179885864e-01 5.098039507865905762e-01 1.764705926179885864e-01
5.098039507865905762e-01 1.764705926179885864e-01 5.098039507865905762e-01 1.764705926179885864e-01
4.627451002597808838e-01 1.764705926179885864e-01 2.549019753932952881e-01 1.764705926179885864e-01
2.549019753932952881e-01 1.764705926179885864e-01 2.549019753932952881e-01 3.058823645114898682e-01
2.549019753932952881e-01 3.058823645114898682e-01 2.549019753932952881e-01 3.686274588108062744e-01
2.549019753932952881e-01 3.686274588108062744e-01 5.098039507865905762e-01 3.686274588108062744e-01
5.098039507865905762e-01 3.686274588108062744e-01 5.098039507865905762e-01 3.058823645114898682e-01
5.098039507865905762e-01 3.058823645114898682e-01 4.627451002597808838e-01 3.058823645114898682e-01
4.627451002597808838e-01 3.058823645114898682e-01 4.627451002597808838e-01 1.764705926179885864e-01
4.627451002597808838e-01 1.764705926179885864e-01 4.627451002597808838e-01 1.764705926179885864e-01
5.882353186607360840e-01 3.686274588108062744e-01 5.882353186607360840e-01 5.764706134796142578e-01
5.882353186607360840e-01 5.764706134796142578e-01 7.647058963775634766e-01 5.764706134796142578e-01
7.647058963775634766e-01 5.764706134796142578e-01 7.647058963775634766e-01 3.686274588108062744e-01
7.647058963775634766e-01 3.686274588108062744e-01 5.882353186607360840e-01 3.686274588108062744e-01
5.882353186607360840e-01 3.686274588108062744e-01 5.882353186607360840e-01 3.686274588108062744e-01
7.647058963775634766e-01 1.764705926179885864e-01 5.882353186607360840e-01 1.764705926179885864e-01
5.882353186607360840e-01 1.764705926179885864e-01 5.882353186607360840e-01 3.058823645114898682e-01
5.882353186607360840e-01 3.058823645114898682e-01 5.882353186607360840e-01 3.686274588108062744e-01
5.882353186607360840e-01 3.686274588108062744e-01 7.647058963775634766e-01 3.686274588108062744e-01
7.647058963775634766e-01 3.686274588108062744e-01 7.647058963775634766e-01 3.058823645114898682e-01
7.647058963775634766e-01 3.058823645114898682e-01 7.647058963775634766e-01 1.764705926179885864e-01
7.647058963775634766e-01 1.764705926179885864e-01 7.647058963775634766e-01 1.764705926179885864e-01
5.882353186607360840e-01 7.294117808341979980e-01 8.313725590705871582e-01 7.294117808341979980e-01
8.313725590705871582e-01 7.294117808341979980e-01 8.313725590705871582e-01 3.058823645114898682e-01
8.313725590705871582e-01 3.058823645114898682e-01 7.647058963775634766e-01 3.058823645114898682e-01
7.647058963775634766e-01 3.058823645114898682e-01 7.647058963775634766e-01 3.686274588108062744e-01
7.647058963775634766e-01 3.686274588108062744e-01 7.647058963775634766e-01 5.764706134796142578e-01
7.647058963775634766e-01 5.764706134796142578e-01 5.882353186607360840e-01 5.764706134796142578e-01
5.882353186607360840e-01 5.764706134796142578e-01 5.882353186607360840e-01 3.686274588108062744e-01
5.882353186607360840e-01 3.686274588108062744e-01 5.882353186607360840e-01 3.058823645114898682e-01
5.882353186607360840e-01 3.058823645114898682e-01 5.098039507865905762e-01 3.058823645114898682e-01
5.098039507865905762e-01 3.058823645114898682e-01 5.098039507865905762e-01 3.686274588108062744e-01
5.098039507865905762e-01 3.686274588108062744e-01 2.549019753932952881e-01 3.686274588108062744e-01
2.549019753932952881e-01 3.686274588108062744e-01 2.549019753932952881e-01 6.039215922355651855e-01
2.549019753932952881e-01 6.039215922355651855e-01 2.549019753932952881e-01 8.274509906768798828e-01
2.549019753932952881e-01 8.274509906768798828e-01 5.882353186607360840e-01 8.274509906768798828e-01
5.882353186607360840e-01 8.274509906768798828e-01 5.882353186607360840e-01 7.294117808341979980e-01
5.882353186607360840e-01 7.294117808341979980e-01 5.882353186607360840e-01 7.294117808341979980e-01
2.549019753932952881e-01 3.686274588108062744e-01 1.686274558305740356e-01 3.686274588108062744e-01
1.686274558305740356e-01 3.686274588108062744e-01 1.686274558305740356e-01 6.039215922355651855e-01
1.686274558305740356e-01 6.039215922355651855e-01 2.549019753932952881e-01 6.039215922355651855e-01
2.549019753932952881e-01 6.039215922355651855e-01 2.549019753932952881e-01 3.686274588108062744e-01
2.549019753932952881e-01 3.686274588108062744e-01 2.549019753932952881e-01 3.686274588108062744e-01
