5.529412031173706055e-01 3.058823645114898682e-01 4.509803950786590576e-01 3.058823645114898682e-01
4.509803950786590576e-01 3.058823645114898682e-01 4.509803950786590576e-01 4.313725531101226807e-01
4.509803950786590576e-01 4.313725531101226807e-01 5.529412031173706055e-01 4.313725531101226807e-01
5.529412031173706055e-01 4.313725531101226807e-01 5.529412031173706055e-01 3.058823645114898682e-01
5.529412031173706055e-01 3.058823645114898682e-01 5.529412031173706055e-01 3.058823645114898682e-01
1.333333402872085571e-01 6.980392336845397949e-01 2.509804069995880127e-01 6.980392336845397949e-01
2.509804069995880127e-01 6.980392336845397949e-01 2.509804069995880127e-01 4.941176474094390869e-01
2.509804069995880127e-01 4.941176474094390869e-01 2.117647081613540649e-01 4.941176474094390869e-01
2.117647081613540649e-01 4.941176474094390869e-01 1.333333402872085571e-01 4.941176474094390869e-01
1.333333402872085571e-01 4.941176474094390869e-01 1.333333402872085571e-01 6.980392336845397949e-01
1.333333402872085571e-01 6.980392336845397949e-01 1.333333402872085571e-01 6.980392336845397949e-01
4.509803950786590576e-01 3.058823645114898682e-01 2.117647081613540649e-01 3.058823645114898682e-01
2.117647081613540649e-01 3.058823645114898682e-01 2.117647081613540649e-01 4.941176474094390869e-01
2.117647081613540649e-01 4.941176474094390869e-01 2.509804069995880127e-01 4.941176474094390869e-01
2.509804069995880127e-01 4.941176474094390869e-01 4.509803950786590576e-01 4.941176474094390869e-01
4.509803950786590576e-01 4.941176474094390869e-01 4.509803950786590576e-01 4.313725531101226807e-01
4.509803950786590576e-01 4.313725531101226807e-01 4.509803950786590576e-01 3.058823645114898682e-01
4.509803950786590576e-01 3.058823645114898682e-01 4.509803950786590576e-01 3.058823645114898682e-01
6.980392336845397949e-01 3.058823645114898682e-01 5.529412031173706055e-01 3.058823645114898682e-01
5.529412031173706055e-01 3.058823645114898682e-01 5.529412031173706055e-01 4.313725531101226807e-01
5.529412031173706055e-01 4.313725531101226807e-01 5.529412031173706055e-01 4.980392158031463623e-01
5.529412031173706055e-01 4.980392158031463623e-01 6.980392336845397949e-01 4.980392158031463623e-01
6.980392336845397949e-01 4.980392158031463623e-01 6.980392336845397949e-01 4.313725531101226807e-01
6.980392336845397949e-01 4.313725531101226807e-01 6.980392336845397949e-01 3.058823645114898682e-01
6.980392336845397949e-01 3.058823645114898682e-01 6.980392336845397949e-01 3.058823645114898682e-01
5.529412031173706055e-01 4.313725531101226807e-01 4.509803950786590576e-01 4.313725531101226807e-01
4.509803950786590576e-01 4.313725531101226807e-01 4.509803950786590576e-01 4.941176474094390869e-01
4.509803950786590576e-01 4.941176474094390869e-01 2.509804069995880127e-01 4.941176474094390869e-01
2.509804069995880127e-01 4.941176474094390869e-01 2.509804069995880127e-01 6.980392336845397949e-01
2.509804069995880127e-01 6.980392336845397949e-01 6.980392336845397949e-01 6.980392336845397949e-01
6.980392336845397949e-01 6.980392336845397949e-01 6.980392336845397949e-01 5.882353186607360840e-01
6.980392336845397949e-01 5.882353186607360840e-01 6.980392336845397949e-01 4.980392158031463623e-01
6.980392336845397949e-01 4.980392158031463623e-01 5.529412031173706055e-01 4.980392158031463623e-01
5.529412031173706055e-01 4.980392158031463623e-01 5.529412031173706055e-01 4.313725531101226807e-01
5.529412031173706055e-01 4.313725531101226807e-01 5.529412031173706055e-01 4.313725531101226807e-01
6.980392336845397949e-01 6.980392336845397949e-01 8.666666746139526367e-01 6.980392336845397949e-01
8.666666746139526367e-01 6.980392336845397949e-01 8.666666746139526367e-01 5.882353186607360840e-01
8.666666746139526367e-01 5.882353186607360840e-01 6.980392336845397949e-01 5.882353186607360840e-01
6.980392336845397949e-01 5.882353186607360840e-01 6.980392336845397949e-01 6.980392336845397949e-01
6.980392336845397949e-01 6.980392336845397949e-01 6.980392336845397949e-01 6.980392336845397949e-01
8.666666746139526367e-01 4.313725531101226807e-01 6.980392336845397949e-01 4.313725531101226807e-01
6.980392336845397949e-01 4.313725531101226807e-01 6.980392336845397949e-01 4.980392158031463623e-01
6.980392336845397949e-01 4.980392158031463623e-01 6.980392336845397949e-01 5.882353186607360840e-01
6.980392336845397949e-01 5.882353186607360840e-01 8.666666746139526367e-01 5.882353186607360840e-01
8.666666746139526367e-01 5.882353186607360840e-01 8.666666746139526367e-01 4.313725531101226807e-01
8.666666746139526367e-01 4.313725531101226807e-01 8.666666746139526367e-01 4.313725531101226807e-01
