4.588235318660736084e-01 7.098039388656616211e-01 5.372549295425415039e-01 7.098039388656616211e-01
5.372549295425415039e-01 7.098039388656616211e-01 6.156862974166870117e-01 7.098039388656616211e-01
6.156862974166870117e-01 7.098039388656616211e-01 6.156862974166870117e-01 6.078431606292724609e-01
6.156862974166870117e-01 6.078431606292724609e-01 5.372549295425415039e-01 6.078431606292724609e-01
5.372549295425415039e-01 6.078431606292724609e-01 4.588235318660736084e-01 6.078431606292724609e-01
4.588235318660736084e-01 6.078431606292724609e-01 4.588235318660736084e-01 7.098039388656616211e-01
4.588235318660736084e-01 7.098039388656616211e-01 4.588235318660736084e-01 7.098039388656616211e-01
1.529411822557449341e-01 5.176470875740051270e-01 2.196078449487686157e-01 5.176470875740051270e-01
2.196078449487686157e-01 5.176470875740051270e-01 2.196078449487686157e-01 2.901960909366607666e-01
2.196078449487686157e-01 2.901960909366607666e-01 1.529411822557449341e-01 2.901960909366607666e-01
1.529411822557449341e-01 2.901960909366607666e-01 1.529411822557449341e-01 5.176470875740051270e-01
1.529411822557449341e-01 5.176470875740051270e-01 1.529411822557449341e-01 5.176470875740051270e-01
4.588235318660736084e-01 5.176470875740051270e-01 2.196078449487686157e-01 5.176470875740051270e-01
2.196078449487686157e-01 5.176470875740051270e-01 2.196078449487686157e-01 6.078431606292724609e-01
2.196078449487686157e-01 6.078431606292724609e-01 2.196078449487686157e-01 7.098039388656616211e-01
2.196078449487686157e-01 7.098039388656616211e-01 4.588235318660736084e-01 7.098039388656616211e-01
4.588235318660736084e-01 7.098039388656616211e-01 4.588235318660736084e-01 6.078431606292724609e-01
4.588235318660736084e-01 6.078431606292724609e-01 4.588235318660736084e-01 5.176470875740051270e-01
4.588235318660736084e-01 5.176470875740051270e-01 4.588235318660736084e-01 5.176470875740051270e-01
6.156862974166870117e-01 7.098039388656616211e-01 8.039215803146362305e-01 7.098039388656616211e-01
8.039215803146362305e-01 7.098039388656616211e-01 8.039215803146362305e-01 5.176470875740051270e-01
8.039215803146362305e-01 5.176470875740051270e-01 7.490196228027343750e-01 5.176470875740051270e-01
7.490196228027343750e-01 5.176470875740051270e-01 5.372549295425415039e-01 5.176470875740051270e-01
5.372549295425415039e-01 5.176470875740051270e-01 5.372549295425415039e-01 6.078431606292724609e-01
5.372549295425415039e-01 6.078431606292724609e-01 6.156862974166870117e-01 6.078431606292724609e-01
6.156862974166870117e-01 6.078431606292724609e-01 6.156862974166870117e-01 7.098039388656616211e-01
6.156862974166870117e-01 7.098039388656616211e-01 6.156862974166870117e-01 7.098039388656616211e-01
2.196078449487686157e-01 5.176470875740051270e-01 4.588235318660736084e-01 5.176470875740051270e-01
4.588235318660736084e-01 5.176470875740051270e-01 4.588235318660736084e-01 6.078431606292724609e-01
4.588235318660736084e-01 6.078431606292724609e-01 5.372549295425415039e-01 6.078431606292724609e-01
5.372549295425415039e-01 6.078431606292724609e-01 5.372549295425415039e-01 5.176470875740051270e-01
5.372549295425415039e-01 5.176470875740051270e-01 7.490196228027343750e-01 5.176470875740051270e-01
7.490196228027343750e-01 5.176470875740051270e-01 7.490196228027343750e-01 4.196078479290008545e-01
7.490196228027343750e-01 4.196078479290008545e-01 6.470588445663452148e-01 4.196078479290008545e-01
6.470588445663452148e-01 4.196078479290008545e-01 6.470588445663452148e-01 2.901960909366607666e-01
6.470588445663452148e-01 2.901960909366607666e-01 2.196078449487686157e-01 2.901960909366607666e-01
2.196078449487686157e-01 2.901960909366607666e-01 2.196078449487686157e-01 5.176470875740051270e-01
2.196078449487686157e-01 5.176470875740051270e-01 2.196078449487686157e-01 5.176470875740051270e-01
7.490196228027343750e-01 2.901960909366607666e-01 6.470588445663452148e-01 2.901960909366607666e-01
6.470588445663452148e-01 2.901960909366607666e-01 6.470588445663452148e-01 4.196078479290008545e-01
6.470588445663452148e-01 4.196078479290008545e-01 7.490196228027343750e-01 4.196078479290008545e-01
7.490196228027343750e-01 4.196078479290008545e-01 8.509804010391235352e-01 4.196078479290008545e-01
8.509804010391235352e-01 4.196078479290008545e-01 8.509804010391235352e-01 2.901960909366607666e-01
8.509804010391235352e-01 2.901960909366607666e-01 7.490196228027343750e-01 2.901960909366607666e-01
7.490196228027343750e-01 2.901960909366607666e-01 7.490196228027343750e-01 2.901960909366607666e-01
