1.686274558305740356e-01 4.274509847164154053e-01 2.705882489681243896e-01 4.274509847164154053e-01
2.705882489681243896e-01 4.274509847164154053e-01 2.705882489681243896e-01 2.509804069995880127e-01
2.705882489681243896e-01 2.509804069995880127e-01 1.686274558305740356e-01 2.509804069995880127e-01
1.686274558305740356e-01 2.509804069995880127e-01 1.686274558305740356e-01 4.274509847164154053e-01
1.686274558305740356e-01 4.274509847164154053e-01 1.686274558305740356e-01 4.274509847164154053e-01
4.235294163227081299e-01 4.274509847164154053e-01 5.254902243614196777e-01 4.274509847164154053e-01
5.254902243614196777e-01 4.274509847164154053e-01 5.254902243614196777e-01 3.568627536296844482e-01
5.254902243614196777e-01 3.568627536296844482e-01 4.235294163227081299e-01 3.568627536296844482e-01
4.235294163227081299e-01 3.568627536296844482e-01 4.235294163227081299e-01 4.274509847164154053e-01
4.235294163227081299e-01 4.274509847164154053e-01 4.235294163227081299e-01 4.274509847164154053e-01
4.235294163227081299e-01 2.784313857555389404e-01 4.235294163227081299e-01 3.568627536296844482e-01
4.235294163227081299e-01 3.568627536296844482e-01 5.254902243614196777e-01 3.568627536296844482e-01
5.254902243614196777e-01 3.568627536296844482e-01 5.254902243614196777e-01 2.784313857555389404e-01
5.254902243614196777e-01 2.784313857555389404e-01 4.235294163227081299e-01 2.784313857555389404e-01
4.235294163227081299e-01 2.784313857555389404e-01 4.235294163227081299e-01 2.784313857555389404e-01
7.450980544090270996e-01 7.490196228027343750e-01 5.254902243614196777e-01 7.490196228027343750e-01
5.254902243614196777e-01 7.490196228027343750e-01 5.254902243614196777e-01 8.196078538894653320e-01
5.254902243614196777e-01 8.196078538894653320e-01 7.450980544090270996e-01 8.196078538894653320e-01
7.450980544090270996e-01 8.196078538894653320e-01 7.450980544090270996e-01 7.490196228027343750e-01
7.450980544090270996e-01 7.490196228027343750e-01 7.450980544090270996e-01 7.490196228027343750e-01
2.705882489681243896e-01 4.274509847164154053e-01 1.686274558305740356e-01 4.274509847164154053e-01
1.686274558305740356e-01 4.274509847164154053e-01 1.686274558305740356e-01 7.490196228027343750e-01
1.686274558305740356e-01 7.490196228027343750e-01 3.647058904170989990e-01 7.490196228027343750e-01
3.647058904170989990e-01 7.490196228027343750e-01 3.647058904170989990e-01 5.019608139991760254e-01
3.647058904170989990e-01 5.019608139991760254e-01 3.647058904170989990e-01 4.274509847164154053e-01
3.647058904170989990e-01 4.274509847164154053e-01 2.705882489681243896e-01 4.274509847164154053e-01
2.705882489681243896e-01 4.274509847164154053e-01 2.705882489681243896e-01 4.274509847164154053e-01
3.647058904170989990e-01 7.490196228027343750e-01 5.254902243614196777e-01 7.490196228027343750e-01
5.254902243614196777e-01 7.490196228027343750e-01 5.254902243614196777e-01 5.019608139991760254e-01
5.254902243614196777e-01 5.019608139991760254e-01 3.647058904170989990e-01 5.019608139991760254e-01
3.647058904170989990e-01 5.019608139991760254e-01 3.647058904170989990e-01 7.490196228027343750e-01
3.647058904170989990e-01 7.490196228027343750e-01 3.647058904170989990e-01 7.490196228027343750e-01
2.705882489681243896e-01 4.274509847164154053e-01 3.647058904170989990e-01 4.274509847164154053e-01
3.647058904170989990e-01 4.274509847164154053e-01 4.235294163227081299e-01 4.274509847164154053e-01
4.235294163227081299e-01 4.274509847164154053e-01 4.235294163227081299e-01 3.568627536296844482e-01
4.235294163227081299e-01 3.568627536296844482e-01 4.235294163227081299e-01 2.784313857555389404e-01
4.235294163227081299e-01 2.784313857555389404e-01 4.235294163227081299e-01 2.156862765550613403e-01
4.235294163227081299e-01 2.156862765550613403e-01 2.705882489681243896e-01 2.156862765550613403e-01
2.705882489681243896e-01 2.156862765550613403e-01 2.705882489681243896e-01 2.509804069995880127e-01
2.705882489681243896e-01 2.509804069995880127e-01 2.705882489681243896e-01 4.274509847164154053e-01
2.705882489681243896e-01 4.274509847164154053e-01 2.705882489681243896e-01 4.274509847164154053e-01
4.235294163227081299e-01 4.274509847164154053e-01 3.647058904170989990e-01 4.274509847164154053e-01
3.647058904170989990e-01 4.274509847164154053e-01 3.647058904170989990e-01 5.019608139991760254e-01
3.647058904170989990e-01 5.019608139991760254e-01 5.254902243614196777e-01 5.019608139991760254e-01
5.254902243614196777e-01 5.019608139991760254e-01 5.254902243614196777e-01 7.490196228027343750e-01
5.254902243614196777e-01 7.490196228027343750e-01 7.450980544090270996e-01 7.490196228027343750e-01
7.450980544090270996e-01 7.490196228027343750e-01 8.352941274642944336e-01 7.490196228027343750e-01
8.352941274642944336e-01 7.490196228027343750e-01 8.352941274642944336e-01 2.784313857555389404e-01
8.352941274642944336e-01 2.784313857555389404e-01 7.764706015586853027e-01 2.784313857555389404e-01
7.764706015586853027e-01 2.784313857555389404e-01 7.764706015586853027e-01 3.882353007793426514e-01
7.764706015586853027e-01 3.882353007793426514e-01 6.823529601097106934e-01 3.882353007793426514e-01
6.823529601097106934e-01 3.882353007793426514e-01 6.823529601097106934e-01 2.784313857555389404e-01
6.823529601097106934e-01 2.784313857555389404e-01 5.254902243614196777e-01 2.784313857555389404e-01
5.254902243614196777e-01 2.784313857555389404e-01 5.254902243614196777e-01 3.568627536296844482e-01
5.254902243614196777e-01 3.568627536296844482e-01 5.254902243614196777e-01 4.274509847164154053e-01
5.254902243614196777e-01 4.274509847164154053e-01 4.235294163227081299e-01 4.274509847164154053e-01
4.235294163227081299e-01 4.274509847164154053e-01 4.235294163227081299e-01 4.274509847164154053e-01
7.764706015586853027e-01 2.784313857555389404e-01 7.764706015586853027e-01 2.117647081613540649e-01
7.764706015586853027e-01 2.117647081613540649e-01 6.823529601097106934e-01 2.117647081613540649e-01
6.823529601097106934e-01 2.117647081613540649e-01 6.823529601097106934e-01 2.784313857555389404e-01
6.823529601097106934e-01 2.784313857555389404e-01 6.823529601097106934e-01 3.882353007793426514e-01
6.823529601097106934e-01 3.882353007793426514e-01 7.764706015586853027e-01 3.882353007793426514e-01
7.764706015586853027e-01 3.882353007793426514e-01 7.764706015586853027e-01 2.784313857555389404e-01
7.764706015586853027e-01 2.784313857555389404e-01 7.764706015586853027e-01 2.784313857555389404e-01
5.254902243614196777e-01 2.784313857555389404e-01 6.823529601097106934e-01 2.784313857555389404e-01
6.823529601097106934e-01 2.784313857555389404e-01 6.823529601097106934e-01 2.117647081613540649e-01
6.823529601097106934e-01 2.117647081613540649e-01 5.254902243614196777e-01 2.117647081613540649e-01
5.254902243614196777e-01 2.117647081613540649e-01 5.254902243614196777e-01 2.784313857555389404e-01
5.254902243614196777e-01 2.784313857555389404e-01 5.254902243614196777e-01 2.784313857555389404e-01
