3.960784375667572021e-01 4.666666686534881592e-01 2.784313857555389404e-01 4.666666686534881592e-01
2.784313857555389404e-01 4.666666686534881592e-01 2.784313857555389404e-01 5.254902243614196777e-01
2.784313857555389404e-01 5.254902243614196777e-01 2.784313857555389404e-01 5.843137502670288086e-01
2.784313857555389404e-01 5.843137502670288086e-01 3.960784375667572021e-01 5.843137502670288086e-01
3.960784375667572021e-01 5.843137502670288086e-01 3.960784375667572021e-01 5.254902243614196777e-01
3.960784375667572021e-01 5.254902243614196777e-01 3.960784375667572021e-01 4.666666686534881592e-01
3.960784375667572021e-01 4.666666686534881592e-01 3.960784375667572021e-01 4.666666686534881592e-01
4.627451002597808838e-01 4.666666686534881592e-01 3.960784375667572021e-01 4.666666686534881592e-01
3.960784375667572021e-01 4.666666686534881592e-01 3.960784375667572021e-01 5.254902243614196777e-01
3.960784375667572021e-01 5.254902243614196777e-01 3.960784375667572021e-01 5.843137502670288086e-01
3.960784375667572021e-01 5.843137502670288086e-01 3.960784375667572021e-01 6.588235497474670410e-01
3.960784375667572021e-01 6.588235497474670410e-01 4.627451002597808838e-01 6.588235497474670410e-01
4.627451002597808838e-01 6.588235497474670410e-01 4.627451002597808838e-01 4.666666686534881592e-01
4.627451002597808838e-01 4.666666686534881592e-01 4.627451002597808838e-01 4.666666686534881592e-01
4.627451002597808838e-01 3.490196168422698975e-01 7.019608020782470703e-01 3.490196168422698975e-01
7.019608020782470703e-01 3.490196168422698975e-01 7.019608020782470703e-01 2.588235437870025635e-01
7.019608020782470703e-01 2.588235437870025635e-01 4.627451002597808838e-01 2.588235437870025635e-01
4.627451002597808838e-01 2.588235437870025635e-01 4.627451002597808838e-01 3.490196168422698975e-01
4.627451002597808838e-01 3.490196168422698975e-01 4.627451002597808838e-01 3.490196168422698975e-01
2.784313857555389404e-01 4.666666686534881592e-01 3.960784375667572021e-01 4.666666686534881592e-01
3.960784375667572021e-01 4.666666686534881592e-01 4.627451002597808838e-01 4.666666686534881592e-01
4.627451002597808838e-01 4.666666686534881592e-01 4.627451002597808838e-01 3.490196168422698975e-01
4.627451002597808838e-01 3.490196168422698975e-01 4.627451002597808838e-01 2.588235437870025635e-01
4.627451002597808838e-01 2.588235437870025635e-01 2.784313857555389404e-01 2.588235437870025635e-01
2.784313857555389404e-01 2.588235437870025635e-01 2.784313857555389404e-01 4.666666686534881592e-01
2.784313857555389404e-01 4.666666686534881592e-01 2.784313857555389404e-01 4.666666686534881592e-01
3.960784375667572021e-01 5.843137502670288086e-01 2.784313857555389404e-01 5.843137502670288086e-01
2.784313857555389404e-01 5.843137502670288086e-01 2.784313857555389404e-01 5.254902243614196777e-01
2.784313857555389404e-01 5.254902243614196777e-01 1.960784345865249634e-01 5.254902243614196777e-01
1.960784345865249634e-01 5.254902243614196777e-01 1.960784345865249634e-01 7.450980544090270996e-01
1.960784345865249634e-01 7.450980544090270996e-01 3.960784375667572021e-01 7.450980544090270996e-01
3.960784375667572021e-01 7.450980544090270996e-01 3.960784375667572021e-01 6.588235497474670410e-01
3.960784375667572021e-01 6.588235497474670410e-01 3.960784375667572021e-01 5.843137502670288086e-01
3.960784375667572021e-01 5.843137502670288086e-01 3.960784375667572021e-01 5.843137502670288086e-01
7.019608020782470703e-01 3.490196168422698975e-01 4.627451002597808838e-01 3.490196168422698975e-01
4.627451002597808838e-01 3.490196168422698975e-01 4.627451002597808838e-01 4.666666686534881592e-01
4.627451002597808838e-01 4.666666686534881592e-01 4.627451002597808838e-01 6.588235497474670410e-01
4.627451002597808838e-01 6.588235497474670410e-01 4.627451002597808838e-01 7.450980544090270996e-01
4.627451002597808838e-01 7.450980544090270996e-01 7.019608020782470703e-01 7.450980544090270996e-01
7.019608020782470703e-01 7.450980544090270996e-01 7.019608020782470703e-01 4.509803950786590576e-01
7.019608020782470703e-01 4.509803950786590576e-01 7.019608020782470703e-01 3.490196168422698975e-01
7.019608020782470703e-01 3.490196168422698975e-01 7.019608020782470703e-01 3.490196168422698975e-01
7.019608020782470703e-01 7.450980544090270996e-01 8.039215803146362305e-01 7.450980544090270996e-01
8.039215803146362305e-01 7.450980544090270996e-01 8.039215803146362305e-01 4.509803950786590576e-01
8.039215803146362305e-01 4.509803950786590576e-01 7.019608020782470703e-01 4.509803950786590576e-01
7.019608020782470703e-01 4.509803950786590576e-01 7.019608020782470703e-01 7.450980544090270996e-01
7.019608020782470703e-01 7.450980544090270996e-01 7.019608020782470703e-01 7.450980544090270996e-01
3.960784375667572021e-01 6.588235497474670410e-01 3.960784375667572021e-01 7.450980544090270996e-01
3.960784375667572021e-01 7.450980544090270996e-01 4.627451002597808838e-01 7.450980544090270996e-01
4.627451002597808838e-01 7.450980544090270996e-01 4.627451002597808838e-01 6.588235497474670410e-01
4.627451002597808838e-01 6.588235497474670410e-01 3.960784375667572021e-01 6.588235497474670410e-01
3.960784375667572021e-01 6.588235497474670410e-01 3.960784375667572021e-01 6.588235497474670410e-01
