1.568627506494522095e-01 4.313725531101226807e-01 2.431372553110122681e-01 4.313725531101226807e-01
2.431372553110122681e-01 4.313725531101226807e-01 2.431372553110122681e-01 2.509804069995880127e-01
2.431372553110122681e-01 2.509804069995880127e-01 1.568627506494522095e-01 2.509804069995880127e-01
1.568627506494522095e-01 2.509804069995880127e-01 1.568627506494522095e-01 4.313725531101226807e-01
1.568627506494522095e-01 4.313725531101226807e-01 1.568627506494522095e-01 4.313725531101226807e-01
4.039215743541717529e-01 4.313725531101226807e-01 5.019608139991760254e-01 4.313725531101226807e-01
5.019608139991760254e-01 4.313725531101226807e-01 5.019608139991760254e-01 2.509804069995880127e-01
5.019608139991760254e-01 2.509804069995880127e-01 4.039215743541717529e-01 2.509804069995880127e-01
4.039215743541717529e-01 2.509804069995880127e-01 4.039215743541717529e-01 4.313725531101226807e-01
4.039215743541717529e-01 4.313725531101226807e-01 4.039215743541717529e-01 4.313725531101226807e-01
7.921568751335144043e-01 6.000000238418579102e-01 5.019608139991760254e-01 6.000000238418579102e-01
5.019608139991760254e-01 6.000000238418579102e-01 5.019608139991760254e-01 6.705882549285888672e-01
5.019608139991760254e-01 6.705882549285888672e-01 5.019608139991760254e-01 7.568627595901489258e-01
5.019608139991760254e-01 7.568627595901489258e-01 8.470588326454162598e-01 7.568627595901489258e-01
8.470588326454162598e-01 7.568627595901489258e-01 8.470588326454162598e-01 6.000000238418579102e-01
8.470588326454162598e-01 6.000000238418579102e-01 7.921568751335144043e-01 6.000000238418579102e-01
7.921568751335144043e-01 6.000000238418579102e-01 7.921568751335144043e-01 6.000000238418579102e-01
2.431372553110122681e-01 4.313725531101226807e-01 1.568627506494522095e-01 4.313725531101226807e-01
1.568627506494522095e-01 4.313725531101226807e-01 1.568627506494522095e-01 6.705882549285888672e-01
1.568627506494522095e-01 6.705882549285888672e-01 3.372549116611480713e-01 6.705882549285888672e-01
3.372549116611480713e-01 6.705882549285888672e-01 3.372549116611480713e-01 4.941176474094390869e-01
3.372549116611480713e-01 4.941176474094390869e-01 3.372549116611480713e-01 4.313725531101226807e-01
3.372549116611480713e-01 4.313725531101226807e-01 2.431372553110122681e-01 4.313725531101226807e-01
2.431372553110122681e-01 4.313725531101226807e-01 2.431372553110122681e-01 4.313725531101226807e-01
3.372549116611480713e-01 6.705882549285888672e-01 5.019608139991760254e-01 6.705882549285888672e-01
5.019608139991760254e-01 6.705882549285888672e-01 5.019608139991760254e-01 6.000000238418579102e-01
5.019608139991760254e-01 6.000000238418579102e-01 5.019608139991760254e-01 4.941176474094390869e-01
5.019608139991760254e-01 4.941176474094390869e-01 3.372549116611480713e-01 4.941176474094390869e-01
3.372549116611480713e-01 4.941176474094390869e-01 3.372549116611480713e-01 6.705882549285888672e-01
3.372549116611480713e-01 6.705882549285888672e-01 3.372549116611480713e-01 6.705882549285888672e-01
2.431372553110122681e-01 4.313725531101226807e-01 3.372549116611480713e-01 4.313725531101226807e-01
3.372549116611480713e-01 4.313725531101226807e-01 4.039215743541717529e-01 4.313725531101226807e-01
4.039215743541717529e-01 4.313725531101226807e-01 4.039215743541717529e-01 2.509804069995880127e-01
4.039215743541717529e-01 2.509804069995880127e-01 3.372549116611480713e-01 2.509804069995880127e-01
3.372549116611480713e-01 2.509804069995880127e-01 2.431372553110122681e-01 2.509804069995880127e-01
2.431372553110122681e-01 2.509804069995880127e-01 2.431372553110122681e-01 4.313725531101226807e-01
2.431372553110122681e-01 4.313725531101226807e-01 2.431372553110122681e-01 4.313725531101226807e-01
4.039215743541717529e-01 4.313725531101226807e-01 3.372549116611480713e-01 4.313725531101226807e-01
3.372549116611480713e-01 4.313725531101226807e-01 3.372549116611480713e-01 4.941176474094390869e-01
3.372549116611480713e-01 4.941176474094390869e-01 5.019608139991760254e-01 4.941176474094390869e-01
5.019608139991760254e-01 4.941176474094390869e-01 5.019608139991760254e-01 6.000000238418579102e-01
5.019608139991760254e-01 6.000000238418579102e-01 7.921568751335144043e-01 6.000000238418579102e-01
7.921568751335144043e-01 6.000000238418579102e-01 7.921568751335144043e-01 4.235294163227081299e-01
7.921568751335144043e-01 4.235294163227081299e-01 6.705882549285888672e-01 4.235294163227081299e-01
6.705882549285888672e-01 4.235294163227081299e-01 6.705882549285888672e-01 2.509804069995880127e-01
6.705882549285888672e-01 2.509804069995880127e-01 5.019608139991760254e-01 2.509804069995880127e-01
5.019608139991760254e-01 2.509804069995880127e-01 5.019608139991760254e-01 4.313725531101226807e-01
5.019608139991760254e-01 4.313725531101226807e-01 4.039215743541717529e-01 4.313725531101226807e-01
4.039215743541717529e-01 4.313725531101226807e-01 4.039215743541717529e-01 4.313725531101226807e-01
7.921568751335144043e-01 2.509804069995880127e-01 6.705882549285888672e-01 2.509804069995880127e-01
6.705882549285888672e-01 2.509804069995880127e-01 6.705882549285888672e-01 4.235294163227081299e-01
6.705882549285888672e-01 4.235294163227081299e-01 7.921568751335144043e-01 4.235294163227081299e-01
7.921568751335144043e-01 4.235294163227081299e-01 7.921568751335144043e-01 2.509804069995880127e-01
7.921568751335144043e-01 2.509804069995880127e-01 7.921568751335144043e-01 2.509804069995880127e-01
