4.470588266849517822e-01 2.823529541492462158e-01 3.019607961177825928e-01 2.823529541492462158e-01
3.019607961177825928e-01 2.823529541492462158e-01 3.019607961177825928e-01 4.000000059604644775e-01
3.019607961177825928e-01 4.000000059604644775e-01 4.470588266849517822e-01 4.000000059604644775e-01
4.470588266849517822e-01 4.000000059604644775e-01 4.470588266849517822e-01 2.823529541492462158e-01
4.470588266849517822e-01 2.823529541492462158e-01 4.470588266849517822e-01 2.823529541492462158e-01
6.980392336845397949e-01 2.823529541492462158e-01 4.470588266849517822e-01 2.823529541492462158e-01
4.470588266849517822e-01 2.823529541492462158e-01 4.470588266849517822e-01 4.000000059604644775e-01
4.470588266849517822e-01 4.000000059604644775e-01 4.470588266849517822e-01 6.039215922355651855e-01
4.470588266849517822e-01 6.039215922355651855e-01 6.431372761726379395e-01 6.039215922355651855e-01
6.431372761726379395e-01 6.039215922355651855e-01 6.980392336845397949e-01 6.039215922355651855e-01
6.980392336845397949e-01 6.039215922355651855e-01 6.980392336845397949e-01 2.823529541492462158e-01
6.980392336845397949e-01 2.823529541492462158e-01 6.980392336845397949e-01 2.823529541492462158e-01
4.470588266849517822e-01 4.000000059604644775e-01 3.019607961177825928e-01 4.000000059604644775e-01
3.019607961177825928e-01 4.000000059604644775e-01 3.019607961177825928e-01 6.039215922355651855e-01
3.019607961177825928e-01 6.039215922355651855e-01 4.470588266849517822e-01 6.039215922355651855e-01
4.470588266849517822e-01 6.039215922355651855e-01 4.470588266849517822e-01 4.000000059604644775e-01
4.470588266849517822e-01 4.000000059604644775e-01 4.470588266849517822e-01 4.000000059604644775e-01
4.470588266849517822e-01 6.039215922355651855e-01 4.470588266849517822e-01 7.176470756530761719e-01
4.470588266849517822e-01 7.176470756530761719e-01 6.431372761726379395e-01 7.176470756530761719e-01
6.431372761726379395e-01 7.176470756530761719e-01 6.431372761726379395e-01 6.039215922355651855e-01
6.431372761726379395e-01 6.039215922355651855e-01 4.470588266849517822e-01 6.039215922355651855e-01
4.470588266849517822e-01 6.039215922355651855e-01 4.470588266849517822e-01 6.039215922355651855e-01
