3.372549116611480713e-01 2.823529541492462158e-01 2.549019753932952881e-01 2.823529541492462158e-01
2.549019753932952881e-01 2.823529541492462158e-01 2.549019753932952881e-01 4.431372582912445068e-01
2.549019753932952881e-01 4.431372582912445068e-01 3.372549116611480713e-01 4.431372582912445068e-01
3.372549116611480713e-01 4.431372582912445068e-01 3.372549116611480713e-01 2.823529541492462158e-01
3.372549116611480713e-01 2.823529541492462158e-01 3.372549116611480713e-01 2.823529541492462158e-01
4.000000059604644775e-01 2.823529541492462158e-01 3.372549116611480713e-01 2.823529541492462158e-01
3.372549116611480713e-01 2.823529541492462158e-01 3.372549116611480713e-01 4.431372582912445068e-01
3.372549116611480713e-01 4.431372582912445068e-01 4.000000059604644775e-01 4.431372582912445068e-01
4.000000059604644775e-01 4.431372582912445068e-01 4.000000059604644775e-01 2.823529541492462158e-01
4.000000059604644775e-01 2.823529541492462158e-01 4.000000059604644775e-01 2.823529541492462158e-01
2.549019753932952881e-01 5.921568870544433594e-01 2.549019753932952881e-01 6.392157077789306641e-01
2.549019753932952881e-01 6.392157077789306641e-01 4.000000059604644775e-01 6.392157077789306641e-01
4.000000059604644775e-01 6.392157077789306641e-01 4.000000059604644775e-01 5.921568870544433594e-01
4.000000059604644775e-01 5.921568870544433594e-01 3.372549116611480713e-01 5.921568870544433594e-01
3.372549116611480713e-01 5.921568870544433594e-01 2.549019753932952881e-01 5.921568870544433594e-01
2.549019753932952881e-01 5.921568870544433594e-01 2.549019753932952881e-01 5.921568870544433594e-01
1.960784345865249634e-01 2.823529541492462158e-01 2.549019753932952881e-01 2.823529541492462158e-01
2.549019753932952881e-01 2.823529541492462158e-01 3.372549116611480713e-01 2.823529541492462158e-01
3.372549116611480713e-01 2.823529541492462158e-01 3.372549116611480713e-01 9.019608050584793091e-02
3.372549116611480713e-01 9.019608050584793091e-02 1.960784345865249634e-01 9.019608050584793091e-02
1.960784345865249634e-01 9.019608050584793091e-02 1.960784345865249634e-01 2.823529541492462158e-01
1.960784345865249634e-01 2.823529541492462158e-01 1.960784345865249634e-01 2.823529541492462158e-01
2.549019753932952881e-01 6.392157077789306641e-01 2.549019753932952881e-01 8.745098114013671875e-01
2.549019753932952881e-01 8.745098114013671875e-01 4.745098054409027100e-01 8.745098114013671875e-01
4.745098054409027100e-01 8.745098114013671875e-01 4.745098054409027100e-01 8.196078538894653320e-01
4.745098054409027100e-01 8.196078538894653320e-01 4.745098054409027100e-01 5.921568870544433594e-01
4.745098054409027100e-01 5.921568870544433594e-01 4.000000059604644775e-01 5.921568870544433594e-01
4.000000059604644775e-01 5.921568870544433594e-01 4.000000059604644775e-01 6.392157077789306641e-01
4.000000059604644775e-01 6.392157077789306641e-01 2.549019753932952881e-01 6.392157077789306641e-01
2.549019753932952881e-01 6.392157077789306641e-01 2.549019753932952881e-01 6.392157077789306641e-01
6.627451181411743164e-01 5.921568870544433594e-01 4.745098054409027100e-01 5.921568870544433594e-01
4.745098054409027100e-01 5.921568870544433594e-01 4.745098054409027100e-01 8.196078538894653320e-01
4.745098054409027100e-01 8.196078538894653320e-01 6.627451181411743164e-01 8.196078538894653320e-01
6.627451181411743164e-01 8.196078538894653320e-01 6.627451181411743164e-01 5.921568870544433594e-01
6.627451181411743164e-01 5.921568870544433594e-01 6.627451181411743164e-01 5.921568870544433594e-01
4.745098054409027100e-01 5.921568870544433594e-01 6.627451181411743164e-01 5.921568870544433594e-01
6.627451181411743164e-01 5.921568870544433594e-01 6.627451181411743164e-01 3.411764800548553467e-01
6.627451181411743164e-01 3.411764800548553467e-01 4.745098054409027100e-01 3.411764800548553467e-01
4.745098054409027100e-01 3.411764800548553467e-01 4.745098054409027100e-01 5.921568870544433594e-01
4.745098054409027100e-01 5.921568870544433594e-01 4.745098054409027100e-01 5.921568870544433594e-01
3.372549116611480713e-01 2.823529541492462158e-01 4.000000059604644775e-01 2.823529541492462158e-01
4.000000059604644775e-01 2.823529541492462158e-01 4.000000059604644775e-01 4.431372582912445068e-01
4.000000059604644775e-01 4.431372582912445068e-01 4.000000059604644775e-01 5.921568870544433594e-01
4.000000059604644775e-01 5.921568870544433594e-01 4.745098054409027100e-01 5.921568870544433594e-01
4.745098054409027100e-01 5.921568870544433594e-01 4.745098054409027100e-01 3.411764800548553467e-01
4.745098054409027100e-01 3.411764800548553467e-01 6.627451181411743164e-01 3.411764800548553467e-01
6.627451181411743164e-01 3.411764800548553467e-01 6.627451181411743164e-01 5.921568870544433594e-01
6.627451181411743164e-01 5.921568870544433594e-01 8.039215803146362305e-01 5.921568870544433594e-01
8.039215803146362305e-01 5.921568870544433594e-01 8.039215803146362305e-01 9.019608050584793091e-02
8.039215803146362305e-01 9.019608050584793091e-02 3.372549116611480713e-01 9.019608050584793091e-02
3.372549116611480713e-01 9.019608050584793091e-02 3.372549116611480713e-01 2.823529541492462158e-01
3.372549116611480713e-01 2.823529541492462158e-01 3.372549116611480713e-01 2.823529541492462158e-01
4.745098054409027100e-01 8.196078538894653320e-01 4.745098054409027100e-01 8.745098114013671875e-01
4.745098054409027100e-01 8.745098114013671875e-01 4.745098054409027100e-01 9.137254953384399414e-01
4.745098054409027100e-01 9.137254953384399414e-01 6.627451181411743164e-01 9.137254953384399414e-01
6.627451181411743164e-01 9.137254953384399414e-01 6.627451181411743164e-01 8.196078538894653320e-01
6.627451181411743164e-01 8.196078538894653320e-01 4.745098054409027100e-01 8.196078538894653320e-01
4.745098054409027100e-01 8.196078538894653320e-01 4.745098054409027100e-01 8.196078538894653320e-01
3.372549116611480713e-01 4.431372582912445068e-01 2.549019753932952881e-01 4.431372582912445068e-01
2.549019753932952881e-01 4.431372582912445068e-01 2.549019753932952881e-01 5.921568870544433594e-01
2.549019753932952881e-01 5.921568870544433594e-01 3.372549116611480713e-01 5.921568870544433594e-01
3.372549116611480713e-01 5.921568870544433594e-01 4.000000059604644775e-01 5.921568870544433594e-01
4.000000059604644775e-01 5.921568870544433594e-01 4.000000059604644775e-01 4.431372582912445068e-01
4.000000059604644775e-01 4.431372582912445068e-01 3.372549116611480713e-01 4.431372582912445068e-01
3.372549116611480713e-01 4.431372582912445068e-01 3.372549116611480713e-01 4.431372582912445068e-01
