6.509804129600524902e-01 5.725490450859069824e-01 5.137255191802978516e-01 5.725490450859069824e-01
5.137255191802978516e-01 5.725490450859069824e-01 5.137255191802978516e-01 7.450980544090270996e-01
5.137255191802978516e-01 7.450980544090270996e-01 6.509804129600524902e-01 7.450980544090270996e-01
6.509804129600524902e-01 7.450980544090270996e-01 6.509804129600524902e-01 5.725490450859069824e-01
6.509804129600524902e-01 5.725490450859069824e-01 6.509804129600524902e-01 5.725490450859069824e-01
4.156862795352935791e-01 5.725490450859069824e-01 5.137255191802978516e-01 5.725490450859069824e-01
5.137255191802978516e-01 5.725490450859069824e-01 6.509804129600524902e-01 5.725490450859069824e-01
6.509804129600524902e-01 5.725490450859069824e-01 6.509804129600524902e-01 2.588235437870025635e-01
6.509804129600524902e-01 2.588235437870025635e-01 4.156862795352935791e-01 2.588235437870025635e-01
4.156862795352935791e-01 2.588235437870025635e-01 4.156862795352935791e-01 5.725490450859069824e-01
4.156862795352935791e-01 5.725490450859069824e-01 4.156862795352935791e-01 5.725490450859069824e-01
2.588235437870025635e-01 5.725490450859069824e-01 4.156862795352935791e-01 5.725490450859069824e-01
4.156862795352935791e-01 5.725490450859069824e-01 4.156862795352935791e-01 2.588235437870025635e-01
4.156862795352935791e-01 2.588235437870025635e-01 2.588235437870025635e-01 2.588235437870025635e-01
2.588235437870025635e-01 2.588235437870025635e-01 2.588235437870025635e-01 5.725490450859069824e-01
2.588235437870025635e-01 5.725490450859069824e-01 2.588235437870025635e-01 5.725490450859069824e-01
6.509804129600524902e-01 5.725490450859069824e-01 7.450980544090270996e-01 5.725490450859069824e-01
7.450980544090270996e-01 5.725490450859069824e-01 7.450980544090270996e-01 2.588235437870025635e-01
7.450980544090270996e-01 2.588235437870025635e-01 6.509804129600524902e-01 2.588235437870025635e-01
6.509804129600524902e-01 2.588235437870025635e-01 6.509804129600524902e-01 5.725490450859069824e-01
6.509804129600524902e-01 5.725490450859069824e-01 6.509804129600524902e-01 5.725490450859069824e-01
