7.215686440467834473e-01 8.627451062202453613e-01 5.882353186607360840e-01 8.627451062202453613e-01
5.882353186607360840e-01 8.627451062202453613e-01 5.882353186607360840e-01 9.607843160629272461e-01
5.882353186607360840e-01 9.607843160629272461e-01 7.215686440467834473e-01 9.607843160629272461e-01
7.215686440467834473e-01 9.607843160629272461e-01 7.215686440467834473e-01 8.627451062202453613e-01
7.215686440467834473e-01 8.627451062202453613e-01 7.215686440467834473e-01 8.627451062202453613e-01
4.745098054409027100e-01 1.921568661928176880e-01 6.039215922355651855e-01 1.921568661928176880e-01
6.039215922355651855e-01 1.921568661928176880e-01 6.039215922355651855e-01 4.313725605607032776e-02
6.039215922355651855e-01 4.313725605607032776e-02 4.745098054409027100e-01 4.313725605607032776e-02
4.745098054409027100e-01 4.313725605607032776e-02 4.745098054409027100e-01 1.921568661928176880e-01
4.745098054409027100e-01 1.921568661928176880e-01 4.745098054409027100e-01 1.921568661928176880e-01
7.215686440467834473e-01 6.901960968971252441e-01 7.215686440467834473e-01 6.000000238418579102e-01
7.215686440467834473e-01 6.000000238418579102e-01 5.882353186607360840e-01 6.000000238418579102e-01
5.882353186607360840e-01 6.000000238418579102e-01 5.882353186607360840e-01 6.901960968971252441e-01
5.882353186607360840e-01 6.901960968971252441e-01 7.215686440467834473e-01 6.901960968971252441e-01
7.215686440467834473e-01 6.901960968971252441e-01 7.215686440467834473e-01 6.901960968971252441e-01
7.215686440467834473e-01 6.000000238418579102e-01 7.215686440467834473e-01 4.509803950786590576e-01
7.215686440467834473e-01 4.509803950786590576e-01 5.882353186607360840e-01 4.509803950786590576e-01
5.882353186607360840e-01 4.509803950786590576e-01 5.882353186607360840e-01 6.000000238418579102e-01
5.882353186607360840e-01 6.000000238418579102e-01 7.215686440467834473e-01 6.000000238418579102e-01
7.215686440467834473e-01 6.000000238418579102e-01 7.215686440467834473e-01 6.000000238418579102e-01
3.176470696926116943e-01 9.607843160629272461e-01 5.882353186607360840e-01 9.607843160629272461e-01
5.882353186607360840e-01 9.607843160629272461e-01 5.882353186607360840e-01 8.627451062202453613e-01
5.882353186607360840e-01 8.627451062202453613e-01 5.882353186607360840e-01 7.529411911964416504e-01
5.882353186607360840e-01 7.529411911964416504e-01 5.215686559677124023e-01 7.529411911964416504e-01
5.215686559677124023e-01 7.529411911964416504e-01 3.176470696926116943e-01 7.529411911964416504e-01
3.176470696926116943e-01 7.529411911964416504e-01 3.176470696926116943e-01 9.607843160629272461e-01
3.176470696926116943e-01 9.607843160629272461e-01 3.176470696926116943e-01 9.607843160629272461e-01
3.176470696926116943e-01 7.529411911964416504e-01 5.215686559677124023e-01 7.529411911964416504e-01
5.215686559677124023e-01 7.529411911964416504e-01 5.215686559677124023e-01 5.921568870544433594e-01
5.215686559677124023e-01 5.921568870544433594e-01 3.176470696926116943e-01 5.921568870544433594e-01
3.176470696926116943e-01 5.921568870544433594e-01 3.176470696926116943e-01 7.529411911964416504e-01
3.176470696926116943e-01 7.529411911964416504e-01 3.176470696926116943e-01 7.529411911964416504e-01
3.176470696926116943e-01 4.509803950786590576e-01 3.176470696926116943e-01 5.921568870544433594e-01
3.176470696926116943e-01 5.921568870544433594e-01 5.215686559677124023e-01 5.921568870544433594e-01
5.215686559677124023e-01 5.921568870544433594e-01 5.215686559677124023e-01 4.509803950786590576e-01
5.215686559677124023e-01 4.509803950786590576e-01 3.176470696926116943e-01 4.509803950786590576e-01
3.176470696926116943e-01 4.509803950786590576e-01 3.176470696926116943e-01 4.509803950786590576e-01
5.882353186607360840e-01 8.627451062202453613e-01 7.215686440467834473e-01 8.627451062202453613e-01
7.215686440467834473e-01 8.627451062202453613e-01 7.215686440467834473e-01 7.529411911964416504e-01
7.215686440467834473e-01 7.529411911964416504e-01 7.215686440467834473e-01 6.901960968971252441e-01
7.215686440467834473e-01 6.901960968971252441e-01 5.882353186607360840e-01 6.901960968971252441e-01
5.882353186607360840e-01 6.901960968971252441e-01 5.882353186607360840e-01 7.529411911964416504e-01
5.882353186607360840e-01 7.529411911964416504e-01 5.882353186607360840e-01 8.627451062202453613e-01
5.882353186607360840e-01 8.627451062202453613e-01 5.882353186607360840e-01 8.627451062202453613e-01
7.215686440467834473e-01 4.509803950786590576e-01 7.215686440467834473e-01 1.921568661928176880e-01
7.215686440467834473e-01 1.921568661928176880e-01 6.039215922355651855e-01 1.921568661928176880e-01
6.039215922355651855e-01 1.921568661928176880e-01 4.745098054409027100e-01 1.921568661928176880e-01
4.745098054409027100e-01 1.921568661928176880e-01 3.176470696926116943e-01 1.921568661928176880e-01
3.176470696926116943e-01 1.921568661928176880e-01 3.176470696926116943e-01 4.509803950786590576e-01
3.176470696926116943e-01 4.509803950786590576e-01 5.215686559677124023e-01 4.509803950786590576e-01
5.215686559677124023e-01 4.509803950786590576e-01 5.215686559677124023e-01 5.921568870544433594e-01
5.215686559677124023e-01 5.921568870544433594e-01 5.215686559677124023e-01 7.529411911964416504e-01
5.215686559677124023e-01 7.529411911964416504e-01 5.882353186607360840e-01 7.529411911964416504e-01
5.882353186607360840e-01 7.529411911964416504e-01 5.882353186607360840e-01 6.901960968971252441e-01
5.882353186607360840e-01 6.901960968971252441e-01 5.882353186607360840e-01 6.000000238418579102e-01
5.882353186607360840e-01 6.000000238418579102e-01 5.882353186607360840e-01 4.509803950786590576e-01
5.882353186607360840e-01 4.509803950786590576e-01 7.215686440467834473e-01 4.509803950786590576e-01
7.215686440467834473e-01 4.509803950786590576e-01 7.215686440467834473e-01 4.509803950786590576e-01
3.176470696926116943e-01 1.921568661928176880e-01 2.117647081613540649e-01 1.921568661928176880e-01
2.117647081613540649e-01 1.921568661928176880e-01 2.117647081613540649e-01 4.509803950786590576e-01
2.117647081613540649e-01 4.509803950786590576e-01 3.176470696926116943e-01 4.509803950786590576e-01
3.176470696926116943e-01 4.509803950786590576e-01 3.176470696926116943e-01 1.921568661928176880e-01
3.176470696926116943e-01 1.921568661928176880e-01 3.176470696926116943e-01 1.921568661928176880e-01
7.215686440467834473e-01 1.921568661928176880e-01 7.215686440467834473e-01 4.509803950786590576e-01
7.215686440467834473e-01 4.509803950786590576e-01 7.215686440467834473e-01 6.000000238418579102e-01
7.215686440467834473e-01 6.000000238418579102e-01 7.882353067398071289e-01 6.000000238418579102e-01
7.882353067398071289e-01 6.000000238418579102e-01 7.882353067398071289e-01 1.921568661928176880e-01
7.882353067398071289e-01 1.921568661928176880e-01 7.215686440467834473e-01 1.921568661928176880e-01
7.215686440467834473e-01 1.921568661928176880e-01 7.215686440467834473e-01 1.921568661928176880e-01
3.176470696926116943e-01 1.921568661928176880e-01 4.745098054409027100e-01 1.921568661928176880e-01
4.745098054409027100e-01 1.921568661928176880e-01 4.745098054409027100e-01 4.313725605607032776e-02
4.745098054409027100e-01 4.313725605607032776e-02 3.176470696926116943e-01 4.313725605607032776e-02
3.176470696926116943e-01 4.313725605607032776e-02 3.176470696926116943e-01 1.921568661928176880e-01
3.176470696926116943e-01 1.921568661928176880e-01 3.176470696926116943e-01 1.921568661928176880e-01
