5.529412031173706055e-01 4.784313738346099854e-01 5.529412031173706055e-01 5.725490450859069824e-01
5.529412031173706055e-01 5.725490450859069824e-01 7.215686440467834473e-01 5.725490450859069824e-01
7.215686440467834473e-01 5.725490450859069824e-01 7.215686440467834473e-01 4.784313738346099854e-01
7.215686440467834473e-01 4.784313738346099854e-01 5.529412031173706055e-01 4.784313738346099854e-01
5.529412031173706055e-01 4.784313738346099854e-01 5.529412031173706055e-01 4.784313738346099854e-01
5.529412031173706055e-01 2.117647081613540649e-01 4.666666686534881592e-01 2.117647081613540649e-01
4.666666686534881592e-01 2.117647081613540649e-01 4.666666686534881592e-01 3.137255012989044189e-01
4.666666686534881592e-01 3.137255012989044189e-01 5.529412031173706055e-01 3.137255012989044189e-01
5.529412031173706055e-01 3.137255012989044189e-01 6.078431606292724609e-01 3.137255012989044189e-01
6.078431606292724609e-01 3.137255012989044189e-01 6.078431606292724609e-01 2.117647081613540649e-01
6.078431606292724609e-01 2.117647081613540649e-01 5.529412031173706055e-01 2.117647081613540649e-01
5.529412031173706055e-01 2.117647081613540649e-01 5.529412031173706055e-01 2.117647081613540649e-01
2.862745225429534912e-01 5.725490450859069824e-01 1.803921610116958618e-01 5.725490450859069824e-01
1.803921610116958618e-01 5.725490450859069824e-01 1.803921610116958618e-01 7.882353067398071289e-01
1.803921610116958618e-01 7.882353067398071289e-01 2.862745225429534912e-01 7.882353067398071289e-01
2.862745225429534912e-01 7.882353067398071289e-01 2.862745225429534912e-01 5.725490450859069824e-01
2.862745225429534912e-01 5.725490450859069824e-01 2.862745225429534912e-01 5.725490450859069824e-01
4.666666686534881592e-01 2.117647081613540649e-01 2.392156869173049927e-01 2.117647081613540649e-01
2.392156869173049927e-01 2.117647081613540649e-01 2.392156869173049927e-01 4.078431427478790283e-01
2.392156869173049927e-01 4.078431427478790283e-01 2.862745225429534912e-01 4.078431427478790283e-01
2.862745225429534912e-01 4.078431427478790283e-01 4.784313738346099854e-01 4.078431427478790283e-01
4.784313738346099854e-01 4.078431427478790283e-01 5.529412031173706055e-01 4.078431427478790283e-01
5.529412031173706055e-01 4.078431427478790283e-01 5.529412031173706055e-01 3.137255012989044189e-01
5.529412031173706055e-01 3.137255012989044189e-01 4.666666686534881592e-01 3.137255012989044189e-01
4.666666686534881592e-01 3.137255012989044189e-01 4.666666686534881592e-01 2.117647081613540649e-01
4.666666686534881592e-01 2.117647081613540649e-01 4.666666686534881592e-01 2.117647081613540649e-01
4.784313738346099854e-01 4.078431427478790283e-01 2.862745225429534912e-01 4.078431427478790283e-01
2.862745225429534912e-01 4.078431427478790283e-01 2.862745225429534912e-01 5.725490450859069824e-01
2.862745225429534912e-01 5.725490450859069824e-01 4.784313738346099854e-01 5.725490450859069824e-01
4.784313738346099854e-01 5.725490450859069824e-01 4.784313738346099854e-01 4.078431427478790283e-01
4.784313738346099854e-01 4.078431427478790283e-01 4.784313738346099854e-01 4.078431427478790283e-01
7.215686440467834473e-01 4.078431427478790283e-01 7.215686440467834473e-01 3.137255012989044189e-01
7.215686440467834473e-01 3.137255012989044189e-01 6.078431606292724609e-01 3.137255012989044189e-01
6.078431606292724609e-01 3.137255012989044189e-01 5.529412031173706055e-01 3.137255012989044189e-01
5.529412031173706055e-01 3.137255012989044189e-01 5.529412031173706055e-01 4.078431427478790283e-01
5.529412031173706055e-01 4.078431427478790283e-01 5.529412031173706055e-01 4.784313738346099854e-01
5.529412031173706055e-01 4.784313738346099854e-01 7.215686440467834473e-01 4.784313738346099854e-01
7.215686440467834473e-01 4.784313738346099854e-01 7.215686440467834473e-01 4.078431427478790283e-01
7.215686440467834473e-01 4.078431427478790283e-01 7.215686440467834473e-01 4.078431427478790283e-01
5.529412031173706055e-01 4.078431427478790283e-01 4.784313738346099854e-01 4.078431427478790283e-01
4.784313738346099854e-01 4.078431427478790283e-01 4.784313738346099854e-01 5.725490450859069824e-01
4.784313738346099854e-01 5.725490450859069824e-01 2.862745225429534912e-01 5.725490450859069824e-01
2.862745225429534912e-01 5.725490450859069824e-01 2.862745225429534912e-01 7.882353067398071289e-01
2.862745225429534912e-01 7.882353067398071289e-01 7.215686440467834473e-01 7.882353067398071289e-01
7.215686440467834473e-01 7.882353067398071289e-01 7.215686440467834473e-01 7.058823704719543457e-01
7.215686440467834473e-01 7.058823704719543457e-01 7.215686440467834473e-01 5.725490450859069824e-01
7.215686440467834473e-01 5.725490450859069824e-01 5.529412031173706055e-01 5.725490450859069824e-01
5.529412031173706055e-01 5.725490450859069824e-01 5.529412031173706055e-01 4.784313738346099854e-01
5.529412031173706055e-01 4.784313738346099854e-01 5.529412031173706055e-01 4.078431427478790283e-01
5.529412031173706055e-01 4.078431427478790283e-01 5.529412031173706055e-01 4.078431427478790283e-01
8.235294222831726074e-01 4.784313738346099854e-01 7.215686440467834473e-01 4.784313738346099854e-01
7.215686440467834473e-01 4.784313738346099854e-01 7.215686440467834473e-01 5.725490450859069824e-01
7.215686440467834473e-01 5.725490450859069824e-01 7.215686440467834473e-01 7.058823704719543457e-01
7.215686440467834473e-01 7.058823704719543457e-01 8.235294222831726074e-01 7.058823704719543457e-01
8.235294222831726074e-01 7.058823704719543457e-01 8.235294222831726074e-01 4.784313738346099854e-01
8.235294222831726074e-01 4.784313738346099854e-01 8.235294222831726074e-01 4.784313738346099854e-01
8.235294222831726074e-01 4.078431427478790283e-01 7.215686440467834473e-01 4.078431427478790283e-01
7.215686440467834473e-01 4.078431427478790283e-01 7.215686440467834473e-01 4.784313738346099854e-01
7.215686440467834473e-01 4.784313738346099854e-01 8.235294222831726074e-01 4.784313738346099854e-01
8.235294222831726074e-01 4.784313738346099854e-01 8.235294222831726074e-01 4.078431427478790283e-01
8.235294222831726074e-01 4.078431427478790283e-01 8.235294222831726074e-01 4.078431427478790283e-01
