6.313725709915161133e-01 3.764705955982208252e-01 5.254902243614196777e-01 3.764705955982208252e-01
5.254902243614196777e-01 3.764705955982208252e-01 5.254902243614196777e-01 4.509803950786590576e-01
5.254902243614196777e-01 4.509803950786590576e-01 6.313725709915161133e-01 4.509803950786590576e-01
6.313725709915161133e-01 4.509803950786590576e-01 6.313725709915161133e-01 3.764705955982208252e-01
6.313725709915161133e-01 3.764705955982208252e-01 6.313725709915161133e-01 3.764705955982208252e-01
5.254902243614196777e-01 3.764705955982208252e-01 6.313725709915161133e-01 3.764705955982208252e-01
6.313725709915161133e-01 3.764705955982208252e-01 6.745098233222961426e-01 3.764705955982208252e-01
6.745098233222961426e-01 3.764705955982208252e-01 6.745098233222961426e-01 2.941176593303680420e-01
6.745098233222961426e-01 2.941176593303680420e-01 6.313725709915161133e-01 2.941176593303680420e-01
6.313725709915161133e-01 2.941176593303680420e-01 5.254902243614196777e-01 2.941176593303680420e-01
5.254902243614196777e-01 2.941176593303680420e-01 5.254902243614196777e-01 3.764705955982208252e-01
5.254902243614196777e-01 3.764705955982208252e-01 5.254902243614196777e-01 3.764705955982208252e-01
3.254902064800262451e-01 5.490196347236633301e-01 4.431372582912445068e-01 5.490196347236633301e-01
4.431372582912445068e-01 5.490196347236633301e-01 4.431372582912445068e-01 4.196078479290008545e-01
4.431372582912445068e-01 4.196078479290008545e-01 3.254902064800262451e-01 4.196078479290008545e-01
3.254902064800262451e-01 4.196078479290008545e-01 3.254902064800262451e-01 5.490196347236633301e-01
3.254902064800262451e-01 5.490196347236633301e-01 3.254902064800262451e-01 5.490196347236633301e-01
6.313725709915161133e-01 4.509803950786590576e-01 5.254902243614196777e-01 4.509803950786590576e-01
5.254902243614196777e-01 4.509803950786590576e-01 5.254902243614196777e-01 3.764705955982208252e-01
5.254902243614196777e-01 3.764705955982208252e-01 5.254902243614196777e-01 2.941176593303680420e-01
5.254902243614196777e-01 2.941176593303680420e-01 4.431372582912445068e-01 2.941176593303680420e-01
4.431372582912445068e-01 2.941176593303680420e-01 4.431372582912445068e-01 4.196078479290008545e-01
4.431372582912445068e-01 4.196078479290008545e-01 4.431372582912445068e-01 5.490196347236633301e-01
4.431372582912445068e-01 5.490196347236633301e-01 4.431372582912445068e-01 7.058823704719543457e-01
4.431372582912445068e-01 7.058823704719543457e-01 6.313725709915161133e-01 7.058823704719543457e-01
6.313725709915161133e-01 7.058823704719543457e-01 6.313725709915161133e-01 4.509803950786590576e-01
6.313725709915161133e-01 4.509803950786590576e-01 6.313725709915161133e-01 4.509803950786590576e-01
4.431372582912445068e-01 5.490196347236633301e-01 3.254902064800262451e-01 5.490196347236633301e-01
3.254902064800262451e-01 5.490196347236633301e-01 3.254902064800262451e-01 7.058823704719543457e-01
3.254902064800262451e-01 7.058823704719543457e-01 4.431372582912445068e-01 7.058823704719543457e-01
4.431372582912445068e-01 7.058823704719543457e-01 4.431372582912445068e-01 5.490196347236633301e-01
4.431372582912445068e-01 5.490196347236633301e-01 4.431372582912445068e-01 5.490196347236633301e-01
