6.941176652908325195e-01 3.254902064800262451e-01 5.882353186607360840e-01 3.254902064800262451e-01
5.882353186607360840e-01 3.254902064800262451e-01 5.882353186607360840e-01 4.352941215038299561e-01
5.882353186607360840e-01 4.352941215038299561e-01 6.941176652908325195e-01 4.352941215038299561e-01
6.941176652908325195e-01 4.352941215038299561e-01 6.941176652908325195e-01 3.254902064800262451e-01
6.941176652908325195e-01 3.254902064800262451e-01 6.941176652908325195e-01 3.254902064800262451e-01
5.882353186607360840e-01 3.254902064800262451e-01 6.941176652908325195e-01 3.254902064800262451e-01
6.941176652908325195e-01 3.254902064800262451e-01 7.764706015586853027e-01 3.254902064800262451e-01
7.764706015586853027e-01 3.254902064800262451e-01 7.764706015586853027e-01 2.313725501298904419e-01
7.764706015586853027e-01 2.313725501298904419e-01 6.941176652908325195e-01 2.313725501298904419e-01
6.941176652908325195e-01 2.313725501298904419e-01 5.882353186607360840e-01 2.313725501298904419e-01
5.882353186607360840e-01 2.313725501298904419e-01 5.882353186607360840e-01 3.254902064800262451e-01
5.882353186607360840e-01 3.254902064800262451e-01 5.882353186607360840e-01 3.254902064800262451e-01
4.941176474094390869e-01 6.509804129600524902e-01 4.941176474094390869e-01 5.215686559677124023e-01
4.941176474094390869e-01 5.215686559677124023e-01 4.117647111415863037e-01 5.215686559677124023e-01
4.117647111415863037e-01 5.215686559677124023e-01 3.254902064800262451e-01 5.215686559677124023e-01
3.254902064800262451e-01 5.215686559677124023e-01 3.254902064800262451e-01 7.254902124404907227e-01
3.254902064800262451e-01 7.254902124404907227e-01 4.941176474094390869e-01 7.254902124404907227e-01
4.941176474094390869e-01 7.254902124404907227e-01 4.941176474094390869e-01 6.509804129600524902e-01
4.941176474094390869e-01 6.509804129600524902e-01 4.941176474094390869e-01 6.509804129600524902e-01
4.117647111415863037e-01 2.313725501298904419e-01 2.235294133424758911e-01 2.313725501298904419e-01
2.235294133424758911e-01 2.313725501298904419e-01 2.235294133424758911e-01 3.882353007793426514e-01
2.235294133424758911e-01 3.882353007793426514e-01 3.254902064800262451e-01 3.882353007793426514e-01
3.254902064800262451e-01 3.882353007793426514e-01 4.117647111415863037e-01 3.882353007793426514e-01
4.117647111415863037e-01 3.882353007793426514e-01 4.117647111415863037e-01 2.313725501298904419e-01
4.117647111415863037e-01 2.313725501298904419e-01 4.117647111415863037e-01 2.313725501298904419e-01
6.941176652908325195e-01 4.352941215038299561e-01 5.882353186607360840e-01 4.352941215038299561e-01
5.882353186607360840e-01 4.352941215038299561e-01 5.882353186607360840e-01 3.254902064800262451e-01
5.882353186607360840e-01 3.254902064800262451e-01 5.882353186607360840e-01 2.313725501298904419e-01
5.882353186607360840e-01 2.313725501298904419e-01 4.117647111415863037e-01 2.313725501298904419e-01
4.117647111415863037e-01 2.313725501298904419e-01 4.117647111415863037e-01 3.882353007793426514e-01
4.117647111415863037e-01 3.882353007793426514e-01 4.117647111415863037e-01 5.215686559677124023e-01
4.117647111415863037e-01 5.215686559677124023e-01 4.941176474094390869e-01 5.215686559677124023e-01
4.941176474094390869e-01 5.215686559677124023e-01 4.941176474094390869e-01 6.509804129600524902e-01
4.941176474094390869e-01 6.509804129600524902e-01 6.588235497474670410e-01 6.509804129600524902e-01
6.588235497474670410e-01 6.509804129600524902e-01 6.941176652908325195e-01 6.509804129600524902e-01
6.941176652908325195e-01 6.509804129600524902e-01 6.941176652908325195e-01 4.352941215038299561e-01
6.941176652908325195e-01 4.352941215038299561e-01 6.941176652908325195e-01 4.352941215038299561e-01
6.588235497474670410e-01 6.509804129600524902e-01 4.941176474094390869e-01 6.509804129600524902e-01
4.941176474094390869e-01 6.509804129600524902e-01 4.941176474094390869e-01 7.254902124404907227e-01
4.941176474094390869e-01 7.254902124404907227e-01 4.941176474094390869e-01 7.725490331649780273e-01
4.941176474094390869e-01 7.725490331649780273e-01 6.588235497474670410e-01 7.725490331649780273e-01
6.588235497474670410e-01 7.725490331649780273e-01 6.588235497474670410e-01 6.509804129600524902e-01
6.588235497474670410e-01 6.509804129600524902e-01 6.588235497474670410e-01 6.509804129600524902e-01
7.764706015586853027e-01 3.254902064800262451e-01 6.941176652908325195e-01 3.254902064800262451e-01
6.941176652908325195e-01 3.254902064800262451e-01 6.941176652908325195e-01 4.352941215038299561e-01
6.941176652908325195e-01 4.352941215038299561e-01 7.764706015586853027e-01 4.352941215038299561e-01
7.764706015586853027e-01 4.352941215038299561e-01 7.764706015586853027e-01 3.254902064800262451e-01
7.764706015586853027e-01 3.254902064800262451e-01 7.764706015586853027e-01 3.254902064800262451e-01
4.117647111415863037e-01 5.215686559677124023e-01 4.117647111415863037e-01 3.882353007793426514e-01
4.117647111415863037e-01 3.882353007793426514e-01 3.254902064800262451e-01 3.882353007793426514e-01
3.254902064800262451e-01 3.882353007793426514e-01 3.254902064800262451e-01 5.215686559677124023e-01
3.254902064800262451e-01 5.215686559677124023e-01 4.117647111415863037e-01 5.215686559677124023e-01
4.117647111415863037e-01 5.215686559677124023e-01 4.117647111415863037e-01 5.215686559677124023e-01
