2.823529541492462158e-01 7.411764860153198242e-01 3.882353007793426514e-01 7.411764860153198242e-01
3.882353007793426514e-01 7.411764860153198242e-01 3.882353007793426514e-01 6.039215922355651855e-01
3.882353007793426514e-01 6.039215922355651855e-01 2.823529541492462158e-01 6.039215922355651855e-01
2.823529541492462158e-01 6.039215922355651855e-01 2.823529541492462158e-01 7.411764860153198242e-01
2.823529541492462158e-01 7.411764860153198242e-01 2.823529541492462158e-01 7.411764860153198242e-01
7.568627595901489258e-01 3.254902064800262451e-01 6.352941393852233887e-01 3.254902064800262451e-01
6.352941393852233887e-01 3.254902064800262451e-01 6.352941393852233887e-01 4.352941215038299561e-01
6.352941393852233887e-01 4.352941215038299561e-01 7.568627595901489258e-01 4.352941215038299561e-01
7.568627595901489258e-01 4.352941215038299561e-01 7.568627595901489258e-01 3.254902064800262451e-01
7.568627595901489258e-01 3.254902064800262451e-01 7.568627595901489258e-01 3.254902064800262451e-01
1.372549086809158325e-01 5.372549295425415039e-01 5.098039284348487854e-02 5.372549295425415039e-01
5.098039284348487854e-02 5.372549295425415039e-01 5.098039284348487854e-02 7.411764860153198242e-01
5.098039284348487854e-02 7.411764860153198242e-01 2.823529541492462158e-01 7.411764860153198242e-01
2.823529541492462158e-01 7.411764860153198242e-01 2.823529541492462158e-01 6.039215922355651855e-01
2.823529541492462158e-01 6.039215922355651855e-01 3.882353007793426514e-01 6.039215922355651855e-01
3.882353007793426514e-01 6.039215922355651855e-01 3.882353007793426514e-01 5.372549295425415039e-01
3.882353007793426514e-01 5.372549295425415039e-01 1.372549086809158325e-01 5.372549295425415039e-01
1.372549086809158325e-01 5.372549295425415039e-01 1.372549086809158325e-01 5.372549295425415039e-01
7.568627595901489258e-01 5.372549295425415039e-01 6.862745285034179688e-01 5.372549295425415039e-01
6.862745285034179688e-01 5.372549295425415039e-01 6.862745285034179688e-01 6.666666865348815918e-01
6.862745285034179688e-01 6.666666865348815918e-01 9.490196108818054199e-01 6.666666865348815918e-01
9.490196108818054199e-01 6.666666865348815918e-01 9.490196108818054199e-01 5.372549295425415039e-01
9.490196108818054199e-01 5.372549295425415039e-01 7.568627595901489258e-01 5.372549295425415039e-01
7.568627595901489258e-01 5.372549295425415039e-01 7.568627595901489258e-01 5.372549295425415039e-01
7.568627595901489258e-01 5.372549295425415039e-01 9.490196108818054199e-01 5.372549295425415039e-01
9.490196108818054199e-01 5.372549295425415039e-01 9.490196108818054199e-01 3.254902064800262451e-01
9.490196108818054199e-01 3.254902064800262451e-01 7.568627595901489258e-01 3.254902064800262451e-01
7.568627595901489258e-01 3.254902064800262451e-01 7.568627595901489258e-01 4.352941215038299561e-01
7.568627595901489258e-01 4.352941215038299561e-01 7.568627595901489258e-01 5.372549295425415039e-01
7.568627595901489258e-01 5.372549295425415039e-01 7.568627595901489258e-01 5.372549295425415039e-01
1.372549086809158325e-01 5.372549295425415039e-01 3.882353007793426514e-01 5.372549295425415039e-01
3.882353007793426514e-01 5.372549295425415039e-01 6.862745285034179688e-01 5.372549295425415039e-01
6.862745285034179688e-01 5.372549295425415039e-01 7.568627595901489258e-01 5.372549295425415039e-01
7.568627595901489258e-01 5.372549295425415039e-01 7.568627595901489258e-01 4.352941215038299561e-01
7.568627595901489258e-01 4.352941215038299561e-01 6.352941393852233887e-01 4.352941215038299561e-01
6.352941393852233887e-01 4.352941215038299561e-01 6.352941393852233887e-01 3.254902064800262451e-01
6.352941393852233887e-01 3.254902064800262451e-01 7.568627595901489258e-01 3.254902064800262451e-01
7.568627595901489258e-01 3.254902064800262451e-01 7.568627595901489258e-01 2.588235437870025635e-01
7.568627595901489258e-01 2.588235437870025635e-01 1.372549086809158325e-01 2.588235437870025635e-01
1.372549086809158325e-01 2.588235437870025635e-01 1.372549086809158325e-01 5.372549295425415039e-01
1.372549086809158325e-01 5.372549295425415039e-01 1.372549086809158325e-01 5.372549295425415039e-01
5.098039284348487854e-02 5.372549295425415039e-01 1.372549086809158325e-01 5.372549295425415039e-01
1.372549086809158325e-01 5.372549295425415039e-01 1.372549086809158325e-01 2.588235437870025635e-01
1.372549086809158325e-01 2.588235437870025635e-01 5.098039284348487854e-02 2.588235437870025635e-01
5.098039284348487854e-02 2.588235437870025635e-01 5.098039284348487854e-02 5.372549295425415039e-01
5.098039284348487854e-02 5.372549295425415039e-01 5.098039284348487854e-02 5.372549295425415039e-01
