6.000000238418579102e-01 3.176470696926116943e-01 5.098039507865905762e-01 3.176470696926116943e-01
5.098039507865905762e-01 3.176470696926116943e-01 5.098039507865905762e-01 4.470588266849517822e-01
5.098039507865905762e-01 4.470588266849517822e-01 5.098039507865905762e-01 5.294117927551269531e-01
5.098039507865905762e-01 5.294117927551269531e-01 6.000000238418579102e-01 5.294117927551269531e-01
6.000000238418579102e-01 5.294117927551269531e-01 6.000000238418579102e-01 4.470588266849517822e-01
6.000000238418579102e-01 4.470588266849517822e-01 6.352941393852233887e-01 4.470588266849517822e-01
6.352941393852233887e-01 4.470588266849517822e-01 6.352941393852233887e-01 3.176470696926116943e-01
6.352941393852233887e-01 3.176470696926116943e-01 6.000000238418579102e-01 3.176470696926116943e-01
6.000000238418579102e-01 3.176470696926116943e-01 6.000000238418579102e-01 3.176470696926116943e-01
5.098039507865905762e-01 7.176470756530761719e-01 5.098039507865905762e-01 6.156862974166870117e-01
5.098039507865905762e-01 6.156862974166870117e-01 4.039215743541717529e-01 6.156862974166870117e-01
4.039215743541717529e-01 6.156862974166870117e-01 4.039215743541717529e-01 7.176470756530761719e-01
4.039215743541717529e-01 7.176470756530761719e-01 5.098039507865905762e-01 7.176470756530761719e-01
5.098039507865905762e-01 7.176470756530761719e-01 5.098039507865905762e-01 7.176470756530761719e-01
2.745098173618316650e-01 3.176470696926116943e-01 5.098039507865905762e-01 3.176470696926116943e-01
5.098039507865905762e-01 3.176470696926116943e-01 5.098039507865905762e-01 2.352941185235977173e-01
5.098039507865905762e-01 2.352941185235977173e-01 2.745098173618316650e-01 2.352941185235977173e-01
2.745098173618316650e-01 2.352941185235977173e-01 2.745098173618316650e-01 3.176470696926116943e-01
2.745098173618316650e-01 3.176470696926116943e-01 2.745098173618316650e-01 3.176470696926116943e-01
5.098039507865905762e-01 5.294117927551269531e-01 5.098039507865905762e-01 6.156862974166870117e-01
5.098039507865905762e-01 6.156862974166870117e-01 5.098039507865905762e-01 7.176470756530761719e-01
5.098039507865905762e-01 7.176470756530761719e-01 6.000000238418579102e-01 7.176470756530761719e-01
6.000000238418579102e-01 7.176470756530761719e-01 9.137254953384399414e-01 7.176470756530761719e-01
9.137254953384399414e-01 7.176470756530761719e-01 9.137254953384399414e-01 5.294117927551269531e-01
9.137254953384399414e-01 5.294117927551269531e-01 6.000000238418579102e-01 5.294117927551269531e-01
6.000000238418579102e-01 5.294117927551269531e-01 5.098039507865905762e-01 5.294117927551269531e-01
5.098039507865905762e-01 5.294117927551269531e-01 5.098039507865905762e-01 5.294117927551269531e-01
9.137254953384399414e-01 3.176470696926116943e-01 6.352941393852233887e-01 3.176470696926116943e-01
6.352941393852233887e-01 3.176470696926116943e-01 6.352941393852233887e-01 4.470588266849517822e-01
6.352941393852233887e-01 4.470588266849517822e-01 6.000000238418579102e-01 4.470588266849517822e-01
6.000000238418579102e-01 4.470588266849517822e-01 6.000000238418579102e-01 5.294117927551269531e-01
6.000000238418579102e-01 5.294117927551269531e-01 9.137254953384399414e-01 5.294117927551269531e-01
9.137254953384399414e-01 5.294117927551269531e-01 9.137254953384399414e-01 3.176470696926116943e-01
9.137254953384399414e-01 3.176470696926116943e-01 9.137254953384399414e-01 3.176470696926116943e-01
5.098039507865905762e-01 3.176470696926116943e-01 2.745098173618316650e-01 3.176470696926116943e-01
2.745098173618316650e-01 3.176470696926116943e-01 2.745098173618316650e-01 4.705882370471954346e-01
2.745098173618316650e-01 4.705882370471954346e-01 2.745098173618316650e-01 6.509804129600524902e-01
2.745098173618316650e-01 6.509804129600524902e-01 2.745098173618316650e-01 7.176470756530761719e-01
2.745098173618316650e-01 7.176470756530761719e-01 4.039215743541717529e-01 7.176470756530761719e-01
4.039215743541717529e-01 7.176470756530761719e-01 4.039215743541717529e-01 6.156862974166870117e-01
4.039215743541717529e-01 6.156862974166870117e-01 5.098039507865905762e-01 6.156862974166870117e-01
5.098039507865905762e-01 6.156862974166870117e-01 5.098039507865905762e-01 5.294117927551269531e-01
5.098039507865905762e-01 5.294117927551269531e-01 5.098039507865905762e-01 4.470588266849517822e-01
5.098039507865905762e-01 4.470588266849517822e-01 5.098039507865905762e-01 3.176470696926116943e-01
5.098039507865905762e-01 3.176470696926116943e-01 5.098039507865905762e-01 3.176470696926116943e-01
2.745098173618316650e-01 7.176470756530761719e-01 2.745098173618316650e-01 6.509804129600524902e-01
2.745098173618316650e-01 6.509804129600524902e-01 9.019608050584793091e-02 6.509804129600524902e-01
9.019608050584793091e-02 6.509804129600524902e-01 9.019608050584793091e-02 7.686274647712707520e-01
9.019608050584793091e-02 7.686274647712707520e-01 2.745098173618316650e-01 7.686274647712707520e-01
2.745098173618316650e-01 7.686274647712707520e-01 2.745098173618316650e-01 7.176470756530761719e-01
2.745098173618316650e-01 7.176470756530761719e-01 2.745098173618316650e-01 7.176470756530761719e-01
2.745098173618316650e-01 6.509804129600524902e-01 2.745098173618316650e-01 4.705882370471954346e-01
2.745098173618316650e-01 4.705882370471954346e-01 9.019608050584793091e-02 4.705882370471954346e-01
9.019608050584793091e-02 4.705882370471954346e-01 9.019608050584793091e-02 6.509804129600524902e-01
9.019608050584793091e-02 6.509804129600524902e-01 2.745098173618316650e-01 6.509804129600524902e-01
2.745098173618316650e-01 6.509804129600524902e-01 2.745098173618316650e-01 6.509804129600524902e-01
2.745098173618316650e-01 3.176470696926116943e-01 9.019608050584793091e-02 3.176470696926116943e-01
9.019608050584793091e-02 3.176470696926116943e-01 9.019608050584793091e-02 4.705882370471954346e-01
9.019608050584793091e-02 4.705882370471954346e-01 2.745098173618316650e-01 4.705882370471954346e-01
2.745098173618316650e-01 4.705882370471954346e-01 2.745098173618316650e-01 3.176470696926116943e-01
2.745098173618316650e-01 3.176470696926116943e-01 2.745098173618316650e-01 3.176470696926116943e-01
