5.647059082984924316e-01 4.823529422283172607e-01 6.549019813537597656e-01 4.823529422283172607e-01
6.549019813537597656e-01 4.823529422283172607e-01 6.549019813537597656e-01 2.980392277240753174e-01
6.549019813537597656e-01 2.980392277240753174e-01 4.470588266849517822e-01 2.980392277240753174e-01
4.470588266849517822e-01 2.980392277240753174e-01 4.470588266849517822e-01 3.490196168422698975e-01
4.470588266849517822e-01 3.490196168422698975e-01 4.470588266849517822e-01 5.294117927551269531e-01
4.470588266849517822e-01 5.294117927551269531e-01 4.470588266849517822e-01 6.627451181411743164e-01
4.470588266849517822e-01 6.627451181411743164e-01 4.470588266849517822e-01 7.019608020782470703e-01
4.470588266849517822e-01 7.019608020782470703e-01 6.156862974166870117e-01 7.019608020782470703e-01
6.156862974166870117e-01 7.019608020782470703e-01 6.156862974166870117e-01 6.235294342041015625e-01
6.156862974166870117e-01 6.235294342041015625e-01 5.647059082984924316e-01 6.235294342041015625e-01
5.647059082984924316e-01 6.235294342041015625e-01 5.647059082984924316e-01 4.823529422283172607e-01
5.647059082984924316e-01 4.823529422283172607e-01 5.647059082984924316e-01 4.823529422283172607e-01
6.549019813537597656e-01 4.823529422283172607e-01 5.647059082984924316e-01 4.823529422283172607e-01
5.647059082984924316e-01 4.823529422283172607e-01 5.647059082984924316e-01 6.235294342041015625e-01
5.647059082984924316e-01 6.235294342041015625e-01 6.156862974166870117e-01 6.235294342041015625e-01
6.156862974166870117e-01 6.235294342041015625e-01 6.549019813537597656e-01 6.235294342041015625e-01
6.549019813537597656e-01 6.235294342041015625e-01 6.549019813537597656e-01 4.823529422283172607e-01
6.549019813537597656e-01 4.823529422283172607e-01 6.549019813537597656e-01 4.823529422283172607e-01
6.549019813537597656e-01 6.235294342041015625e-01 6.156862974166870117e-01 6.235294342041015625e-01
6.156862974166870117e-01 6.235294342041015625e-01 6.156862974166870117e-01 7.019608020782470703e-01
6.156862974166870117e-01 7.019608020782470703e-01 6.549019813537597656e-01 7.019608020782470703e-01
6.549019813537597656e-01 7.019608020782470703e-01 7.019608020782470703e-01 7.019608020782470703e-01
7.019608020782470703e-01 7.019608020782470703e-01 7.019608020782470703e-01 6.235294342041015625e-01
7.019608020782470703e-01 6.235294342041015625e-01 6.549019813537597656e-01 6.235294342041015625e-01
6.549019813537597656e-01 6.235294342041015625e-01 6.549019813537597656e-01 6.235294342041015625e-01
4.470588266849517822e-01 6.627451181411743164e-01 4.470588266849517822e-01 5.294117927551269531e-01
4.470588266849517822e-01 5.294117927551269531e-01 2.980392277240753174e-01 5.294117927551269531e-01
2.980392277240753174e-01 5.294117927551269531e-01 2.980392277240753174e-01 6.627451181411743164e-01
2.980392277240753174e-01 6.627451181411743164e-01 4.470588266849517822e-01 6.627451181411743164e-01
4.470588266849517822e-01 6.627451181411743164e-01 4.470588266849517822e-01 6.627451181411743164e-01
4.470588266849517822e-01 5.294117927551269531e-01 4.470588266849517822e-01 3.490196168422698975e-01
4.470588266849517822e-01 3.490196168422698975e-01 2.980392277240753174e-01 3.490196168422698975e-01
2.980392277240753174e-01 3.490196168422698975e-01 2.980392277240753174e-01 5.294117927551269531e-01
2.980392277240753174e-01 5.294117927551269531e-01 4.470588266849517822e-01 5.294117927551269531e-01
4.470588266849517822e-01 5.294117927551269531e-01 4.470588266849517822e-01 5.294117927551269531e-01
