4.627451002597808838e-01 2.901960909366607666e-01 3.647058904170989990e-01 2.901960909366607666e-01
3.647058904170989990e-01 2.901960909366607666e-01 3.647058904170989990e-01 3.450980484485626221e-01
3.647058904170989990e-01 3.450980484485626221e-01 3.647058904170989990e-01 4.196078479290008545e-01
3.647058904170989990e-01 4.196078479290008545e-01 4.627451002597808838e-01 4.196078479290008545e-01
4.627451002597808838e-01 4.196078479290008545e-01 4.627451002597808838e-01 3.450980484485626221e-01
4.627451002597808838e-01 3.450980484485626221e-01 4.627451002597808838e-01 2.901960909366607666e-01
4.627451002597808838e-01 2.901960909366607666e-01 4.627451002597808838e-01 2.901960909366607666e-01
6.392157077789306641e-01 3.450980484485626221e-01 5.568627715110778809e-01 3.450980484485626221e-01
5.568627715110778809e-01 3.450980484485626221e-01 5.568627715110778809e-01 4.862745106220245361e-01
5.568627715110778809e-01 4.862745106220245361e-01 6.392157077789306641e-01 4.862745106220245361e-01
6.392157077789306641e-01 4.862745106220245361e-01 6.392157077789306641e-01 3.450980484485626221e-01
6.392157077789306641e-01 3.450980484485626221e-01 6.392157077789306641e-01 3.450980484485626221e-01
3.647058904170989990e-01 2.901960909366607666e-01 1.215686276555061340e-01 2.901960909366607666e-01
1.215686276555061340e-01 2.901960909366607666e-01 1.215686276555061340e-01 3.450980484485626221e-01
1.215686276555061340e-01 3.450980484485626221e-01 1.215686276555061340e-01 4.862745106220245361e-01
1.215686276555061340e-01 4.862745106220245361e-01 4.627451002597808838e-01 4.862745106220245361e-01
4.627451002597808838e-01 4.862745106220245361e-01 4.627451002597808838e-01 4.196078479290008545e-01
4.627451002597808838e-01 4.196078479290008545e-01 3.647058904170989990e-01 4.196078479290008545e-01
3.647058904170989990e-01 4.196078479290008545e-01 3.647058904170989990e-01 3.450980484485626221e-01
3.647058904170989990e-01 3.450980484485626221e-01 3.647058904170989990e-01 2.901960909366607666e-01
3.647058904170989990e-01 2.901960909366607666e-01 3.647058904170989990e-01 2.901960909366607666e-01
8.862745165824890137e-01 3.450980484485626221e-01 7.019608020782470703e-01 3.450980484485626221e-01
7.019608020782470703e-01 3.450980484485626221e-01 7.019608020782470703e-01 5.019608139991760254e-01
7.019608020782470703e-01 5.019608139991760254e-01 8.862745165824890137e-01 5.019608139991760254e-01
8.862745165824890137e-01 5.019608139991760254e-01 8.862745165824890137e-01 3.450980484485626221e-01
8.862745165824890137e-01 3.450980484485626221e-01 8.862745165824890137e-01 3.450980484485626221e-01
7.019608020782470703e-01 3.450980484485626221e-01 6.392157077789306641e-01 3.450980484485626221e-01
6.392157077789306641e-01 3.450980484485626221e-01 6.392157077789306641e-01 4.862745106220245361e-01
6.392157077789306641e-01 4.862745106220245361e-01 5.568627715110778809e-01 4.862745106220245361e-01
5.568627715110778809e-01 4.862745106220245361e-01 4.627451002597808838e-01 4.862745106220245361e-01
4.627451002597808838e-01 4.862745106220245361e-01 1.215686276555061340e-01 4.862745106220245361e-01
1.215686276555061340e-01 4.862745106220245361e-01 1.215686276555061340e-01 7.137255072593688965e-01
1.215686276555061340e-01 7.137255072593688965e-01 7.019608020782470703e-01 7.137255072593688965e-01
7.019608020782470703e-01 7.137255072593688965e-01 7.019608020782470703e-01 6.392157077789306641e-01
7.019608020782470703e-01 6.392157077789306641e-01 7.019608020782470703e-01 5.019608139991760254e-01
7.019608020782470703e-01 5.019608139991760254e-01 7.019608020782470703e-01 3.450980484485626221e-01
7.019608020782470703e-01 3.450980484485626221e-01 7.019608020782470703e-01 3.450980484485626221e-01
5.568627715110778809e-01 2.901960909366607666e-01 4.627451002597808838e-01 2.901960909366607666e-01
4.627451002597808838e-01 2.901960909366607666e-01 4.627451002597808838e-01 3.450980484485626221e-01
4.627451002597808838e-01 3.450980484485626221e-01 4.627451002597808838e-01 4.196078479290008545e-01
4.627451002597808838e-01 4.196078479290008545e-01 4.627451002597808838e-01 4.862745106220245361e-01
4.627451002597808838e-01 4.862745106220245361e-01 5.568627715110778809e-01 4.862745106220245361e-01
5.568627715110778809e-01 4.862745106220245361e-01 5.568627715110778809e-01 3.450980484485626221e-01
5.568627715110778809e-01 3.450980484485626221e-01 5.568627715110778809e-01 2.901960909366607666e-01
5.568627715110778809e-01 2.901960909366607666e-01 5.568627715110778809e-01 2.901960909366607666e-01
8.862745165824890137e-01 5.019608139991760254e-01 7.019608020782470703e-01 5.019608139991760254e-01
7.019608020782470703e-01 5.019608139991760254e-01 7.019608020782470703e-01 6.392157077789306641e-01
7.019608020782470703e-01 6.392157077789306641e-01 8.862745165824890137e-01 6.392157077789306641e-01
8.862745165824890137e-01 6.392157077789306641e-01 8.862745165824890137e-01 5.019608139991760254e-01
8.862745165824890137e-01 5.019608139991760254e-01 8.862745165824890137e-01 5.019608139991760254e-01
