4.431372582912445068e-01 2.901960909366607666e-01 3.294117748737335205e-01 2.901960909366607666e-01
3.294117748737335205e-01 2.901960909366607666e-01 3.294117748737335205e-01 3.607843220233917236e-01
3.294117748737335205e-01 3.607843220233917236e-01 4.431372582912445068e-01 3.607843220233917236e-01
4.431372582912445068e-01 3.607843220233917236e-01 4.431372582912445068e-01 2.901960909366607666e-01
4.431372582912445068e-01 2.901960909366607666e-01 4.431372582912445068e-01 2.901960909366607666e-01
4.431372582912445068e-01 3.607843220233917236e-01 3.294117748737335205e-01 3.607843220233917236e-01
3.294117748737335205e-01 3.607843220233917236e-01 3.294117748737335205e-01 4.549019634723663330e-01
3.294117748737335205e-01 4.549019634723663330e-01 4.431372582912445068e-01 4.549019634723663330e-01
4.431372582912445068e-01 4.549019634723663330e-01 4.431372582912445068e-01 3.607843220233917236e-01
4.431372582912445068e-01 3.607843220233917236e-01 4.431372582912445068e-01 3.607843220233917236e-01
7.019608020782470703e-01 2.901960909366607666e-01 6.431372761726379395e-01 2.901960909366607666e-01
6.431372761726379395e-01 2.901960909366607666e-01 6.431372761726379395e-01 4.980392158031463623e-01
6.431372761726379395e-01 4.980392158031463623e-01 7.019608020782470703e-01 4.980392158031463623e-01
7.019608020782470703e-01 4.980392158031463623e-01 8.313725590705871582e-01 4.980392158031463623e-01
8.313725590705871582e-01 4.980392158031463623e-01 8.313725590705871582e-01 2.901960909366607666e-01
8.313725590705871582e-01 2.901960909366607666e-01 7.019608020782470703e-01 2.901960909366607666e-01
7.019608020782470703e-01 2.901960909366607666e-01 7.019608020782470703e-01 2.901960909366607666e-01
7.019608020782470703e-01 4.980392158031463623e-01 6.431372761726379395e-01 4.980392158031463623e-01
6.431372761726379395e-01 4.980392158031463623e-01 6.431372761726379395e-01 7.411764860153198242e-01
6.431372761726379395e-01 7.411764860153198242e-01 7.019608020782470703e-01 7.411764860153198242e-01
7.019608020782470703e-01 7.411764860153198242e-01 8.313725590705871582e-01 7.411764860153198242e-01
8.313725590705871582e-01 7.411764860153198242e-01 8.313725590705871582e-01 4.980392158031463623e-01
8.313725590705871582e-01 4.980392158031463623e-01 7.019608020782470703e-01 4.980392158031463623e-01
7.019608020782470703e-01 4.980392158031463623e-01 7.019608020782470703e-01 4.980392158031463623e-01
6.431372761726379395e-01 2.901960909366607666e-01 4.431372582912445068e-01 2.901960909366607666e-01
4.431372582912445068e-01 2.901960909366607666e-01 4.431372582912445068e-01 3.607843220233917236e-01
4.431372582912445068e-01 3.607843220233917236e-01 4.431372582912445068e-01 4.549019634723663330e-01
4.431372582912445068e-01 4.549019634723663330e-01 3.294117748737335205e-01 4.549019634723663330e-01
3.294117748737335205e-01 4.549019634723663330e-01 1.725490242242813110e-01 4.549019634723663330e-01
1.725490242242813110e-01 4.549019634723663330e-01 1.725490242242813110e-01 8.117647171020507812e-01
1.725490242242813110e-01 8.117647171020507812e-01 7.019608020782470703e-01 8.117647171020507812e-01
7.019608020782470703e-01 8.117647171020507812e-01 7.019608020782470703e-01 7.411764860153198242e-01
7.019608020782470703e-01 7.411764860153198242e-01 6.431372761726379395e-01 7.411764860153198242e-01
6.431372761726379395e-01 7.411764860153198242e-01 6.431372761726379395e-01 4.980392158031463623e-01
6.431372761726379395e-01 4.980392158031463623e-01 6.431372761726379395e-01 2.901960909366607666e-01
6.431372761726379395e-01 2.901960909366607666e-01 6.431372761726379395e-01 2.901960909366607666e-01
4.431372582912445068e-01 2.901960909366607666e-01 6.431372761726379395e-01 2.901960909366607666e-01
6.431372761726379395e-01 2.901960909366607666e-01 6.431372761726379395e-01 1.921568661928176880e-01
6.431372761726379395e-01 1.921568661928176880e-01 4.431372582912445068e-01 1.921568661928176880e-01
4.431372582912445068e-01 1.921568661928176880e-01 4.431372582912445068e-01 2.901960909366607666e-01
4.431372582912445068e-01 2.901960909366607666e-01 4.431372582912445068e-01 2.901960909366607666e-01
3.294117748737335205e-01 2.901960909366607666e-01 1.725490242242813110e-01 2.901960909366607666e-01
1.725490242242813110e-01 2.901960909366607666e-01 1.725490242242813110e-01 4.549019634723663330e-01
1.725490242242813110e-01 4.549019634723663330e-01 3.294117748737335205e-01 4.549019634723663330e-01
3.294117748737335205e-01 4.549019634723663330e-01 3.294117748737335205e-01 3.607843220233917236e-01
3.294117748737335205e-01 3.607843220233917236e-01 3.294117748737335205e-01 2.901960909366607666e-01
3.294117748737335205e-01 2.901960909366607666e-01 3.294117748737335205e-01 2.901960909366607666e-01
