2.705882489681243896e-01 5.921568870544433594e-01 1.411764770746231079e-01 5.921568870544433594e-01
1.411764770746231079e-01 5.921568870544433594e-01 1.411764770746231079e-01 6.901960968971252441e-01
1.411764770746231079e-01 6.901960968971252441e-01 2.705882489681243896e-01 6.901960968971252441e-01
2.705882489681243896e-01 6.901960968971252441e-01 2.705882489681243896e-01 5.921568870544433594e-01
2.705882489681243896e-01 5.921568870544433594e-01 2.705882489681243896e-01 5.921568870544433594e-01
3.372549116611480713e-01 5.921568870544433594e-01 2.705882489681243896e-01 5.921568870544433594e-01
2.705882489681243896e-01 5.921568870544433594e-01 2.705882489681243896e-01 6.901960968971252441e-01
2.705882489681243896e-01 6.901960968971252441e-01 7.607843279838562012e-01 6.901960968971252441e-01
7.607843279838562012e-01 6.901960968971252441e-01 7.607843279838562012e-01 4.941176474094390869e-01
7.607843279838562012e-01 4.941176474094390869e-01 5.725490450859069824e-01 4.941176474094390869e-01
5.725490450859069824e-01 4.941176474094390869e-01 5.725490450859069824e-01 3.098039329051971436e-01
5.725490450859069824e-01 3.098039329051971436e-01 2.705882489681243896e-01 3.098039329051971436e-01
2.705882489681243896e-01 3.098039329051971436e-01 2.705882489681243896e-01 4.274509847164154053e-01
2.705882489681243896e-01 4.274509847164154053e-01 3.372549116611480713e-01 4.274509847164154053e-01
3.372549116611480713e-01 4.274509847164154053e-01 3.372549116611480713e-01 5.921568870544433594e-01
3.372549116611480713e-01 5.921568870544433594e-01 3.372549116611480713e-01 5.921568870544433594e-01
1.411764770746231079e-01 5.921568870544433594e-01 2.705882489681243896e-01 5.921568870544433594e-01
2.705882489681243896e-01 5.921568870544433594e-01 3.372549116611480713e-01 5.921568870544433594e-01
3.372549116611480713e-01 5.921568870544433594e-01 3.372549116611480713e-01 4.274509847164154053e-01
3.372549116611480713e-01 4.274509847164154053e-01 2.705882489681243896e-01 4.274509847164154053e-01
2.705882489681243896e-01 4.274509847164154053e-01 1.411764770746231079e-01 4.274509847164154053e-01
1.411764770746231079e-01 4.274509847164154053e-01 1.411764770746231079e-01 5.921568870544433594e-01
1.411764770746231079e-01 5.921568870544433594e-01 1.411764770746231079e-01 5.921568870544433594e-01
7.607843279838562012e-01 6.901960968971252441e-01 8.588235378265380859e-01 6.901960968971252441e-01
8.588235378265380859e-01 6.901960968971252441e-01 8.588235378265380859e-01 4.941176474094390869e-01
8.588235378265380859e-01 4.941176474094390869e-01 8.235294222831726074e-01 4.941176474094390869e-01
8.235294222831726074e-01 4.941176474094390869e-01 7.607843279838562012e-01 4.941176474094390869e-01
7.607843279838562012e-01 4.941176474094390869e-01 7.607843279838562012e-01 6.901960968971252441e-01
7.607843279838562012e-01 6.901960968971252441e-01 7.607843279838562012e-01 6.901960968971252441e-01
7.607843279838562012e-01 3.098039329051971436e-01 5.725490450859069824e-01 3.098039329051971436e-01
5.725490450859069824e-01 3.098039329051971436e-01 5.725490450859069824e-01 4.941176474094390869e-01
5.725490450859069824e-01 4.941176474094390869e-01 7.607843279838562012e-01 4.941176474094390869e-01
7.607843279838562012e-01 4.941176474094390869e-01 8.235294222831726074e-01 4.941176474094390869e-01
8.235294222831726074e-01 4.941176474094390869e-01 8.235294222831726074e-01 3.098039329051971436e-01
8.235294222831726074e-01 3.098039329051971436e-01 7.607843279838562012e-01 3.098039329051971436e-01
7.607843279838562012e-01 3.098039329051971436e-01 7.607843279838562012e-01 3.098039329051971436e-01
