7.568627595901489258e-01 4.078431427478790283e-01 5.607843399047851562e-01 4.078431427478790283e-01
5.607843399047851562e-01 4.078431427478790283e-01 5.607843399047851562e-01 4.862745106220245361e-01
5.607843399047851562e-01 4.862745106220245361e-01 5.607843399047851562e-01 5.372549295425415039e-01
5.607843399047851562e-01 5.372549295425415039e-01 6.823529601097106934e-01 5.372549295425415039e-01
6.823529601097106934e-01 5.372549295425415039e-01 7.568627595901489258e-01 5.372549295425415039e-01
7.568627595901489258e-01 5.372549295425415039e-01 7.568627595901489258e-01 4.078431427478790283e-01
7.568627595901489258e-01 4.078431427478790283e-01 7.568627595901489258e-01 4.078431427478790283e-01
5.019608139991760254e-01 6.588235497474670410e-01 3.058823645114898682e-01 6.588235497474670410e-01
3.058823645114898682e-01 6.588235497474670410e-01 3.058823645114898682e-01 7.450980544090270996e-01
3.058823645114898682e-01 7.450980544090270996e-01 5.019608139991760254e-01 7.450980544090270996e-01
5.019608139991760254e-01 7.450980544090270996e-01 5.019608139991760254e-01 6.588235497474670410e-01
5.019608139991760254e-01 6.588235497474670410e-01 5.019608139991760254e-01 6.588235497474670410e-01
6.823529601097106934e-01 5.372549295425415039e-01 5.607843399047851562e-01 5.372549295425415039e-01
5.607843399047851562e-01 5.372549295425415039e-01 5.607843399047851562e-01 4.862745106220245361e-01
5.607843399047851562e-01 4.862745106220245361e-01 5.019608139991760254e-01 4.862745106220245361e-01
5.019608139991760254e-01 4.862745106220245361e-01 5.019608139991760254e-01 6.588235497474670410e-01
5.019608139991760254e-01 6.588235497474670410e-01 5.019608139991760254e-01 7.450980544090270996e-01
5.019608139991760254e-01 7.450980544090270996e-01 6.823529601097106934e-01 7.450980544090270996e-01
6.823529601097106934e-01 7.450980544090270996e-01 6.823529601097106934e-01 5.372549295425415039e-01
6.823529601097106934e-01 5.372549295425415039e-01 6.823529601097106934e-01 5.372549295425415039e-01
5.607843399047851562e-01 4.078431427478790283e-01 5.607843399047851562e-01 2.549019753932952881e-01
5.607843399047851562e-01 2.549019753932952881e-01 3.450980484485626221e-01 2.549019753932952881e-01
3.450980484485626221e-01 2.549019753932952881e-01 3.450980484485626221e-01 5.725490450859069824e-01
3.450980484485626221e-01 5.725490450859069824e-01 3.058823645114898682e-01 5.725490450859069824e-01
3.058823645114898682e-01 5.725490450859069824e-01 3.058823645114898682e-01 6.588235497474670410e-01
3.058823645114898682e-01 6.588235497474670410e-01 5.019608139991760254e-01 6.588235497474670410e-01
5.019608139991760254e-01 6.588235497474670410e-01 5.019608139991760254e-01 4.862745106220245361e-01
5.019608139991760254e-01 4.862745106220245361e-01 5.607843399047851562e-01 4.862745106220245361e-01
5.607843399047851562e-01 4.862745106220245361e-01 5.607843399047851562e-01 4.078431427478790283e-01
5.607843399047851562e-01 4.078431427478790283e-01 5.607843399047851562e-01 4.078431427478790283e-01
3.058823645114898682e-01 2.549019753932952881e-01 2.431372553110122681e-01 2.549019753932952881e-01
2.431372553110122681e-01 2.549019753932952881e-01 2.431372553110122681e-01 5.725490450859069824e-01
2.431372553110122681e-01 5.725490450859069824e-01 3.058823645114898682e-01 5.725490450859069824e-01
3.058823645114898682e-01 5.725490450859069824e-01 3.450980484485626221e-01 5.725490450859069824e-01
3.450980484485626221e-01 5.725490450859069824e-01 3.450980484485626221e-01 2.549019753932952881e-01
3.450980484485626221e-01 2.549019753932952881e-01 3.058823645114898682e-01 2.549019753932952881e-01
3.058823645114898682e-01 2.549019753932952881e-01 3.058823645114898682e-01 2.549019753932952881e-01
5.607843399047851562e-01 4.078431427478790283e-01 7.568627595901489258e-01 4.078431427478790283e-01
7.568627595901489258e-01 4.078431427478790283e-01 7.568627595901489258e-01 2.549019753932952881e-01
7.568627595901489258e-01 2.549019753932952881e-01 5.607843399047851562e-01 2.549019753932952881e-01
5.607843399047851562e-01 2.549019753932952881e-01 5.607843399047851562e-01 4.078431427478790283e-01
5.607843399047851562e-01 4.078431427478790283e-01 5.607843399047851562e-01 4.078431427478790283e-01
