3.607843220233917236e-01 6.392157077789306641e-01 2.392156869173049927e-01 6.392157077789306641e-01
2.392156869173049927e-01 6.392157077789306641e-01 2.392156869173049927e-01 7.803921699523925781e-01
2.392156869173049927e-01 7.803921699523925781e-01 2.392156869173049927e-01 8.352941274642944336e-01
2.392156869173049927e-01 8.352941274642944336e-01 3.607843220233917236e-01 8.352941274642944336e-01
3.607843220233917236e-01 8.352941274642944336e-01 3.607843220233917236e-01 7.803921699523925781e-01
3.607843220233917236e-01 7.803921699523925781e-01 3.607843220233917236e-01 6.392157077789306641e-01
3.607843220233917236e-01 6.392157077789306641e-01 3.607843220233917236e-01 6.392157077789306641e-01
2.392156869173049927e-01 2.509804069995880127e-01 4.745098054409027100e-01 2.509804069995880127e-01
4.745098054409027100e-01 2.509804069995880127e-01 4.745098054409027100e-01 1.647058874368667603e-01
4.745098054409027100e-01 1.647058874368667603e-01 2.392156869173049927e-01 1.647058874368667603e-01
2.392156869173049927e-01 1.647058874368667603e-01 2.392156869173049927e-01 2.509804069995880127e-01
2.392156869173049927e-01 2.509804069995880127e-01 2.392156869173049927e-01 2.509804069995880127e-01
5.372549295425415039e-01 6.392157077789306641e-01 4.588235318660736084e-01 6.392157077789306641e-01
4.588235318660736084e-01 6.392157077789306641e-01 4.588235318660736084e-01 7.803921699523925781e-01
4.588235318660736084e-01 7.803921699523925781e-01 4.588235318660736084e-01 8.352941274642944336e-01
4.588235318660736084e-01 8.352941274642944336e-01 7.647058963775634766e-01 8.352941274642944336e-01
7.647058963775634766e-01 8.352941274642944336e-01 7.647058963775634766e-01 6.392157077789306641e-01
7.647058963775634766e-01 6.392157077789306641e-01 6.588235497474670410e-01 6.392157077789306641e-01
6.588235497474670410e-01 6.392157077789306641e-01 5.372549295425415039e-01 6.392157077789306641e-01
5.372549295425415039e-01 6.392157077789306641e-01 5.372549295425415039e-01 6.392157077789306641e-01
5.372549295425415039e-01 2.509804069995880127e-01 4.745098054409027100e-01 2.509804069995880127e-01
4.745098054409027100e-01 2.509804069995880127e-01 4.745098054409027100e-01 5.019608139991760254e-01
4.745098054409027100e-01 5.019608139991760254e-01 5.372549295425415039e-01 5.019608139991760254e-01
5.372549295425415039e-01 5.019608139991760254e-01 6.588235497474670410e-01 5.019608139991760254e-01
6.588235497474670410e-01 5.019608139991760254e-01 6.588235497474670410e-01 2.509804069995880127e-01
6.588235497474670410e-01 2.509804069995880127e-01 5.372549295425415039e-01 2.509804069995880127e-01
5.372549295425415039e-01 2.509804069995880127e-01 5.372549295425415039e-01 2.509804069995880127e-01
4.588235318660736084e-01 6.392157077789306641e-01 5.372549295425415039e-01 6.392157077789306641e-01
5.372549295425415039e-01 6.392157077789306641e-01 5.372549295425415039e-01 5.019608139991760254e-01
5.372549295425415039e-01 5.019608139991760254e-01 4.745098054409027100e-01 5.019608139991760254e-01
4.745098054409027100e-01 5.019608139991760254e-01 4.745098054409027100e-01 2.509804069995880127e-01
4.745098054409027100e-01 2.509804069995880127e-01 2.392156869173049927e-01 2.509804069995880127e-01
2.392156869173049927e-01 2.509804069995880127e-01 2.392156869173049927e-01 6.392157077789306641e-01
2.392156869173049927e-01 6.392157077789306641e-01 3.607843220233917236e-01 6.392157077789306641e-01
3.607843220233917236e-01 6.392157077789306641e-01 3.607843220233917236e-01 7.803921699523925781e-01
3.607843220233917236e-01 7.803921699523925781e-01 4.588235318660736084e-01 7.803921699523925781e-01
4.588235318660736084e-01 7.803921699523925781e-01 4.588235318660736084e-01 6.392157077789306641e-01
4.588235318660736084e-01 6.392157077789306641e-01 4.588235318660736084e-01 6.392157077789306641e-01
5.372549295425415039e-01 6.392157077789306641e-01 6.588235497474670410e-01 6.392157077789306641e-01
6.588235497474670410e-01 6.392157077789306641e-01 6.588235497474670410e-01 5.019608139991760254e-01
6.588235497474670410e-01 5.019608139991760254e-01 5.372549295425415039e-01 5.019608139991760254e-01
5.372549295425415039e-01 5.019608139991760254e-01 5.372549295425415039e-01 6.392157077789306641e-01
5.372549295425415039e-01 6.392157077789306641e-01 5.372549295425415039e-01 6.392157077789306641e-01
