4.235294163227081299e-01 3.411764800548553467e-01 2.784313857555389404e-01 3.411764800548553467e-01
2.784313857555389404e-01 3.411764800548553467e-01 2.784313857555389404e-01 4.549019634723663330e-01
2.784313857555389404e-01 4.549019634723663330e-01 4.235294163227081299e-01 4.549019634723663330e-01
4.235294163227081299e-01 4.549019634723663330e-01 4.235294163227081299e-01 3.411764800548553467e-01
4.235294163227081299e-01 3.411764800548553467e-01 4.235294163227081299e-01 3.411764800548553467e-01
2.784313857555389404e-01 2.313725501298904419e-01 2.313725501298904419e-01 2.313725501298904419e-01
2.313725501298904419e-01 2.313725501298904419e-01 2.313725501298904419e-01 3.411764800548553467e-01
2.313725501298904419e-01 3.411764800548553467e-01 2.784313857555389404e-01 3.411764800548553467e-01
2.784313857555389404e-01 3.411764800548553467e-01 4.235294163227081299e-01 3.411764800548553467e-01
4.235294163227081299e-01 3.411764800548553467e-01 4.235294163227081299e-01 2.313725501298904419e-01
4.235294163227081299e-01 2.313725501298904419e-01 2.784313857555389404e-01 2.313725501298904419e-01
2.784313857555389404e-01 2.313725501298904419e-01 2.784313857555389404e-01 2.313725501298904419e-01
5.882353186607360840e-01 4.588235318660736084e-01 4.980392158031463623e-01 4.588235318660736084e-01
4.980392158031463623e-01 4.588235318660736084e-01 4.980392158031463623e-01 6.862745285034179688e-01
4.980392158031463623e-01 6.862745285034179688e-01 5.882353186607360840e-01 6.862745285034179688e-01
5.882353186607360840e-01 6.862745285034179688e-01 6.941176652908325195e-01 6.862745285034179688e-01
6.941176652908325195e-01 6.862745285034179688e-01 6.941176652908325195e-01 4.588235318660736084e-01
6.941176652908325195e-01 4.588235318660736084e-01 5.882353186607360840e-01 4.588235318660736084e-01
5.882353186607360840e-01 4.588235318660736084e-01 5.882353186607360840e-01 4.588235318660736084e-01
5.882353186607360840e-01 4.588235318660736084e-01 6.941176652908325195e-01 4.588235318660736084e-01
6.941176652908325195e-01 4.588235318660736084e-01 7.686274647712707520e-01 4.588235318660736084e-01
7.686274647712707520e-01 4.588235318660736084e-01 7.686274647712707520e-01 2.313725501298904419e-01
7.686274647712707520e-01 2.313725501298904419e-01 5.882353186607360840e-01 2.313725501298904419e-01
5.882353186607360840e-01 2.313725501298904419e-01 5.882353186607360840e-01 4.588235318660736084e-01
5.882353186607360840e-01 4.588235318660736084e-01 5.882353186607360840e-01 4.588235318660736084e-01
4.980392158031463623e-01 4.588235318660736084e-01 5.882353186607360840e-01 4.588235318660736084e-01
5.882353186607360840e-01 4.588235318660736084e-01 5.882353186607360840e-01 2.313725501298904419e-01
5.882353186607360840e-01 2.313725501298904419e-01 4.235294163227081299e-01 2.313725501298904419e-01
4.235294163227081299e-01 2.313725501298904419e-01 4.235294163227081299e-01 3.411764800548553467e-01
4.235294163227081299e-01 3.411764800548553467e-01 4.235294163227081299e-01 4.549019634723663330e-01
4.235294163227081299e-01 4.549019634723663330e-01 2.784313857555389404e-01 4.549019634723663330e-01
2.784313857555389404e-01 4.549019634723663330e-01 2.784313857555389404e-01 6.862745285034179688e-01
2.784313857555389404e-01 6.862745285034179688e-01 4.980392158031463623e-01 6.862745285034179688e-01
4.980392158031463623e-01 6.862745285034179688e-01 4.980392158031463623e-01 4.588235318660736084e-01
4.980392158031463623e-01 4.588235318660736084e-01 4.980392158031463623e-01 4.588235318660736084e-01
4.980392158031463623e-01 6.862745285034179688e-01 2.784313857555389404e-01 6.862745285034179688e-01
2.784313857555389404e-01 6.862745285034179688e-01 2.784313857555389404e-01 7.686274647712707520e-01
2.784313857555389404e-01 7.686274647712707520e-01 4.980392158031463623e-01 7.686274647712707520e-01
4.980392158031463623e-01 7.686274647712707520e-01 4.980392158031463623e-01 6.862745285034179688e-01
4.980392158031463623e-01 6.862745285034179688e-01 4.980392158031463623e-01 6.862745285034179688e-01
2.784313857555389404e-01 3.411764800548553467e-01 2.313725501298904419e-01 3.411764800548553467e-01
2.313725501298904419e-01 3.411764800548553467e-01 2.313725501298904419e-01 4.549019634723663330e-01
2.313725501298904419e-01 4.549019634723663330e-01 2.784313857555389404e-01 4.549019634723663330e-01
2.784313857555389404e-01 4.549019634723663330e-01 2.784313857555389404e-01 3.411764800548553467e-01
2.784313857555389404e-01 3.411764800548553467e-01 2.784313857555389404e-01 3.411764800548553467e-01
