5.137255191802978516e-01 2.862745225429534912e-01 4.196078479290008545e-01 2.862745225429534912e-01
4.196078479290008545e-01 2.862745225429534912e-01 4.196078479290008545e-01 4.156862795352935791e-01
4.196078479290008545e-01 4.156862795352935791e-01 5.137255191802978516e-01 4.156862795352935791e-01
5.137255191802978516e-01 4.156862795352935791e-01 5.137255191802978516e-01 2.862745225429534912e-01
5.137255191802978516e-01 2.862745225429534912e-01 5.137255191802978516e-01 2.862745225429534912e-01
5.725490450859069824e-01 4.823529422283172607e-01 6.705882549285888672e-01 4.823529422283172607e-01
6.705882549285888672e-01 4.823529422283172607e-01 6.705882549285888672e-01 4.156862795352935791e-01
6.705882549285888672e-01 4.156862795352935791e-01 5.725490450859069824e-01 4.156862795352935791e-01
5.725490450859069824e-01 4.156862795352935791e-01 5.725490450859069824e-01 4.823529422283172607e-01
5.725490450859069824e-01 4.823529422283172607e-01 5.725490450859069824e-01 4.823529422283172607e-01
8.549019694328308105e-01 4.823529422283172607e-01 7.686274647712707520e-01 4.823529422283172607e-01
7.686274647712707520e-01 4.823529422283172607e-01 7.686274647712707520e-01 7.176470756530761719e-01
7.686274647712707520e-01 7.176470756530761719e-01 8.549019694328308105e-01 7.176470756530761719e-01
8.549019694328308105e-01 7.176470756530761719e-01 8.549019694328308105e-01 4.823529422283172607e-01
8.549019694328308105e-01 4.823529422283172607e-01 8.549019694328308105e-01 4.823529422283172607e-01
8.549019694328308105e-01 2.862745225429534912e-01 6.705882549285888672e-01 2.862745225429534912e-01
6.705882549285888672e-01 2.862745225429534912e-01 6.705882549285888672e-01 4.156862795352935791e-01
6.705882549285888672e-01 4.156862795352935791e-01 6.705882549285888672e-01 4.823529422283172607e-01
6.705882549285888672e-01 4.823529422283172607e-01 7.686274647712707520e-01 4.823529422283172607e-01
7.686274647712707520e-01 4.823529422283172607e-01 8.549019694328308105e-01 4.823529422283172607e-01
8.549019694328308105e-01 4.823529422283172607e-01 8.549019694328308105e-01 2.862745225429534912e-01
8.549019694328308105e-01 2.862745225429534912e-01 8.549019694328308105e-01 2.862745225429534912e-01
4.196078479290008545e-01 2.862745225429534912e-01 2.549019753932952881e-01 2.862745225429534912e-01
2.549019753932952881e-01 2.862745225429534912e-01 2.549019753932952881e-01 3.803921639919281006e-01
2.549019753932952881e-01 3.803921639919281006e-01 2.549019753932952881e-01 4.156862795352935791e-01
2.549019753932952881e-01 4.156862795352935791e-01 2.549019753932952881e-01 5.254902243614196777e-01
2.549019753932952881e-01 5.254902243614196777e-01 4.196078479290008545e-01 5.254902243614196777e-01
4.196078479290008545e-01 5.254902243614196777e-01 4.196078479290008545e-01 4.156862795352935791e-01
4.196078479290008545e-01 4.156862795352935791e-01 4.196078479290008545e-01 2.862745225429534912e-01
4.196078479290008545e-01 2.862745225429534912e-01 4.196078479290008545e-01 2.862745225429534912e-01
6.705882549285888672e-01 2.862745225429534912e-01 5.137255191802978516e-01 2.862745225429534912e-01
5.137255191802978516e-01 2.862745225429534912e-01 5.137255191802978516e-01 4.156862795352935791e-01
5.137255191802978516e-01 4.156862795352935791e-01 5.725490450859069824e-01 4.156862795352935791e-01
5.725490450859069824e-01 4.156862795352935791e-01 6.705882549285888672e-01 4.156862795352935791e-01
6.705882549285888672e-01 4.156862795352935791e-01 6.705882549285888672e-01 2.862745225429534912e-01
6.705882549285888672e-01 2.862745225429534912e-01 6.705882549285888672e-01 2.862745225429534912e-01
6.705882549285888672e-01 4.823529422283172607e-01 5.725490450859069824e-01 4.823529422283172607e-01
5.725490450859069824e-01 4.823529422283172607e-01 5.725490450859069824e-01 4.156862795352935791e-01
5.725490450859069824e-01 4.156862795352935791e-01 5.137255191802978516e-01 4.156862795352935791e-01
5.137255191802978516e-01 4.156862795352935791e-01 4.196078479290008545e-01 4.156862795352935791e-01
4.196078479290008545e-01 4.156862795352935791e-01 4.196078479290008545e-01 5.254902243614196777e-01
4.196078479290008545e-01 5.254902243614196777e-01 2.549019753932952881e-01 5.254902243614196777e-01
2.549019753932952881e-01 5.254902243614196777e-01 2.549019753932952881e-01 5.882353186607360840e-01
2.549019753932952881e-01 5.882353186607360840e-01 2.549019753932952881e-01 7.176470756530761719e-01
2.549019753932952881e-01 7.176470756530761719e-01 7.686274647712707520e-01 7.176470756530761719e-01
7.686274647712707520e-01 7.176470756530761719e-01 7.686274647712707520e-01 4.823529422283172607e-01
7.686274647712707520e-01 4.823529422283172607e-01 6.705882549285888672e-01 4.823529422283172607e-01
6.705882549285888672e-01 4.823529422283172607e-01 6.705882549285888672e-01 4.823529422283172607e-01
2.549019753932952881e-01 4.156862795352935791e-01 2.549019753932952881e-01 3.803921639919281006e-01
2.549019753932952881e-01 3.803921639919281006e-01 1.137254908680915833e-01 3.803921639919281006e-01
1.137254908680915833e-01 3.803921639919281006e-01 1.137254908680915833e-01 5.882353186607360840e-01
1.137254908680915833e-01 5.882353186607360840e-01 2.549019753932952881e-01 5.882353186607360840e-01
2.549019753932952881e-01 5.882353186607360840e-01 2.549019753932952881e-01 5.254902243614196777e-01
2.549019753932952881e-01 5.254902243614196777e-01 2.549019753932952881e-01 4.156862795352935791e-01
2.549019753932952881e-01 4.156862795352935791e-01 2.549019753932952881e-01 4.156862795352935791e-01
