4.352941215038299561e-01 3.372549116611480713e-01 4.352941215038299561e-01 4.235294163227081299e-01
4.352941215038299561e-01 4.235294163227081299e-01 5.372549295425415039e-01 4.235294163227081299e-01
5.372549295425415039e-01 4.235294163227081299e-01 5.372549295425415039e-01 3.372549116611480713e-01
5.372549295425415039e-01 3.372549116611480713e-01 4.352941215038299561e-01 3.372549116611480713e-01
4.352941215038299561e-01 3.372549116611480713e-01 4.352941215038299561e-01 3.372549116611480713e-01
5.372549295425415039e-01 7.137255072593688965e-01 5.372549295425415039e-01 8.039215803146362305e-01
5.372549295425415039e-01 8.039215803146362305e-01 7.490196228027343750e-01 8.039215803146362305e-01
7.490196228027343750e-01 8.039215803146362305e-01 7.490196228027343750e-01 7.137255072593688965e-01
7.490196228027343750e-01 7.137255072593688965e-01 5.372549295425415039e-01 7.137255072593688965e-01
5.372549295425415039e-01 7.137255072593688965e-01 5.372549295425415039e-01 7.137255072593688965e-01
5.372549295425415039e-01 5.529412031173706055e-01 4.352941215038299561e-01 5.529412031173706055e-01
4.352941215038299561e-01 5.529412031173706055e-01 4.352941215038299561e-01 6.470588445663452148e-01
4.352941215038299561e-01 6.470588445663452148e-01 3.529411852359771729e-01 6.470588445663452148e-01
3.529411852359771729e-01 6.470588445663452148e-01 3.529411852359771729e-01 8.666666746139526367e-01
3.529411852359771729e-01 8.666666746139526367e-01 5.372549295425415039e-01 8.666666746139526367e-01
5.372549295425415039e-01 8.666666746139526367e-01 5.372549295425415039e-01 8.039215803146362305e-01
5.372549295425415039e-01 8.039215803146362305e-01 5.372549295425415039e-01 7.137255072593688965e-01
5.372549295425415039e-01 7.137255072593688965e-01 5.372549295425415039e-01 5.529412031173706055e-01
5.372549295425415039e-01 5.529412031173706055e-01 5.372549295425415039e-01 5.529412031173706055e-01
4.352941215038299561e-01 5.529412031173706055e-01 4.352941215038299561e-01 4.901960790157318115e-01
4.352941215038299561e-01 4.901960790157318115e-01 2.509804069995880127e-01 4.901960790157318115e-01
2.509804069995880127e-01 4.901960790157318115e-01 2.509804069995880127e-01 6.470588445663452148e-01
2.509804069995880127e-01 6.470588445663452148e-01 3.529411852359771729e-01 6.470588445663452148e-01
3.529411852359771729e-01 6.470588445663452148e-01 4.352941215038299561e-01 6.470588445663452148e-01
4.352941215038299561e-01 6.470588445663452148e-01 4.352941215038299561e-01 5.529412031173706055e-01
4.352941215038299561e-01 5.529412031173706055e-01 4.352941215038299561e-01 5.529412031173706055e-01
2.509804069995880127e-01 4.901960790157318115e-01 4.352941215038299561e-01 4.901960790157318115e-01
4.352941215038299561e-01 4.901960790157318115e-01 4.352941215038299561e-01 4.235294163227081299e-01
4.352941215038299561e-01 4.235294163227081299e-01 4.352941215038299561e-01 3.372549116611480713e-01
4.352941215038299561e-01 3.372549116611480713e-01 2.509804069995880127e-01 3.372549116611480713e-01
2.509804069995880127e-01 3.372549116611480713e-01 2.509804069995880127e-01 4.901960790157318115e-01
2.509804069995880127e-01 4.901960790157318115e-01 2.509804069995880127e-01 4.901960790157318115e-01
4.352941215038299561e-01 5.529412031173706055e-01 5.372549295425415039e-01 5.529412031173706055e-01
5.372549295425415039e-01 5.529412031173706055e-01 5.372549295425415039e-01 7.137255072593688965e-01
5.372549295425415039e-01 7.137255072593688965e-01 7.490196228027343750e-01 7.137255072593688965e-01
7.490196228027343750e-01 7.137255072593688965e-01 7.490196228027343750e-01 3.294117748737335205e-01
7.490196228027343750e-01 3.294117748737335205e-01 6.274510025978088379e-01 3.294117748737335205e-01
6.274510025978088379e-01 3.294117748737335205e-01 6.274510025978088379e-01 1.686274558305740356e-01
6.274510025978088379e-01 1.686274558305740356e-01 4.352941215038299561e-01 1.686274558305740356e-01
4.352941215038299561e-01 1.686274558305740356e-01 4.352941215038299561e-01 3.372549116611480713e-01
4.352941215038299561e-01 3.372549116611480713e-01 5.372549295425415039e-01 3.372549116611480713e-01
5.372549295425415039e-01 3.372549116611480713e-01 5.372549295425415039e-01 4.235294163227081299e-01
5.372549295425415039e-01 4.235294163227081299e-01 4.352941215038299561e-01 4.235294163227081299e-01
4.352941215038299561e-01 4.235294163227081299e-01 4.352941215038299561e-01 4.901960790157318115e-01
4.352941215038299561e-01 4.901960790157318115e-01 4.352941215038299561e-01 5.529412031173706055e-01
4.352941215038299561e-01 5.529412031173706055e-01 4.352941215038299561e-01 5.529412031173706055e-01
7.490196228027343750e-01 1.686274558305740356e-01 7.490196228027343750e-01 1.333333402872085571e-01
7.490196228027343750e-01 1.333333402872085571e-01 6.274510025978088379e-01 1.333333402872085571e-01
6.274510025978088379e-01 1.333333402872085571e-01 6.274510025978088379e-01 1.686274558305740356e-01
6.274510025978088379e-01 1.686274558305740356e-01 6.274510025978088379e-01 3.294117748737335205e-01
6.274510025978088379e-01 3.294117748737335205e-01 7.490196228027343750e-01 3.294117748737335205e-01
7.490196228027343750e-01 3.294117748737335205e-01 7.490196228027343750e-01 1.686274558305740356e-01
7.490196228027343750e-01 1.686274558305740356e-01 7.490196228027343750e-01 1.686274558305740356e-01
