5.686274766921997070e-01 4.039215743541717529e-01 2.941176593303680420e-01 4.039215743541717529e-01
2.941176593303680420e-01 4.039215743541717529e-01 2.941176593303680420e-01 6.000000238418579102e-01
2.941176593303680420e-01 6.000000238418579102e-01 5.686274766921997070e-01 6.000000238418579102e-01
5.686274766921997070e-01 6.000000238418579102e-01 5.686274766921997070e-01 4.745098054409027100e-01
5.686274766921997070e-01 4.745098054409027100e-01 5.686274766921997070e-01 4.039215743541717529e-01
5.686274766921997070e-01 4.039215743541717529e-01 5.686274766921997070e-01 4.039215743541717529e-01
7.098039388656616211e-01 4.039215743541717529e-01 5.686274766921997070e-01 4.039215743541717529e-01
5.686274766921997070e-01 4.039215743541717529e-01 5.686274766921997070e-01 4.745098054409027100e-01
5.686274766921997070e-01 4.745098054409027100e-01 7.098039388656616211e-01 4.745098054409027100e-01
7.098039388656616211e-01 4.745098054409027100e-01 7.098039388656616211e-01 4.039215743541717529e-01
7.098039388656616211e-01 4.039215743541717529e-01 7.098039388656616211e-01 4.039215743541717529e-01
7.098039388656616211e-01 4.745098054409027100e-01 5.686274766921997070e-01 4.745098054409027100e-01
5.686274766921997070e-01 4.745098054409027100e-01 5.686274766921997070e-01 6.000000238418579102e-01
5.686274766921997070e-01 6.000000238418579102e-01 7.098039388656616211e-01 6.000000238418579102e-01
7.098039388656616211e-01 6.000000238418579102e-01 7.098039388656616211e-01 4.745098054409027100e-01
7.098039388656616211e-01 4.745098054409027100e-01 7.098039388656616211e-01 4.745098054409027100e-01
