7.294117808341979980e-01 4.823529422283172607e-01 5.764706134796142578e-01 4.823529422283172607e-01
5.764706134796142578e-01 4.823529422283172607e-01 5.764706134796142578e-01 5.686274766921997070e-01
5.764706134796142578e-01 5.686274766921997070e-01 7.294117808341979980e-01 5.686274766921997070e-01
7.294117808341979980e-01 5.686274766921997070e-01 7.294117808341979980e-01 4.823529422283172607e-01
7.294117808341979980e-01 4.823529422283172607e-01 7.294117808341979980e-01 4.823529422283172607e-01
7.294117808341979980e-01 8.274509906768798828e-01 7.294117808341979980e-01 7.333333492279052734e-01
7.294117808341979980e-01 7.333333492279052734e-01 6.392157077789306641e-01 7.333333492279052734e-01
6.392157077789306641e-01 7.333333492279052734e-01 6.392157077789306641e-01 8.274509906768798828e-01
6.392157077789306641e-01 8.274509906768798828e-01 7.294117808341979980e-01 8.274509906768798828e-01
7.294117808341979980e-01 8.274509906768798828e-01 7.294117808341979980e-01 8.274509906768798828e-01
5.764706134796142578e-01 3.176470696926116943e-01 5.764706134796142578e-01 2.000000029802322388e-01
5.764706134796142578e-01 2.000000029802322388e-01 4.745098054409027100e-01 2.000000029802322388e-01
4.745098054409027100e-01 2.000000029802322388e-01 4.745098054409027100e-01 3.176470696926116943e-01
4.745098054409027100e-01 3.176470696926116943e-01 5.764706134796142578e-01 3.176470696926116943e-01
5.764706134796142578e-01 3.176470696926116943e-01 5.764706134796142578e-01 3.176470696926116943e-01
2.705882489681243896e-01 7.333333492279052734e-01 3.411764800548553467e-01 7.333333492279052734e-01
3.411764800548553467e-01 7.333333492279052734e-01 3.411764800548553467e-01 5.372549295425415039e-01
3.411764800548553467e-01 5.372549295425415039e-01 2.705882489681243896e-01 5.372549295425415039e-01
2.705882489681243896e-01 5.372549295425415039e-01 2.705882489681243896e-01 7.333333492279052734e-01
2.705882489681243896e-01 7.333333492279052734e-01 2.705882489681243896e-01 7.333333492279052734e-01
5.764706134796142578e-01 3.843137323856353760e-01 5.764706134796142578e-01 3.176470696926116943e-01
5.764706134796142578e-01 3.176470696926116943e-01 4.745098054409027100e-01 3.176470696926116943e-01
4.745098054409027100e-01 3.176470696926116943e-01 4.745098054409027100e-01 2.000000029802322388e-01
4.745098054409027100e-01 2.000000029802322388e-01 2.392156869173049927e-01 2.000000029802322388e-01
2.392156869173049927e-01 2.000000029802322388e-01 2.392156869173049927e-01 3.843137323856353760e-01
2.392156869173049927e-01 3.843137323856353760e-01 3.411764800548553467e-01 3.843137323856353760e-01
3.411764800548553467e-01 3.843137323856353760e-01 5.098039507865905762e-01 3.843137323856353760e-01
5.098039507865905762e-01 3.843137323856353760e-01 5.764706134796142578e-01 3.843137323856353760e-01
5.764706134796142578e-01 3.843137323856353760e-01 5.764706134796142578e-01 3.843137323856353760e-01
7.294117808341979980e-01 3.843137323856353760e-01 7.294117808341979980e-01 2.000000029802322388e-01
7.294117808341979980e-01 2.000000029802322388e-01 5.764706134796142578e-01 2.000000029802322388e-01
5.764706134796142578e-01 2.000000029802322388e-01 5.764706134796142578e-01 3.176470696926116943e-01
5.764706134796142578e-01 3.176470696926116943e-01 5.764706134796142578e-01 3.843137323856353760e-01
5.764706134796142578e-01 3.843137323856353760e-01 7.294117808341979980e-01 3.843137323856353760e-01
7.294117808341979980e-01 3.843137323856353760e-01 7.294117808341979980e-01 3.843137323856353760e-01
5.098039507865905762e-01 3.843137323856353760e-01 3.411764800548553467e-01 3.843137323856353760e-01
3.411764800548553467e-01 3.843137323856353760e-01 3.411764800548553467e-01 5.372549295425415039e-01
3.411764800548553467e-01 5.372549295425415039e-01 5.098039507865905762e-01 5.372549295425415039e-01
5.098039507865905762e-01 5.372549295425415039e-01 5.098039507865905762e-01 3.843137323856353760e-01
5.098039507865905762e-01 3.843137323856353760e-01 5.098039507865905762e-01 3.843137323856353760e-01
5.764706134796142578e-01 4.823529422283172607e-01 7.294117808341979980e-01 4.823529422283172607e-01
7.294117808341979980e-01 4.823529422283172607e-01 7.294117808341979980e-01 3.843137323856353760e-01
7.294117808341979980e-01 3.843137323856353760e-01 5.764706134796142578e-01 3.843137323856353760e-01
5.764706134796142578e-01 3.843137323856353760e-01 5.764706134796142578e-01 4.823529422283172607e-01
5.764706134796142578e-01 4.823529422283172607e-01 5.764706134796142578e-01 4.823529422283172607e-01
7.294117808341979980e-01 5.686274766921997070e-01 5.764706134796142578e-01 5.686274766921997070e-01
5.764706134796142578e-01 5.686274766921997070e-01 5.764706134796142578e-01 4.823529422283172607e-01
5.764706134796142578e-01 4.823529422283172607e-01 5.764706134796142578e-01 3.843137323856353760e-01
5.764706134796142578e-01 3.843137323856353760e-01 5.098039507865905762e-01 3.843137323856353760e-01
5.098039507865905762e-01 3.843137323856353760e-01 5.098039507865905762e-01 5.372549295425415039e-01
5.098039507865905762e-01 5.372549295425415039e-01 3.411764800548553467e-01 5.372549295425415039e-01
3.411764800548553467e-01 5.372549295425415039e-01 3.411764800548553467e-01 7.333333492279052734e-01
3.411764800548553467e-01 7.333333492279052734e-01 4.431372582912445068e-01 7.333333492279052734e-01
4.431372582912445068e-01 7.333333492279052734e-01 6.392157077789306641e-01 7.333333492279052734e-01
6.392157077789306641e-01 7.333333492279052734e-01 7.294117808341979980e-01 7.333333492279052734e-01
7.294117808341979980e-01 7.333333492279052734e-01 7.294117808341979980e-01 5.686274766921997070e-01
7.294117808341979980e-01 5.686274766921997070e-01 7.294117808341979980e-01 5.686274766921997070e-01
6.392157077789306641e-01 7.333333492279052734e-01 4.431372582912445068e-01 7.333333492279052734e-01
4.431372582912445068e-01 7.333333492279052734e-01 4.431372582912445068e-01 8.274509906768798828e-01
4.431372582912445068e-01 8.274509906768798828e-01 6.392157077789306641e-01 8.274509906768798828e-01
6.392157077789306641e-01 8.274509906768798828e-01 6.392157077789306641e-01 7.333333492279052734e-01
6.392157077789306641e-01 7.333333492279052734e-01 6.392157077789306641e-01 7.333333492279052734e-01
4.431372582912445068e-01 7.333333492279052734e-01 3.411764800548553467e-01 7.333333492279052734e-01
3.411764800548553467e-01 7.333333492279052734e-01 3.411764800548553467e-01 8.274509906768798828e-01
3.411764800548553467e-01 8.274509906768798828e-01 4.431372582912445068e-01 8.274509906768798828e-01
4.431372582912445068e-01 8.274509906768798828e-01 4.431372582912445068e-01 7.333333492279052734e-01
4.431372582912445068e-01 7.333333492279052734e-01 4.431372582912445068e-01 7.333333492279052734e-01
