4.745098054409027100e-01 4.392156898975372314e-01 5.725490450859069824e-01 4.392156898975372314e-01
5.725490450859069824e-01 4.392156898975372314e-01 5.725490450859069824e-01 2.666666805744171143e-01
5.725490450859069824e-01 2.666666805744171143e-01 4.745098054409027100e-01 2.666666805744171143e-01
4.745098054409027100e-01 2.666666805744171143e-01 4.745098054409027100e-01 4.392156898975372314e-01
4.745098054409027100e-01 4.392156898975372314e-01 4.745098054409027100e-01 4.392156898975372314e-01
4.705882370471954346e-01 7.333333492279052734e-01 2.705882489681243896e-01 7.333333492279052734e-01
2.705882489681243896e-01 7.333333492279052734e-01 2.705882489681243896e-01 8.039215803146362305e-01
2.705882489681243896e-01 8.039215803146362305e-01 4.705882370471954346e-01 8.039215803146362305e-01
4.705882370471954346e-01 8.039215803146362305e-01 4.705882370471954346e-01 7.333333492279052734e-01
4.705882370471954346e-01 7.333333492279052734e-01 4.705882370471954346e-01 7.333333492279052734e-01
7.058823704719543457e-01 4.392156898975372314e-01 6.431372761726379395e-01 4.392156898975372314e-01
6.431372761726379395e-01 4.392156898975372314e-01 6.431372761726379395e-01 5.215686559677124023e-01
6.431372761726379395e-01 5.215686559677124023e-01 6.431372761726379395e-01 6.980392336845397949e-01
6.431372761726379395e-01 6.980392336845397949e-01 6.431372761726379395e-01 7.333333492279052734e-01
6.431372761726379395e-01 7.333333492279052734e-01 7.058823704719543457e-01 7.333333492279052734e-01
7.058823704719543457e-01 7.333333492279052734e-01 8.196078538894653320e-01 7.333333492279052734e-01
8.196078538894653320e-01 7.333333492279052734e-01 8.196078538894653320e-01 4.392156898975372314e-01
8.196078538894653320e-01 4.392156898975372314e-01 7.058823704719543457e-01 4.392156898975372314e-01
7.058823704719543457e-01 4.392156898975372314e-01 7.058823704719543457e-01 4.392156898975372314e-01
4.745098054409027100e-01 7.333333492279052734e-01 6.431372761726379395e-01 7.333333492279052734e-01
6.431372761726379395e-01 7.333333492279052734e-01 6.431372761726379395e-01 6.980392336845397949e-01
6.431372761726379395e-01 6.980392336845397949e-01 6.431372761726379395e-01 5.215686559677124023e-01
6.431372761726379395e-01 5.215686559677124023e-01 4.745098054409027100e-01 5.215686559677124023e-01
4.745098054409027100e-01 5.215686559677124023e-01 4.745098054409027100e-01 6.980392336845397949e-01
4.745098054409027100e-01 6.980392336845397949e-01 4.745098054409027100e-01 7.333333492279052734e-01
4.745098054409027100e-01 7.333333492279052734e-01 4.745098054409027100e-01 7.333333492279052734e-01
5.725490450859069824e-01 4.392156898975372314e-01 6.431372761726379395e-01 4.392156898975372314e-01
6.431372761726379395e-01 4.392156898975372314e-01 7.058823704719543457e-01 4.392156898975372314e-01
7.058823704719543457e-01 4.392156898975372314e-01 7.058823704719543457e-01 2.666666805744171143e-01
7.058823704719543457e-01 2.666666805744171143e-01 5.725490450859069824e-01 2.666666805744171143e-01
5.725490450859069824e-01 2.666666805744171143e-01 5.725490450859069824e-01 4.392156898975372314e-01
5.725490450859069824e-01 4.392156898975372314e-01 5.725490450859069824e-01 4.392156898975372314e-01
5.725490450859069824e-01 4.392156898975372314e-01 4.745098054409027100e-01 4.392156898975372314e-01
4.745098054409027100e-01 4.392156898975372314e-01 4.745098054409027100e-01 2.666666805744171143e-01
4.745098054409027100e-01 2.666666805744171143e-01 3.058823645114898682e-01 2.666666805744171143e-01
3.058823645114898682e-01 2.666666805744171143e-01 3.058823645114898682e-01 4.235294163227081299e-01
3.058823645114898682e-01 4.235294163227081299e-01 1.843137294054031372e-01 4.235294163227081299e-01
1.843137294054031372e-01 4.235294163227081299e-01 1.843137294054031372e-01 7.333333492279052734e-01
1.843137294054031372e-01 7.333333492279052734e-01 2.705882489681243896e-01 7.333333492279052734e-01
2.705882489681243896e-01 7.333333492279052734e-01 4.705882370471954346e-01 7.333333492279052734e-01
4.705882370471954346e-01 7.333333492279052734e-01 4.705882370471954346e-01 6.980392336845397949e-01
4.705882370471954346e-01 6.980392336845397949e-01 4.745098054409027100e-01 6.980392336845397949e-01
4.745098054409027100e-01 6.980392336845397949e-01 4.745098054409027100e-01 5.215686559677124023e-01
4.745098054409027100e-01 5.215686559677124023e-01 6.431372761726379395e-01 5.215686559677124023e-01
6.431372761726379395e-01 5.215686559677124023e-01 6.431372761726379395e-01 4.392156898975372314e-01
6.431372761726379395e-01 4.392156898975372314e-01 5.725490450859069824e-01 4.392156898975372314e-01
5.725490450859069824e-01 4.392156898975372314e-01 5.725490450859069824e-01 4.392156898975372314e-01
3.058823645114898682e-01 2.666666805744171143e-01 1.843137294054031372e-01 2.666666805744171143e-01
1.843137294054031372e-01 2.666666805744171143e-01 1.843137294054031372e-01 4.235294163227081299e-01
1.843137294054031372e-01 4.235294163227081299e-01 3.058823645114898682e-01 4.235294163227081299e-01
3.058823645114898682e-01 4.235294163227081299e-01 3.058823645114898682e-01 2.666666805744171143e-01
3.058823645114898682e-01 2.666666805744171143e-01 3.058823645114898682e-01 2.666666805744171143e-01
3.058823645114898682e-01 2.666666805744171143e-01 4.745098054409027100e-01 2.666666805744171143e-01
4.745098054409027100e-01 2.666666805744171143e-01 4.745098054409027100e-01 2.000000029802322388e-01
4.745098054409027100e-01 2.000000029802322388e-01 3.058823645114898682e-01 2.000000029802322388e-01
3.058823645114898682e-01 2.000000029802322388e-01 3.058823645114898682e-01 2.666666805744171143e-01
3.058823645114898682e-01 2.666666805744171143e-01 3.058823645114898682e-01 2.666666805744171143e-01
