7.019608020782470703e-01 6.000000238418579102e-01 6.000000238418579102e-01 6.000000238418579102e-01
6.000000238418579102e-01 6.000000238418579102e-01 6.000000238418579102e-01 7.019608020782470703e-01
6.000000238418579102e-01 7.019608020782470703e-01 7.019608020782470703e-01 7.019608020782470703e-01
7.019608020782470703e-01 7.019608020782470703e-01 7.843137383460998535e-01 7.019608020782470703e-01
7.843137383460998535e-01 7.019608020782470703e-01 7.843137383460998535e-01 6.000000238418579102e-01
7.843137383460998535e-01 6.000000238418579102e-01 7.019608020782470703e-01 6.000000238418579102e-01
7.019608020782470703e-01 6.000000238418579102e-01 7.019608020782470703e-01 6.000000238418579102e-01
7.411764860153198242e-01 2.313725501298904419e-01 5.294117927551269531e-01 2.313725501298904419e-01
5.294117927551269531e-01 2.313725501298904419e-01 5.294117927551269531e-01 3.215686380863189697e-01
5.294117927551269531e-01 3.215686380863189697e-01 5.294117927551269531e-01 3.882353007793426514e-01
5.294117927551269531e-01 3.882353007793426514e-01 5.294117927551269531e-01 4.235294163227081299e-01
5.294117927551269531e-01 4.235294163227081299e-01 7.019608020782470703e-01 4.235294163227081299e-01
7.019608020782470703e-01 4.235294163227081299e-01 7.411764860153198242e-01 4.235294163227081299e-01
7.411764860153198242e-01 4.235294163227081299e-01 7.411764860153198242e-01 2.313725501298904419e-01
7.411764860153198242e-01 2.313725501298904419e-01 7.411764860153198242e-01 2.313725501298904419e-01
5.294117927551269531e-01 2.313725501298904419e-01 2.862745225429534912e-01 2.313725501298904419e-01
2.862745225429534912e-01 2.313725501298904419e-01 2.862745225429534912e-01 3.215686380863189697e-01
2.862745225429534912e-01 3.215686380863189697e-01 2.862745225429534912e-01 3.882353007793426514e-01
2.862745225429534912e-01 3.882353007793426514e-01 5.294117927551269531e-01 3.882353007793426514e-01
5.294117927551269531e-01 3.882353007793426514e-01 5.294117927551269531e-01 3.215686380863189697e-01
5.294117927551269531e-01 3.215686380863189697e-01 5.294117927551269531e-01 2.313725501298904419e-01
5.294117927551269531e-01 2.313725501298904419e-01 5.294117927551269531e-01 2.313725501298904419e-01
6.000000238418579102e-01 6.000000238418579102e-01 7.019608020782470703e-01 6.000000238418579102e-01
7.019608020782470703e-01 6.000000238418579102e-01 7.019608020782470703e-01 4.235294163227081299e-01
7.019608020782470703e-01 4.235294163227081299e-01 5.294117927551269531e-01 4.235294163227081299e-01
5.294117927551269531e-01 4.235294163227081299e-01 5.294117927551269531e-01 3.882353007793426514e-01
5.294117927551269531e-01 3.882353007793426514e-01 2.862745225429534912e-01 3.882353007793426514e-01
2.862745225429534912e-01 3.882353007793426514e-01 2.862745225429534912e-01 3.215686380863189697e-01
2.862745225429534912e-01 3.215686380863189697e-01 2.156862765550613403e-01 3.215686380863189697e-01
2.156862765550613403e-01 3.215686380863189697e-01 2.156862765550613403e-01 7.019608020782470703e-01
2.156862765550613403e-01 7.019608020782470703e-01 2.862745225429534912e-01 7.019608020782470703e-01
2.862745225429534912e-01 7.019608020782470703e-01 2.862745225429534912e-01 6.117647290229797363e-01
2.862745225429534912e-01 6.117647290229797363e-01 4.823529422283172607e-01 6.117647290229797363e-01
4.823529422283172607e-01 6.117647290229797363e-01 4.823529422283172607e-01 7.019608020782470703e-01
4.823529422283172607e-01 7.019608020782470703e-01 6.000000238418579102e-01 7.019608020782470703e-01
6.000000238418579102e-01 7.019608020782470703e-01 6.000000238418579102e-01 6.000000238418579102e-01
6.000000238418579102e-01 6.000000238418579102e-01 6.000000238418579102e-01 6.000000238418579102e-01
7.019608020782470703e-01 6.000000238418579102e-01 7.843137383460998535e-01 6.000000238418579102e-01
7.843137383460998535e-01 6.000000238418579102e-01 7.843137383460998535e-01 4.235294163227081299e-01
7.843137383460998535e-01 4.235294163227081299e-01 7.411764860153198242e-01 4.235294163227081299e-01
7.411764860153198242e-01 4.235294163227081299e-01 7.019608020782470703e-01 4.235294163227081299e-01
7.019608020782470703e-01 4.235294163227081299e-01 7.019608020782470703e-01 6.000000238418579102e-01
7.019608020782470703e-01 6.000000238418579102e-01 7.019608020782470703e-01 6.000000238418579102e-01
4.823529422283172607e-01 7.019608020782470703e-01 4.823529422283172607e-01 6.117647290229797363e-01
4.823529422283172607e-01 6.117647290229797363e-01 2.862745225429534912e-01 6.117647290229797363e-01
2.862745225429534912e-01 6.117647290229797363e-01 2.862745225429534912e-01 7.019608020782470703e-01
2.862745225429534912e-01 7.019608020782470703e-01 2.862745225429534912e-01 7.725490331649780273e-01
2.862745225429534912e-01 7.725490331649780273e-01 4.823529422283172607e-01 7.725490331649780273e-01
4.823529422283172607e-01 7.725490331649780273e-01 4.823529422283172607e-01 7.019608020782470703e-01
4.823529422283172607e-01 7.019608020782470703e-01 4.823529422283172607e-01 7.019608020782470703e-01
