5.686274766921997070e-01 6.627451181411743164e-01 4.784313738346099854e-01 6.627451181411743164e-01
4.784313738346099854e-01 6.627451181411743164e-01 4.784313738346099854e-01 7.098039388656616211e-01
4.784313738346099854e-01 7.098039388656616211e-01 4.784313738346099854e-01 7.568627595901489258e-01
4.784313738346099854e-01 7.568627595901489258e-01 5.686274766921997070e-01 7.568627595901489258e-01
5.686274766921997070e-01 7.568627595901489258e-01 5.686274766921997070e-01 7.098039388656616211e-01
5.686274766921997070e-01 7.098039388656616211e-01 5.686274766921997070e-01 6.627451181411743164e-01
5.686274766921997070e-01 6.627451181411743164e-01 5.686274766921997070e-01 6.627451181411743164e-01
8.862745165824890137e-01 3.098039329051971436e-01 8.039215803146362305e-01 3.098039329051971436e-01
8.039215803146362305e-01 3.098039329051971436e-01 8.039215803146362305e-01 5.411764979362487793e-01
8.039215803146362305e-01 5.411764979362487793e-01 8.862745165824890137e-01 5.411764979362487793e-01
8.862745165824890137e-01 5.411764979362487793e-01 8.862745165824890137e-01 3.098039329051971436e-01
8.862745165824890137e-01 3.098039329051971436e-01 8.862745165824890137e-01 3.098039329051971436e-01
5.686274766921997070e-01 7.568627595901489258e-01 8.039215803146362305e-01 7.568627595901489258e-01
8.039215803146362305e-01 7.568627595901489258e-01 8.039215803146362305e-01 5.411764979362487793e-01
8.039215803146362305e-01 5.411764979362487793e-01 5.686274766921997070e-01 5.411764979362487793e-01
5.686274766921997070e-01 5.411764979362487793e-01 5.686274766921997070e-01 6.627451181411743164e-01
5.686274766921997070e-01 6.627451181411743164e-01 5.686274766921997070e-01 7.098039388656616211e-01
5.686274766921997070e-01 7.098039388656616211e-01 5.686274766921997070e-01 7.568627595901489258e-01
5.686274766921997070e-01 7.568627595901489258e-01 5.686274766921997070e-01 7.568627595901489258e-01
3.647058904170989990e-01 5.411764979362487793e-01 2.000000029802322388e-01 5.411764979362487793e-01
2.000000029802322388e-01 5.411764979362487793e-01 2.000000029802322388e-01 7.098039388656616211e-01
2.000000029802322388e-01 7.098039388656616211e-01 3.647058904170989990e-01 7.098039388656616211e-01
3.647058904170989990e-01 7.098039388656616211e-01 3.647058904170989990e-01 5.411764979362487793e-01
3.647058904170989990e-01 5.411764979362487793e-01 3.647058904170989990e-01 5.411764979362487793e-01
8.039215803146362305e-01 3.098039329051971436e-01 2.627451121807098389e-01 3.098039329051971436e-01
2.627451121807098389e-01 3.098039329051971436e-01 2.627451121807098389e-01 3.686274588108062744e-01
2.627451121807098389e-01 3.686274588108062744e-01 2.000000029802322388e-01 3.686274588108062744e-01
2.000000029802322388e-01 3.686274588108062744e-01 2.000000029802322388e-01 5.411764979362487793e-01
2.000000029802322388e-01 5.411764979362487793e-01 3.647058904170989990e-01 5.411764979362487793e-01
3.647058904170989990e-01 5.411764979362487793e-01 5.686274766921997070e-01 5.411764979362487793e-01
5.686274766921997070e-01 5.411764979362487793e-01 8.039215803146362305e-01 5.411764979362487793e-01
8.039215803146362305e-01 5.411764979362487793e-01 8.039215803146362305e-01 3.098039329051971436e-01
8.039215803146362305e-01 3.098039329051971436e-01 8.039215803146362305e-01 3.098039329051971436e-01
2.627451121807098389e-01 3.098039329051971436e-01 2.627451121807098389e-01 2.431372553110122681e-01
2.627451121807098389e-01 2.431372553110122681e-01 1.137254908680915833e-01 2.431372553110122681e-01
1.137254908680915833e-01 2.431372553110122681e-01 1.137254908680915833e-01 3.686274588108062744e-01
1.137254908680915833e-01 3.686274588108062744e-01 2.000000029802322388e-01 3.686274588108062744e-01
2.000000029802322388e-01 3.686274588108062744e-01 2.627451121807098389e-01 3.686274588108062744e-01
2.627451121807098389e-01 3.686274588108062744e-01 2.627451121807098389e-01 3.098039329051971436e-01
2.627451121807098389e-01 3.098039329051971436e-01 2.627451121807098389e-01 3.098039329051971436e-01
1.137254908680915833e-01 5.411764979362487793e-01 2.000000029802322388e-01 5.411764979362487793e-01
2.000000029802322388e-01 5.411764979362487793e-01 2.000000029802322388e-01 3.686274588108062744e-01
2.000000029802322388e-01 3.686274588108062744e-01 1.137254908680915833e-01 3.686274588108062744e-01
1.137254908680915833e-01 3.686274588108062744e-01 1.137254908680915833e-01 5.411764979362487793e-01
1.137254908680915833e-01 5.411764979362487793e-01 1.137254908680915833e-01 5.411764979362487793e-01
4.784313738346099854e-01 6.627451181411743164e-01 5.686274766921997070e-01 6.627451181411743164e-01
5.686274766921997070e-01 6.627451181411743164e-01 5.686274766921997070e-01 5.411764979362487793e-01
5.686274766921997070e-01 5.411764979362487793e-01 3.647058904170989990e-01 5.411764979362487793e-01
3.647058904170989990e-01 5.411764979362487793e-01 3.647058904170989990e-01 7.098039388656616211e-01
3.647058904170989990e-01 7.098039388656616211e-01 4.784313738346099854e-01 7.098039388656616211e-01
4.784313738346099854e-01 7.098039388656616211e-01 4.784313738346099854e-01 6.627451181411743164e-01
4.784313738346099854e-01 6.627451181411743164e-01 4.784313738346099854e-01 6.627451181411743164e-01
