4.588235318660736084e-01 7.960784435272216797e-01 5.254902243614196777e-01 7.960784435272216797e-01
5.254902243614196777e-01 7.960784435272216797e-01 5.254902243614196777e-01 7.411764860153198242e-01
5.254902243614196777e-01 7.411764860153198242e-01 5.254902243614196777e-01 6.431372761726379395e-01
5.254902243614196777e-01 6.431372761726379395e-01 4.588235318660736084e-01 6.431372761726379395e-01
4.588235318660736084e-01 6.431372761726379395e-01 4.588235318660736084e-01 7.411764860153198242e-01
4.588235318660736084e-01 7.411764860153198242e-01 4.588235318660736084e-01 7.960784435272216797e-01
4.588235318660736084e-01 7.960784435272216797e-01 4.588235318660736084e-01 7.960784435272216797e-01
5.372549295425415039e-01 2.078431397676467896e-01 5.372549295425415039e-01 2.392156869173049927e-01
5.372549295425415039e-01 2.392156869173049927e-01 5.372549295425415039e-01 2.784313857555389404e-01
5.372549295425415039e-01 2.784313857555389404e-01 7.294117808341979980e-01 2.784313857555389404e-01
7.294117808341979980e-01 2.784313857555389404e-01 7.294117808341979980e-01 2.078431397676467896e-01
7.294117808341979980e-01 2.078431397676467896e-01 5.372549295425415039e-01 2.078431397676467896e-01
5.372549295425415039e-01 2.078431397676467896e-01 5.372549295425415039e-01 2.078431397676467896e-01
5.372549295425415039e-01 2.392156869173049927e-01 3.568627536296844482e-01 2.392156869173049927e-01
3.568627536296844482e-01 2.392156869173049927e-01 3.568627536296844482e-01 4.862745106220245361e-01
3.568627536296844482e-01 4.862745106220245361e-01 4.588235318660736084e-01 4.862745106220245361e-01
4.588235318660736084e-01 4.862745106220245361e-01 5.372549295425415039e-01 4.862745106220245361e-01
5.372549295425415039e-01 4.862745106220245361e-01 5.372549295425415039e-01 2.784313857555389404e-01
5.372549295425415039e-01 2.784313857555389404e-01 5.372549295425415039e-01 2.392156869173049927e-01
5.372549295425415039e-01 2.392156869173049927e-01 5.372549295425415039e-01 2.392156869173049927e-01
3.568627536296844482e-01 5.764706134796142578e-01 2.745098173618316650e-01 5.764706134796142578e-01
2.745098173618316650e-01 5.764706134796142578e-01 2.745098173618316650e-01 7.960784435272216797e-01
2.745098173618316650e-01 7.960784435272216797e-01 4.588235318660736084e-01 7.960784435272216797e-01
4.588235318660736084e-01 7.960784435272216797e-01 4.588235318660736084e-01 7.411764860153198242e-01
4.588235318660736084e-01 7.411764860153198242e-01 4.588235318660736084e-01 6.431372761726379395e-01
4.588235318660736084e-01 6.431372761726379395e-01 4.588235318660736084e-01 5.764706134796142578e-01
4.588235318660736084e-01 5.764706134796142578e-01 3.568627536296844482e-01 5.764706134796142578e-01
3.568627536296844482e-01 5.764706134796142578e-01 3.568627536296844482e-01 5.764706134796142578e-01
5.372549295425415039e-01 2.784313857555389404e-01 5.372549295425415039e-01 4.862745106220245361e-01
5.372549295425415039e-01 4.862745106220245361e-01 5.372549295425415039e-01 5.764706134796142578e-01
5.372549295425415039e-01 5.764706134796142578e-01 4.588235318660736084e-01 5.764706134796142578e-01
4.588235318660736084e-01 5.764706134796142578e-01 4.588235318660736084e-01 6.431372761726379395e-01
4.588235318660736084e-01 6.431372761726379395e-01 5.254902243614196777e-01 6.431372761726379395e-01
5.254902243614196777e-01 6.431372761726379395e-01 5.254902243614196777e-01 7.411764860153198242e-01
5.254902243614196777e-01 7.411764860153198242e-01 7.294117808341979980e-01 7.411764860153198242e-01
7.294117808341979980e-01 7.411764860153198242e-01 7.294117808341979980e-01 2.784313857555389404e-01
7.294117808341979980e-01 2.784313857555389404e-01 5.372549295425415039e-01 2.784313857555389404e-01
5.372549295425415039e-01 2.784313857555389404e-01 5.372549295425415039e-01 2.784313857555389404e-01
4.588235318660736084e-01 4.862745106220245361e-01 3.568627536296844482e-01 4.862745106220245361e-01
3.568627536296844482e-01 4.862745106220245361e-01 3.568627536296844482e-01 5.764706134796142578e-01
3.568627536296844482e-01 5.764706134796142578e-01 4.588235318660736084e-01 5.764706134796142578e-01
4.588235318660736084e-01 5.764706134796142578e-01 5.372549295425415039e-01 5.764706134796142578e-01
5.372549295425415039e-01 5.764706134796142578e-01 5.372549295425415039e-01 4.862745106220245361e-01
5.372549295425415039e-01 4.862745106220245361e-01 4.588235318660736084e-01 4.862745106220245361e-01
4.588235318660736084e-01 4.862745106220245361e-01 4.588235318660736084e-01 4.862745106220245361e-01
