3.215686380863189697e-01 4.274509847164154053e-01 1.882352977991104126e-01 4.274509847164154053e-01
1.882352977991104126e-01 4.274509847164154053e-01 1.882352977991104126e-01 5.176470875740051270e-01
1.882352977991104126e-01 5.176470875740051270e-01 1.882352977991104126e-01 5.686274766921997070e-01
1.882352977991104126e-01 5.686274766921997070e-01 3.215686380863189697e-01 5.686274766921997070e-01
3.215686380863189697e-01 5.686274766921997070e-01 3.215686380863189697e-01 5.176470875740051270e-01
3.215686380863189697e-01 5.176470875740051270e-01 3.215686380863189697e-01 4.274509847164154053e-01
3.215686380863189697e-01 4.274509847164154053e-01 3.215686380863189697e-01 4.274509847164154053e-01
6.862745285034179688e-01 1.960784345865249634e-01 5.921568870544433594e-01 1.960784345865249634e-01
5.921568870544433594e-01 1.960784345865249634e-01 5.921568870544433594e-01 2.823529541492462158e-01
5.921568870544433594e-01 2.823529541492462158e-01 6.862745285034179688e-01 2.823529541492462158e-01
6.862745285034179688e-01 2.823529541492462158e-01 6.862745285034179688e-01 1.960784345865249634e-01
6.862745285034179688e-01 1.960784345865249634e-01 6.862745285034179688e-01 1.960784345865249634e-01
3.215686380863189697e-01 5.686274766921997070e-01 1.882352977991104126e-01 5.686274766921997070e-01
1.882352977991104126e-01 5.686274766921997070e-01 1.882352977991104126e-01 8.470588326454162598e-01
1.882352977991104126e-01 8.470588326454162598e-01 3.843137323856353760e-01 8.470588326454162598e-01
3.843137323856353760e-01 8.470588326454162598e-01 3.843137323856353760e-01 7.803921699523925781e-01
3.843137323856353760e-01 7.803921699523925781e-01 3.843137323856353760e-01 5.176470875740051270e-01
3.843137323856353760e-01 5.176470875740051270e-01 3.215686380863189697e-01 5.176470875740051270e-01
3.215686380863189697e-01 5.176470875740051270e-01 3.215686380863189697e-01 5.686274766921997070e-01
3.215686380863189697e-01 5.686274766921997070e-01 3.215686380863189697e-01 5.686274766921997070e-01
1.882352977991104126e-01 4.274509847164154053e-01 3.215686380863189697e-01 4.274509847164154053e-01
3.215686380863189697e-01 4.274509847164154053e-01 3.843137323856353760e-01 4.274509847164154053e-01
3.843137323856353760e-01 4.274509847164154053e-01 3.843137323856353760e-01 2.823529541492462158e-01
3.843137323856353760e-01 2.823529541492462158e-01 3.843137323856353760e-01 1.960784345865249634e-01
3.843137323856353760e-01 1.960784345865249634e-01 1.882352977991104126e-01 1.960784345865249634e-01
1.882352977991104126e-01 1.960784345865249634e-01 1.882352977991104126e-01 4.274509847164154053e-01
1.882352977991104126e-01 4.274509847164154053e-01 1.882352977991104126e-01 4.274509847164154053e-01
3.843137323856353760e-01 4.274509847164154053e-01 3.215686380863189697e-01 4.274509847164154053e-01
3.215686380863189697e-01 4.274509847164154053e-01 3.215686380863189697e-01 5.176470875740051270e-01
3.215686380863189697e-01 5.176470875740051270e-01 3.843137323856353760e-01 5.176470875740051270e-01
3.843137323856353760e-01 5.176470875740051270e-01 3.843137323856353760e-01 7.803921699523925781e-01
3.843137323856353760e-01 7.803921699523925781e-01 6.862745285034179688e-01 7.803921699523925781e-01
6.862745285034179688e-01 7.803921699523925781e-01 6.862745285034179688e-01 4.980392158031463623e-01
6.862745285034179688e-01 4.980392158031463623e-01 6.862745285034179688e-01 2.823529541492462158e-01
6.862745285034179688e-01 2.823529541492462158e-01 5.921568870544433594e-01 2.823529541492462158e-01
5.921568870544433594e-01 2.823529541492462158e-01 3.843137323856353760e-01 2.823529541492462158e-01
3.843137323856353760e-01 2.823529541492462158e-01 3.843137323856353760e-01 4.274509847164154053e-01
3.843137323856353760e-01 4.274509847164154053e-01 3.843137323856353760e-01 4.274509847164154053e-01
3.843137323856353760e-01 2.823529541492462158e-01 5.921568870544433594e-01 2.823529541492462158e-01
5.921568870544433594e-01 2.823529541492462158e-01 5.921568870544433594e-01 1.960784345865249634e-01
5.921568870544433594e-01 1.960784345865249634e-01 5.921568870544433594e-01 1.529411822557449341e-01
5.921568870544433594e-01 1.529411822557449341e-01 3.843137323856353760e-01 1.529411822557449341e-01
3.843137323856353760e-01 1.529411822557449341e-01 3.843137323856353760e-01 1.960784345865249634e-01
3.843137323856353760e-01 1.960784345865249634e-01 3.843137323856353760e-01 2.823529541492462158e-01
3.843137323856353760e-01 2.823529541492462158e-01 3.843137323856353760e-01 2.823529541492462158e-01
6.862745285034179688e-01 4.980392158031463623e-01 6.862745285034179688e-01 7.803921699523925781e-01
6.862745285034179688e-01 7.803921699523925781e-01 8.196078538894653320e-01 7.803921699523925781e-01
8.196078538894653320e-01 7.803921699523925781e-01 8.196078538894653320e-01 4.980392158031463623e-01
8.196078538894653320e-01 4.980392158031463623e-01 6.862745285034179688e-01 4.980392158031463623e-01
6.862745285034179688e-01 4.980392158031463623e-01 6.862745285034179688e-01 4.980392158031463623e-01
