5.607843399047851562e-01 5.882353186607360840e-01 7.372549176216125488e-01 5.882353186607360840e-01
7.372549176216125488e-01 5.882353186607360840e-01 7.372549176216125488e-01 3.568627536296844482e-01
7.372549176216125488e-01 3.568627536296844482e-01 5.215686559677124023e-01 3.568627536296844482e-01
5.215686559677124023e-01 3.568627536296844482e-01 3.137255012989044189e-01 3.568627536296844482e-01
3.137255012989044189e-01 3.568627536296844482e-01 3.137255012989044189e-01 2.980392277240753174e-01
3.137255012989044189e-01 2.980392277240753174e-01 2.627451121807098389e-01 2.980392277240753174e-01
2.627451121807098389e-01 2.980392277240753174e-01 2.627451121807098389e-01 7.490196228027343750e-01
2.627451121807098389e-01 7.490196228027343750e-01 5.607843399047851562e-01 7.490196228027343750e-01
5.607843399047851562e-01 7.490196228027343750e-01 5.607843399047851562e-01 6.784313917160034180e-01
5.607843399047851562e-01 6.784313917160034180e-01 5.607843399047851562e-01 5.882353186607360840e-01
5.607843399047851562e-01 5.882353186607360840e-01 5.607843399047851562e-01 5.882353186607360840e-01
7.372549176216125488e-01 5.882353186607360840e-01 5.607843399047851562e-01 5.882353186607360840e-01
5.607843399047851562e-01 5.882353186607360840e-01 5.607843399047851562e-01 6.784313917160034180e-01
5.607843399047851562e-01 6.784313917160034180e-01 7.372549176216125488e-01 6.784313917160034180e-01
7.372549176216125488e-01 6.784313917160034180e-01 7.372549176216125488e-01 5.882353186607360840e-01
7.372549176216125488e-01 5.882353186607360840e-01 7.372549176216125488e-01 5.882353186607360840e-01
7.372549176216125488e-01 6.784313917160034180e-01 5.607843399047851562e-01 6.784313917160034180e-01
5.607843399047851562e-01 6.784313917160034180e-01 5.607843399047851562e-01 7.490196228027343750e-01
5.607843399047851562e-01 7.490196228027343750e-01 5.607843399047851562e-01 8.196078538894653320e-01
5.607843399047851562e-01 8.196078538894653320e-01 7.372549176216125488e-01 8.196078538894653320e-01
7.372549176216125488e-01 8.196078538894653320e-01 7.372549176216125488e-01 7.490196228027343750e-01
7.372549176216125488e-01 7.490196228027343750e-01 7.372549176216125488e-01 6.784313917160034180e-01
7.372549176216125488e-01 6.784313917160034180e-01 7.372549176216125488e-01 6.784313917160034180e-01
7.372549176216125488e-01 2.980392277240753174e-01 7.372549176216125488e-01 1.843137294054031372e-01
7.372549176216125488e-01 1.843137294054031372e-01 5.215686559677124023e-01 1.843137294054031372e-01
5.215686559677124023e-01 1.843137294054031372e-01 5.215686559677124023e-01 2.980392277240753174e-01
5.215686559677124023e-01 2.980392277240753174e-01 5.215686559677124023e-01 3.568627536296844482e-01
5.215686559677124023e-01 3.568627536296844482e-01 7.372549176216125488e-01 3.568627536296844482e-01
7.372549176216125488e-01 3.568627536296844482e-01 7.372549176216125488e-01 2.980392277240753174e-01
7.372549176216125488e-01 2.980392277240753174e-01 7.372549176216125488e-01 2.980392277240753174e-01
5.215686559677124023e-01 2.980392277240753174e-01 5.215686559677124023e-01 1.843137294054031372e-01
5.215686559677124023e-01 1.843137294054031372e-01 3.137255012989044189e-01 1.843137294054031372e-01
3.137255012989044189e-01 1.843137294054031372e-01 3.137255012989044189e-01 2.980392277240753174e-01
3.137255012989044189e-01 2.980392277240753174e-01 3.137255012989044189e-01 3.568627536296844482e-01
3.137255012989044189e-01 3.568627536296844482e-01 5.215686559677124023e-01 3.568627536296844482e-01
5.215686559677124023e-01 3.568627536296844482e-01 5.215686559677124023e-01 2.980392277240753174e-01
5.215686559677124023e-01 2.980392277240753174e-01 5.215686559677124023e-01 2.980392277240753174e-01
