7.607843279838562012e-01 5.725490450859069824e-01 7.607843279838562012e-01 4.823529422283172607e-01
7.607843279838562012e-01 4.823529422283172607e-01 6.509804129600524902e-01 4.823529422283172607e-01
6.509804129600524902e-01 4.823529422283172607e-01 6.509804129600524902e-01 5.725490450859069824e-01
6.509804129600524902e-01 5.725490450859069824e-01 6.509804129600524902e-01 6.313725709915161133e-01
6.509804129600524902e-01 6.313725709915161133e-01 7.607843279838562012e-01 6.313725709915161133e-01
7.607843279838562012e-01 6.313725709915161133e-01 7.607843279838562012e-01 5.725490450859069824e-01
7.607843279838562012e-01 5.725490450859069824e-01 7.607843279838562012e-01 5.725490450859069824e-01
7.607843279838562012e-01 4.823529422283172607e-01 7.607843279838562012e-01 3.686274588108062744e-01
7.607843279838562012e-01 3.686274588108062744e-01 6.509804129600524902e-01 3.686274588108062744e-01
6.509804129600524902e-01 3.686274588108062744e-01 6.509804129600524902e-01 4.823529422283172607e-01
6.509804129600524902e-01 4.823529422283172607e-01 7.607843279838562012e-01 4.823529422283172607e-01
7.607843279838562012e-01 4.823529422283172607e-01 7.607843279838562012e-01 4.823529422283172607e-01
3.411764800548553467e-01 8.549019694328308105e-01 5.529412031173706055e-01 8.549019694328308105e-01
5.529412031173706055e-01 8.549019694328308105e-01 5.529412031173706055e-01 7.764706015586853027e-01
5.529412031173706055e-01 7.764706015586853027e-01 3.411764800548553467e-01 7.764706015586853027e-01
3.411764800548553467e-01 7.764706015586853027e-01 3.411764800548553467e-01 8.549019694328308105e-01
3.411764800548553467e-01 8.549019694328308105e-01 3.411764800548553467e-01 8.549019694328308105e-01
6.509804129600524902e-01 5.725490450859069824e-01 5.529412031173706055e-01 5.725490450859069824e-01
5.529412031173706055e-01 5.725490450859069824e-01 5.529412031173706055e-01 7.764706015586853027e-01
5.529412031173706055e-01 7.764706015586853027e-01 5.529412031173706055e-01 8.549019694328308105e-01
5.529412031173706055e-01 8.549019694328308105e-01 7.607843279838562012e-01 8.549019694328308105e-01
7.607843279838562012e-01 8.549019694328308105e-01 7.607843279838562012e-01 6.313725709915161133e-01
7.607843279838562012e-01 6.313725709915161133e-01 6.509804129600524902e-01 6.313725709915161133e-01
6.509804129600524902e-01 6.313725709915161133e-01 6.509804129600524902e-01 5.725490450859069824e-01
6.509804129600524902e-01 5.725490450859069824e-01 6.509804129600524902e-01 5.725490450859069824e-01
7.607843279838562012e-01 3.686274588108062744e-01 7.607843279838562012e-01 1.490196138620376587e-01
7.607843279838562012e-01 1.490196138620376587e-01 5.529412031173706055e-01 1.490196138620376587e-01
5.529412031173706055e-01 1.490196138620376587e-01 5.529412031173706055e-01 3.686274588108062744e-01
5.529412031173706055e-01 3.686274588108062744e-01 6.509804129600524902e-01 3.686274588108062744e-01
6.509804129600524902e-01 3.686274588108062744e-01 7.607843279838562012e-01 3.686274588108062744e-01
7.607843279838562012e-01 3.686274588108062744e-01 7.607843279838562012e-01 3.686274588108062744e-01
3.686274588108062744e-01 3.686274588108062744e-01 3.686274588108062744e-01 2.549019753932952881e-01
3.686274588108062744e-01 2.549019753932952881e-01 2.117647081613540649e-01 2.549019753932952881e-01
2.117647081613540649e-01 2.549019753932952881e-01 2.117647081613540649e-01 3.686274588108062744e-01
2.117647081613540649e-01 3.686274588108062744e-01 2.117647081613540649e-01 4.784313738346099854e-01
2.117647081613540649e-01 4.784313738346099854e-01 3.686274588108062744e-01 4.784313738346099854e-01
3.686274588108062744e-01 4.784313738346099854e-01 3.686274588108062744e-01 3.686274588108062744e-01
3.686274588108062744e-01 3.686274588108062744e-01 3.686274588108062744e-01 3.686274588108062744e-01
5.529412031173706055e-01 5.725490450859069824e-01 6.509804129600524902e-01 5.725490450859069824e-01
6.509804129600524902e-01 5.725490450859069824e-01 6.509804129600524902e-01 4.823529422283172607e-01
6.509804129600524902e-01 4.823529422283172607e-01 6.509804129600524902e-01 3.686274588108062744e-01
6.509804129600524902e-01 3.686274588108062744e-01 5.529412031173706055e-01 3.686274588108062744e-01
5.529412031173706055e-01 3.686274588108062744e-01 3.686274588108062744e-01 3.686274588108062744e-01
3.686274588108062744e-01 3.686274588108062744e-01 3.686274588108062744e-01 4.784313738346099854e-01
3.686274588108062744e-01 4.784313738346099854e-01 2.117647081613540649e-01 4.784313738346099854e-01
2.117647081613540649e-01 4.784313738346099854e-01 2.117647081613540649e-01 7.764706015586853027e-01
2.117647081613540649e-01 7.764706015586853027e-01 3.411764800548553467e-01 7.764706015586853027e-01
3.411764800548553467e-01 7.764706015586853027e-01 5.529412031173706055e-01 7.764706015586853027e-01
5.529412031173706055e-01 7.764706015586853027e-01 5.529412031173706055e-01 5.725490450859069824e-01
5.529412031173706055e-01 5.725490450859069824e-01 5.529412031173706055e-01 5.725490450859069824e-01
5.529412031173706055e-01 1.490196138620376587e-01 3.686274588108062744e-01 1.490196138620376587e-01
3.686274588108062744e-01 1.490196138620376587e-01 3.686274588108062744e-01 2.549019753932952881e-01
3.686274588108062744e-01 2.549019753932952881e-01 3.686274588108062744e-01 3.686274588108062744e-01
3.686274588108062744e-01 3.686274588108062744e-01 5.529412031173706055e-01 3.686274588108062744e-01
5.529412031173706055e-01 3.686274588108062744e-01 5.529412031173706055e-01 1.490196138620376587e-01
5.529412031173706055e-01 1.490196138620376587e-01 5.529412031173706055e-01 1.490196138620376587e-01
