2.352941185235977173e-01 5.686274766921997070e-01 2.823529541492462158e-01 5.686274766921997070e-01
2.823529541492462158e-01 5.686274766921997070e-01 2.823529541492462158e-01 5.098039507865905762e-01
2.823529541492462158e-01 5.098039507865905762e-01 5.137255191802978516e-01 5.098039507865905762e-01
5.137255191802978516e-01 5.098039507865905762e-01 5.137255191802978516e-01 5.686274766921997070e-01
5.137255191802978516e-01 5.686274766921997070e-01 6.196078658103942871e-01 5.686274766921997070e-01
6.196078658103942871e-01 5.686274766921997070e-01 6.196078658103942871e-01 5.098039507865905762e-01
6.196078658103942871e-01 5.098039507865905762e-01 6.862745285034179688e-01 5.098039507865905762e-01
6.862745285034179688e-01 5.098039507865905762e-01 6.862745285034179688e-01 2.980392277240753174e-01
6.862745285034179688e-01 2.980392277240753174e-01 2.352941185235977173e-01 2.980392277240753174e-01
2.352941185235977173e-01 2.980392277240753174e-01 2.352941185235977173e-01 5.686274766921997070e-01
2.352941185235977173e-01 5.686274766921997070e-01 2.352941185235977173e-01 5.686274766921997070e-01
5.137255191802978516e-01 5.686274766921997070e-01 5.137255191802978516e-01 5.098039507865905762e-01
5.137255191802978516e-01 5.098039507865905762e-01 2.823529541492462158e-01 5.098039507865905762e-01
2.823529541492462158e-01 5.098039507865905762e-01 2.823529541492462158e-01 5.686274766921997070e-01
2.823529541492462158e-01 5.686274766921997070e-01 2.823529541492462158e-01 7.058823704719543457e-01
2.823529541492462158e-01 7.058823704719543457e-01 5.137255191802978516e-01 7.058823704719543457e-01
5.137255191802978516e-01 7.058823704719543457e-01 5.137255191802978516e-01 5.686274766921997070e-01
5.137255191802978516e-01 5.686274766921997070e-01 5.137255191802978516e-01 5.686274766921997070e-01
6.196078658103942871e-01 5.686274766921997070e-01 5.137255191802978516e-01 5.686274766921997070e-01
5.137255191802978516e-01 5.686274766921997070e-01 5.137255191802978516e-01 7.058823704719543457e-01
5.137255191802978516e-01 7.058823704719543457e-01 6.196078658103942871e-01 7.058823704719543457e-01
6.196078658103942871e-01 7.058823704719543457e-01 6.196078658103942871e-01 6.549019813537597656e-01
6.196078658103942871e-01 6.549019813537597656e-01 6.196078658103942871e-01 5.686274766921997070e-01
6.196078658103942871e-01 5.686274766921997070e-01 6.196078658103942871e-01 5.686274766921997070e-01
6.862745285034179688e-01 5.098039507865905762e-01 6.196078658103942871e-01 5.098039507865905762e-01
6.196078658103942871e-01 5.098039507865905762e-01 6.196078658103942871e-01 5.686274766921997070e-01
6.196078658103942871e-01 5.686274766921997070e-01 6.196078658103942871e-01 6.549019813537597656e-01
6.196078658103942871e-01 6.549019813537597656e-01 7.686274647712707520e-01 6.549019813537597656e-01
7.686274647712707520e-01 6.549019813537597656e-01 7.686274647712707520e-01 5.098039507865905762e-01
7.686274647712707520e-01 5.098039507865905762e-01 6.862745285034179688e-01 5.098039507865905762e-01
6.862745285034179688e-01 5.098039507865905762e-01 6.862745285034179688e-01 5.098039507865905762e-01
