4.196078479290008545e-01 4.627451002597808838e-01 4.862745106220245361e-01 4.627451002597808838e-01
4.862745106220245361e-01 4.627451002597808838e-01 4.862745106220245361e-01 5.176470875740051270e-01
4.862745106220245361e-01 5.176470875740051270e-01 5.843137502670288086e-01 5.176470875740051270e-01
5.843137502670288086e-01 5.176470875740051270e-01 6.862745285034179688e-01 5.176470875740051270e-01
6.862745285034179688e-01 5.176470875740051270e-01 6.862745285034179688e-01 3.137255012989044189e-01
6.862745285034179688e-01 3.137255012989044189e-01 4.196078479290008545e-01 3.137255012989044189e-01
4.196078479290008545e-01 3.137255012989044189e-01 4.196078479290008545e-01 4.627451002597808838e-01
4.196078479290008545e-01 4.627451002597808838e-01 4.196078479290008545e-01 4.627451002597808838e-01
3.411764800548553467e-01 4.627451002597808838e-01 4.196078479290008545e-01 4.627451002597808838e-01
4.196078479290008545e-01 4.627451002597808838e-01 4.196078479290008545e-01 3.137255012989044189e-01
4.196078479290008545e-01 3.137255012989044189e-01 3.411764800548553467e-01 3.137255012989044189e-01
3.411764800548553467e-01 3.137255012989044189e-01 3.411764800548553467e-01 4.627451002597808838e-01
3.411764800548553467e-01 4.627451002597808838e-01 3.411764800548553467e-01 4.627451002597808838e-01
4.196078479290008545e-01 4.627451002597808838e-01 3.411764800548553467e-01 4.627451002597808838e-01
3.411764800548553467e-01 4.627451002597808838e-01 3.411764800548553467e-01 6.078431606292724609e-01
3.411764800548553467e-01 6.078431606292724609e-01 4.862745106220245361e-01 6.078431606292724609e-01
4.862745106220245361e-01 6.078431606292724609e-01 4.862745106220245361e-01 5.176470875740051270e-01
4.862745106220245361e-01 5.176470875740051270e-01 4.862745106220245361e-01 4.627451002597808838e-01
4.862745106220245361e-01 4.627451002597808838e-01 4.196078479290008545e-01 4.627451002597808838e-01
4.196078479290008545e-01 4.627451002597808838e-01 4.196078479290008545e-01 4.627451002597808838e-01
4.862745106220245361e-01 6.078431606292724609e-01 5.843137502670288086e-01 6.078431606292724609e-01
5.843137502670288086e-01 6.078431606292724609e-01 5.843137502670288086e-01 5.176470875740051270e-01
5.843137502670288086e-01 5.176470875740051270e-01 4.862745106220245361e-01 5.176470875740051270e-01
4.862745106220245361e-01 5.176470875740051270e-01 4.862745106220245361e-01 6.078431606292724609e-01
4.862745106220245361e-01 6.078431606292724609e-01 4.862745106220245361e-01 6.078431606292724609e-01
6.862745285034179688e-01 5.176470875740051270e-01 5.843137502670288086e-01 5.176470875740051270e-01
5.843137502670288086e-01 5.176470875740051270e-01 5.843137502670288086e-01 6.078431606292724609e-01
5.843137502670288086e-01 6.078431606292724609e-01 5.843137502670288086e-01 6.901960968971252441e-01
5.843137502670288086e-01 6.901960968971252441e-01 6.862745285034179688e-01 6.901960968971252441e-01
6.862745285034179688e-01 6.901960968971252441e-01 6.862745285034179688e-01 5.176470875740051270e-01
6.862745285034179688e-01 5.176470875740051270e-01 6.862745285034179688e-01 5.176470875740051270e-01
