2.196078449487686157e-01 5.607843399047851562e-01 3.176470696926116943e-01 5.607843399047851562e-01
3.176470696926116943e-01 5.607843399047851562e-01 4.431372582912445068e-01 5.607843399047851562e-01
4.431372582912445068e-01 5.607843399047851562e-01 5.607843399047851562e-01 5.607843399047851562e-01
5.607843399047851562e-01 5.607843399047851562e-01 5.607843399047851562e-01 3.764705955982208252e-01
5.607843399047851562e-01 3.764705955982208252e-01 2.196078449487686157e-01 3.764705955982208252e-01
2.196078449487686157e-01 3.764705955982208252e-01 2.196078449487686157e-01 5.607843399047851562e-01
2.196078449487686157e-01 5.607843399047851562e-01 2.196078449487686157e-01 5.607843399047851562e-01
4.431372582912445068e-01 5.607843399047851562e-01 3.176470696926116943e-01 5.607843399047851562e-01
3.176470696926116943e-01 5.607843399047851562e-01 3.176470696926116943e-01 6.235294342041015625e-01
3.176470696926116943e-01 6.235294342041015625e-01 4.431372582912445068e-01 6.235294342041015625e-01
4.431372582912445068e-01 6.235294342041015625e-01 4.431372582912445068e-01 5.607843399047851562e-01
4.431372582912445068e-01 5.607843399047851562e-01 4.431372582912445068e-01 5.607843399047851562e-01
5.607843399047851562e-01 5.607843399047851562e-01 7.294117808341979980e-01 5.607843399047851562e-01
7.294117808341979980e-01 5.607843399047851562e-01 7.294117808341979980e-01 3.764705955982208252e-01
7.294117808341979980e-01 3.764705955982208252e-01 5.607843399047851562e-01 3.764705955982208252e-01
5.607843399047851562e-01 3.764705955982208252e-01 5.607843399047851562e-01 5.607843399047851562e-01
5.607843399047851562e-01 5.607843399047851562e-01 5.607843399047851562e-01 5.607843399047851562e-01
7.294117808341979980e-01 5.607843399047851562e-01 7.843137383460998535e-01 5.607843399047851562e-01
7.843137383460998535e-01 5.607843399047851562e-01 7.843137383460998535e-01 3.764705955982208252e-01
7.843137383460998535e-01 3.764705955982208252e-01 7.294117808341979980e-01 3.764705955982208252e-01
7.294117808341979980e-01 3.764705955982208252e-01 7.294117808341979980e-01 5.607843399047851562e-01
7.294117808341979980e-01 5.607843399047851562e-01 7.294117808341979980e-01 5.607843399047851562e-01
