7.568627595901489258e-01 3.803921639919281006e-01 6.235294342041015625e-01 3.803921639919281006e-01
6.235294342041015625e-01 3.803921639919281006e-01 6.235294342041015625e-01 4.705882370471954346e-01
6.235294342041015625e-01 4.705882370471954346e-01 7.568627595901489258e-01 4.705882370471954346e-01
7.568627595901489258e-01 4.705882370471954346e-01 7.568627595901489258e-01 3.803921639919281006e-01
7.568627595901489258e-01 3.803921639919281006e-01 7.568627595901489258e-01 3.803921639919281006e-01
2.431372553110122681e-01 5.372549295425415039e-01 3.176470696926116943e-01 5.372549295425415039e-01
3.176470696926116943e-01 5.372549295425415039e-01 3.176470696926116943e-01 3.372549116611480713e-01
3.176470696926116943e-01 3.372549116611480713e-01 2.431372553110122681e-01 3.372549116611480713e-01
2.431372553110122681e-01 3.372549116611480713e-01 2.431372553110122681e-01 5.372549295425415039e-01
2.431372553110122681e-01 5.372549295425415039e-01 2.431372553110122681e-01 5.372549295425415039e-01
3.176470696926116943e-01 5.372549295425415039e-01 2.431372553110122681e-01 5.372549295425415039e-01
2.431372553110122681e-01 5.372549295425415039e-01 2.431372553110122681e-01 7.176470756530761719e-01
2.431372553110122681e-01 7.176470756530761719e-01 5.019608139991760254e-01 7.176470756530761719e-01
5.019608139991760254e-01 7.176470756530761719e-01 5.019608139991760254e-01 6.509804129600524902e-01
5.019608139991760254e-01 6.509804129600524902e-01 5.019608139991760254e-01 5.372549295425415039e-01
5.019608139991760254e-01 5.372549295425415039e-01 3.176470696926116943e-01 5.372549295425415039e-01
3.176470696926116943e-01 5.372549295425415039e-01 3.176470696926116943e-01 5.372549295425415039e-01
3.176470696926116943e-01 5.372549295425415039e-01 5.019608139991760254e-01 5.372549295425415039e-01
5.019608139991760254e-01 5.372549295425415039e-01 5.019608139991760254e-01 4.705882370471954346e-01
5.019608139991760254e-01 4.705882370471954346e-01 5.019608139991760254e-01 3.372549116611480713e-01
5.019608139991760254e-01 3.372549116611480713e-01 3.176470696926116943e-01 3.372549116611480713e-01
3.176470696926116943e-01 3.372549116611480713e-01 3.176470696926116943e-01 5.372549295425415039e-01
3.176470696926116943e-01 5.372549295425415039e-01 3.176470696926116943e-01 5.372549295425415039e-01
5.019608139991760254e-01 4.705882370471954346e-01 5.019608139991760254e-01 5.372549295425415039e-01
5.019608139991760254e-01 5.372549295425415039e-01 5.019608139991760254e-01 6.509804129600524902e-01
5.019608139991760254e-01 6.509804129600524902e-01 7.568627595901489258e-01 6.509804129600524902e-01
7.568627595901489258e-01 6.509804129600524902e-01 7.568627595901489258e-01 4.705882370471954346e-01
7.568627595901489258e-01 4.705882370471954346e-01 6.235294342041015625e-01 4.705882370471954346e-01
6.235294342041015625e-01 4.705882370471954346e-01 5.019608139991760254e-01 4.705882370471954346e-01
5.019608139991760254e-01 4.705882370471954346e-01 5.019608139991760254e-01 4.705882370471954346e-01
5.019608139991760254e-01 2.823529541492462158e-01 5.019608139991760254e-01 3.372549116611480713e-01
5.019608139991760254e-01 3.372549116611480713e-01 5.019608139991760254e-01 4.705882370471954346e-01
5.019608139991760254e-01 4.705882370471954346e-01 6.235294342041015625e-01 4.705882370471954346e-01
6.235294342041015625e-01 4.705882370471954346e-01 6.235294342041015625e-01 3.803921639919281006e-01
6.235294342041015625e-01 3.803921639919281006e-01 6.235294342041015625e-01 2.823529541492462158e-01
6.235294342041015625e-01 2.823529541492462158e-01 5.019608139991760254e-01 2.823529541492462158e-01
5.019608139991760254e-01 2.823529541492462158e-01 5.019608139991760254e-01 2.823529541492462158e-01
