3.725490272045135498e-01 5.411764979362487793e-01 2.901960909366607666e-01 5.411764979362487793e-01
2.901960909366607666e-01 5.411764979362487793e-01 2.901960909366607666e-01 6.823529601097106934e-01
2.901960909366607666e-01 6.823529601097106934e-01 3.725490272045135498e-01 6.823529601097106934e-01
3.725490272045135498e-01 6.823529601097106934e-01 3.725490272045135498e-01 5.411764979362487793e-01
3.725490272045135498e-01 5.411764979362487793e-01 3.725490272045135498e-01 5.411764979362487793e-01
2.901960909366607666e-01 5.411764979362487793e-01 3.725490272045135498e-01 5.411764979362487793e-01
3.725490272045135498e-01 5.411764979362487793e-01 4.313725531101226807e-01 5.411764979362487793e-01
4.313725531101226807e-01 5.411764979362487793e-01 4.313725531101226807e-01 3.176470696926116943e-01
4.313725531101226807e-01 3.176470696926116943e-01 3.725490272045135498e-01 3.176470696926116943e-01
3.725490272045135498e-01 3.176470696926116943e-01 2.901960909366607666e-01 3.176470696926116943e-01
2.901960909366607666e-01 3.176470696926116943e-01 2.901960909366607666e-01 5.411764979362487793e-01
2.901960909366607666e-01 5.411764979362487793e-01 2.901960909366607666e-01 5.411764979362487793e-01
4.313725531101226807e-01 5.411764979362487793e-01 3.725490272045135498e-01 5.411764979362487793e-01
3.725490272045135498e-01 5.411764979362487793e-01 3.725490272045135498e-01 6.823529601097106934e-01
3.725490272045135498e-01 6.823529601097106934e-01 5.333333611488342285e-01 6.823529601097106934e-01
5.333333611488342285e-01 6.823529601097106934e-01 5.333333611488342285e-01 3.882353007793426514e-01
5.333333611488342285e-01 3.882353007793426514e-01 5.333333611488342285e-01 3.176470696926116943e-01
5.333333611488342285e-01 3.176470696926116943e-01 4.313725531101226807e-01 3.176470696926116943e-01
4.313725531101226807e-01 3.176470696926116943e-01 4.313725531101226807e-01 5.411764979362487793e-01
4.313725531101226807e-01 5.411764979362487793e-01 4.313725531101226807e-01 5.411764979362487793e-01
5.333333611488342285e-01 6.823529601097106934e-01 7.137255072593688965e-01 6.823529601097106934e-01
7.137255072593688965e-01 6.823529601097106934e-01 7.137255072593688965e-01 3.882353007793426514e-01
7.137255072593688965e-01 3.882353007793426514e-01 5.333333611488342285e-01 3.882353007793426514e-01
5.333333611488342285e-01 3.882353007793426514e-01 5.333333611488342285e-01 6.823529601097106934e-01
5.333333611488342285e-01 6.823529601097106934e-01 5.333333611488342285e-01 6.823529601097106934e-01
7.137255072593688965e-01 3.176470696926116943e-01 5.333333611488342285e-01 3.176470696926116943e-01
5.333333611488342285e-01 3.176470696926116943e-01 5.333333611488342285e-01 3.882353007793426514e-01
5.333333611488342285e-01 3.882353007793426514e-01 7.137255072593688965e-01 3.882353007793426514e-01
7.137255072593688965e-01 3.882353007793426514e-01 7.137255072593688965e-01 3.176470696926116943e-01
7.137255072593688965e-01 3.176470696926116943e-01 7.137255072593688965e-01 3.176470696926116943e-01
