4.705882370471954346e-01 3.843137323856353760e-01 5.568627715110778809e-01 3.843137323856353760e-01
5.568627715110778809e-01 3.843137323856353760e-01 5.568627715110778809e-01 2.666666805744171143e-01
5.568627715110778809e-01 2.666666805744171143e-01 2.784313857555389404e-01 2.666666805744171143e-01
2.784313857555389404e-01 2.666666805744171143e-01 2.784313857555389404e-01 6.352941393852233887e-01
2.784313857555389404e-01 6.352941393852233887e-01 3.843137323856353760e-01 6.352941393852233887e-01
3.843137323856353760e-01 6.352941393852233887e-01 3.843137323856353760e-01 5.176470875740051270e-01
3.843137323856353760e-01 5.176470875740051270e-01 4.705882370471954346e-01 5.176470875740051270e-01
4.705882370471954346e-01 5.176470875740051270e-01 4.705882370471954346e-01 3.843137323856353760e-01
4.705882370471954346e-01 3.843137323856353760e-01 4.705882370471954346e-01 3.843137323856353760e-01
5.568627715110778809e-01 3.843137323856353760e-01 4.705882370471954346e-01 3.843137323856353760e-01
4.705882370471954346e-01 3.843137323856353760e-01 4.705882370471954346e-01 5.176470875740051270e-01
4.705882370471954346e-01 5.176470875740051270e-01 5.568627715110778809e-01 5.176470875740051270e-01
5.568627715110778809e-01 5.176470875740051270e-01 5.568627715110778809e-01 3.843137323856353760e-01
5.568627715110778809e-01 3.843137323856353760e-01 5.568627715110778809e-01 3.843137323856353760e-01
7.254902124404907227e-01 3.843137323856353760e-01 5.568627715110778809e-01 3.843137323856353760e-01
5.568627715110778809e-01 3.843137323856353760e-01 5.568627715110778809e-01 5.176470875740051270e-01
5.568627715110778809e-01 5.176470875740051270e-01 5.568627715110778809e-01 5.529412031173706055e-01
5.568627715110778809e-01 5.529412031173706055e-01 7.254902124404907227e-01 5.529412031173706055e-01
7.254902124404907227e-01 5.529412031173706055e-01 7.254902124404907227e-01 3.843137323856353760e-01
7.254902124404907227e-01 3.843137323856353760e-01 7.254902124404907227e-01 3.843137323856353760e-01
5.568627715110778809e-01 3.843137323856353760e-01 7.254902124404907227e-01 3.843137323856353760e-01
7.254902124404907227e-01 3.843137323856353760e-01 7.254902124404907227e-01 2.666666805744171143e-01
7.254902124404907227e-01 2.666666805744171143e-01 5.568627715110778809e-01 2.666666805744171143e-01
5.568627715110778809e-01 2.666666805744171143e-01 5.568627715110778809e-01 3.843137323856353760e-01
5.568627715110778809e-01 3.843137323856353760e-01 5.568627715110778809e-01 3.843137323856353760e-01
4.705882370471954346e-01 5.176470875740051270e-01 3.843137323856353760e-01 5.176470875740051270e-01
3.843137323856353760e-01 5.176470875740051270e-01 3.843137323856353760e-01 6.352941393852233887e-01
3.843137323856353760e-01 6.352941393852233887e-01 3.843137323856353760e-01 7.372549176216125488e-01
3.843137323856353760e-01 7.372549176216125488e-01 5.568627715110778809e-01 7.372549176216125488e-01
5.568627715110778809e-01 7.372549176216125488e-01 5.568627715110778809e-01 6.352941393852233887e-01
5.568627715110778809e-01 6.352941393852233887e-01 5.568627715110778809e-01 5.529412031173706055e-01
5.568627715110778809e-01 5.529412031173706055e-01 5.568627715110778809e-01 5.176470875740051270e-01
5.568627715110778809e-01 5.176470875740051270e-01 4.705882370471954346e-01 5.176470875740051270e-01
4.705882370471954346e-01 5.176470875740051270e-01 4.705882370471954346e-01 5.176470875740051270e-01
