5.333333611488342285e-01 2.039215713739395142e-01 4.117647111415863037e-01 2.039215713739395142e-01
4.117647111415863037e-01 2.039215713739395142e-01 4.117647111415863037e-01 2.392156869173049927e-01
4.117647111415863037e-01 2.392156869173049927e-01 4.117647111415863037e-01 3.450980484485626221e-01
4.117647111415863037e-01 3.450980484485626221e-01 5.333333611488342285e-01 3.450980484485626221e-01
5.333333611488342285e-01 3.450980484485626221e-01 5.333333611488342285e-01 2.392156869173049927e-01
5.333333611488342285e-01 2.392156869173049927e-01 5.333333611488342285e-01 2.039215713739395142e-01
5.333333611488342285e-01 2.039215713739395142e-01 5.333333611488342285e-01 2.039215713739395142e-01
3.490196168422698975e-01 5.176470875740051270e-01 4.117647111415863037e-01 5.176470875740051270e-01
4.117647111415863037e-01 5.176470875740051270e-01 5.411764979362487793e-01 5.176470875740051270e-01
5.411764979362487793e-01 5.176470875740051270e-01 5.411764979362487793e-01 4.196078479290008545e-01
5.411764979362487793e-01 4.196078479290008545e-01 4.117647111415863037e-01 4.196078479290008545e-01
4.117647111415863037e-01 4.196078479290008545e-01 3.490196168422698975e-01 4.196078479290008545e-01
3.490196168422698975e-01 4.196078479290008545e-01 3.490196168422698975e-01 5.176470875740051270e-01
3.490196168422698975e-01 5.176470875740051270e-01 3.490196168422698975e-01 5.176470875740051270e-01
4.117647111415863037e-01 5.176470875740051270e-01 3.490196168422698975e-01 5.176470875740051270e-01
3.490196168422698975e-01 5.176470875740051270e-01 3.490196168422698975e-01 7.215686440467834473e-01
3.490196168422698975e-01 7.215686440467834473e-01 4.117647111415863037e-01 7.215686440467834473e-01
4.117647111415863037e-01 7.215686440467834473e-01 5.411764979362487793e-01 7.215686440467834473e-01
5.411764979362487793e-01 7.215686440467834473e-01 5.411764979362487793e-01 5.176470875740051270e-01
5.411764979362487793e-01 5.176470875740051270e-01 4.117647111415863037e-01 5.176470875740051270e-01
4.117647111415863037e-01 5.176470875740051270e-01 4.117647111415863037e-01 5.176470875740051270e-01
4.117647111415863037e-01 2.039215713739395142e-01 2.627451121807098389e-01 2.039215713739395142e-01
2.627451121807098389e-01 2.039215713739395142e-01 2.627451121807098389e-01 4.196078479290008545e-01
2.627451121807098389e-01 4.196078479290008545e-01 3.490196168422698975e-01 4.196078479290008545e-01
3.490196168422698975e-01 4.196078479290008545e-01 4.117647111415863037e-01 4.196078479290008545e-01
4.117647111415863037e-01 4.196078479290008545e-01 4.117647111415863037e-01 3.450980484485626221e-01
4.117647111415863037e-01 3.450980484485626221e-01 4.117647111415863037e-01 2.392156869173049927e-01
4.117647111415863037e-01 2.392156869173049927e-01 4.117647111415863037e-01 2.039215713739395142e-01
4.117647111415863037e-01 2.039215713739395142e-01 4.117647111415863037e-01 2.039215713739395142e-01
5.411764979362487793e-01 7.215686440467834473e-01 7.411764860153198242e-01 7.215686440467834473e-01
7.411764860153198242e-01 7.215686440467834473e-01 7.411764860153198242e-01 2.392156869173049927e-01
7.411764860153198242e-01 2.392156869173049927e-01 5.333333611488342285e-01 2.392156869173049927e-01
5.333333611488342285e-01 2.392156869173049927e-01 5.333333611488342285e-01 3.450980484485626221e-01
5.333333611488342285e-01 3.450980484485626221e-01 4.117647111415863037e-01 3.450980484485626221e-01
4.117647111415863037e-01 3.450980484485626221e-01 4.117647111415863037e-01 4.196078479290008545e-01
4.117647111415863037e-01 4.196078479290008545e-01 5.411764979362487793e-01 4.196078479290008545e-01
5.411764979362487793e-01 4.196078479290008545e-01 5.411764979362487793e-01 5.176470875740051270e-01
5.411764979362487793e-01 5.176470875740051270e-01 5.411764979362487793e-01 7.215686440467834473e-01
5.411764979362487793e-01 7.215686440467834473e-01 5.411764979362487793e-01 7.215686440467834473e-01
7.411764860153198242e-01 7.215686440467834473e-01 5.411764979362487793e-01 7.215686440467834473e-01
5.411764979362487793e-01 7.215686440467834473e-01 5.411764979362487793e-01 8.000000119209289551e-01
5.411764979362487793e-01 8.000000119209289551e-01 7.411764860153198242e-01 8.000000119209289551e-01
7.411764860153198242e-01 8.000000119209289551e-01 7.411764860153198242e-01 7.215686440467834473e-01
7.411764860153198242e-01 7.215686440467834473e-01 7.411764860153198242e-01 7.215686440467834473e-01
