4.666666686534881592e-01 4.117647111415863037e-01 3.137255012989044189e-01 4.117647111415863037e-01
3.137255012989044189e-01 4.117647111415863037e-01 3.137255012989044189e-01 4.980392158031463623e-01
3.137255012989044189e-01 4.980392158031463623e-01 3.137255012989044189e-01 5.647059082984924316e-01
3.137255012989044189e-01 5.647059082984924316e-01 4.666666686534881592e-01 5.647059082984924316e-01
4.666666686534881592e-01 5.647059082984924316e-01 4.666666686534881592e-01 4.117647111415863037e-01
4.666666686534881592e-01 4.117647111415863037e-01 4.666666686534881592e-01 4.117647111415863037e-01
6.941176652908325195e-01 5.647059082984924316e-01 6.941176652908325195e-01 7.529411911964416504e-01
6.941176652908325195e-01 7.529411911964416504e-01 7.803921699523925781e-01 7.529411911964416504e-01
7.803921699523925781e-01 7.529411911964416504e-01 7.803921699523925781e-01 5.647059082984924316e-01
7.803921699523925781e-01 5.647059082984924316e-01 6.941176652908325195e-01 5.647059082984924316e-01
6.941176652908325195e-01 5.647059082984924316e-01 6.941176652908325195e-01 5.647059082984924316e-01
6.941176652908325195e-01 2.509804069995880127e-01 4.666666686534881592e-01 2.509804069995880127e-01
4.666666686534881592e-01 2.509804069995880127e-01 4.666666686534881592e-01 3.490196168422698975e-01
4.666666686534881592e-01 3.490196168422698975e-01 4.666666686534881592e-01 4.117647111415863037e-01
4.666666686534881592e-01 4.117647111415863037e-01 5.058823823928833008e-01 4.117647111415863037e-01
5.058823823928833008e-01 4.117647111415863037e-01 6.941176652908325195e-01 4.117647111415863037e-01
6.941176652908325195e-01 4.117647111415863037e-01 6.941176652908325195e-01 3.490196168422698975e-01
6.941176652908325195e-01 3.490196168422698975e-01 6.941176652908325195e-01 2.509804069995880127e-01
6.941176652908325195e-01 2.509804069995880127e-01 6.941176652908325195e-01 2.509804069995880127e-01
6.941176652908325195e-01 4.117647111415863037e-01 5.058823823928833008e-01 4.117647111415863037e-01
5.058823823928833008e-01 4.117647111415863037e-01 5.058823823928833008e-01 5.647059082984924316e-01
5.058823823928833008e-01 5.647059082984924316e-01 6.941176652908325195e-01 5.647059082984924316e-01
6.941176652908325195e-01 5.647059082984924316e-01 6.941176652908325195e-01 4.117647111415863037e-01
6.941176652908325195e-01 4.117647111415863037e-01 6.941176652908325195e-01 4.117647111415863037e-01
4.666666686534881592e-01 2.509804069995880127e-01 3.137255012989044189e-01 2.509804069995880127e-01
3.137255012989044189e-01 2.509804069995880127e-01 3.137255012989044189e-01 3.490196168422698975e-01
3.137255012989044189e-01 3.490196168422698975e-01 3.137255012989044189e-01 4.117647111415863037e-01
3.137255012989044189e-01 4.117647111415863037e-01 4.666666686534881592e-01 4.117647111415863037e-01
4.666666686534881592e-01 4.117647111415863037e-01 4.666666686534881592e-01 3.490196168422698975e-01
4.666666686534881592e-01 3.490196168422698975e-01 4.666666686534881592e-01 2.509804069995880127e-01
4.666666686534881592e-01 2.509804069995880127e-01 4.666666686534881592e-01 2.509804069995880127e-01
5.058823823928833008e-01 4.117647111415863037e-01 4.666666686534881592e-01 4.117647111415863037e-01
4.666666686534881592e-01 4.117647111415863037e-01 4.666666686534881592e-01 5.647059082984924316e-01
4.666666686534881592e-01 5.647059082984924316e-01 3.137255012989044189e-01 5.647059082984924316e-01
3.137255012989044189e-01 5.647059082984924316e-01 3.137255012989044189e-01 6.431372761726379395e-01
3.137255012989044189e-01 6.431372761726379395e-01 3.137255012989044189e-01 7.529411911964416504e-01
3.137255012989044189e-01 7.529411911964416504e-01 6.941176652908325195e-01 7.529411911964416504e-01
6.941176652908325195e-01 7.529411911964416504e-01 6.941176652908325195e-01 5.647059082984924316e-01
6.941176652908325195e-01 5.647059082984924316e-01 5.058823823928833008e-01 5.647059082984924316e-01
5.058823823928833008e-01 5.647059082984924316e-01 5.058823823928833008e-01 4.117647111415863037e-01
5.058823823928833008e-01 4.117647111415863037e-01 5.058823823928833008e-01 4.117647111415863037e-01
3.137255012989044189e-01 5.647059082984924316e-01 3.137255012989044189e-01 4.980392158031463623e-01
3.137255012989044189e-01 4.980392158031463623e-01 2.235294133424758911e-01 4.980392158031463623e-01
2.235294133424758911e-01 4.980392158031463623e-01 2.235294133424758911e-01 6.431372761726379395e-01
2.235294133424758911e-01 6.431372761726379395e-01 3.137255012989044189e-01 6.431372761726379395e-01
3.137255012989044189e-01 6.431372761726379395e-01 3.137255012989044189e-01 5.647059082984924316e-01
3.137255012989044189e-01 5.647059082984924316e-01 3.137255012989044189e-01 5.647059082984924316e-01
