5.137255191802978516e-01 3.058823645114898682e-01 4.000000059604644775e-01 3.058823645114898682e-01
4.000000059604644775e-01 3.058823645114898682e-01 4.000000059604644775e-01 4.235294163227081299e-01
4.000000059604644775e-01 4.235294163227081299e-01 5.137255191802978516e-01 4.235294163227081299e-01
5.137255191802978516e-01 4.235294163227081299e-01 5.137255191802978516e-01 3.058823645114898682e-01
5.137255191802978516e-01 3.058823645114898682e-01 5.137255191802978516e-01 3.058823645114898682e-01
6.078431606292724609e-01 3.058823645114898682e-01 6.078431606292724609e-01 2.705882489681243896e-01
6.078431606292724609e-01 2.705882489681243896e-01 5.137255191802978516e-01 2.705882489681243896e-01
5.137255191802978516e-01 2.705882489681243896e-01 5.137255191802978516e-01 3.058823645114898682e-01
5.137255191802978516e-01 3.058823645114898682e-01 5.137255191802978516e-01 4.235294163227081299e-01
5.137255191802978516e-01 4.235294163227081299e-01 6.078431606292724609e-01 4.235294163227081299e-01
6.078431606292724609e-01 4.235294163227081299e-01 6.078431606292724609e-01 3.058823645114898682e-01
6.078431606292724609e-01 3.058823645114898682e-01 6.078431606292724609e-01 3.058823645114898682e-01
4.000000059604644775e-01 6.431372761726379395e-01 4.000000059604644775e-01 4.627451002597808838e-01
4.000000059604644775e-01 4.627451002597808838e-01 3.215686380863189697e-01 4.627451002597808838e-01
3.215686380863189697e-01 4.627451002597808838e-01 2.235294133424758911e-01 4.627451002597808838e-01
2.235294133424758911e-01 4.627451002597808838e-01 2.235294133424758911e-01 7.176470756530761719e-01
2.235294133424758911e-01 7.176470756530761719e-01 4.000000059604644775e-01 7.176470756530761719e-01
4.000000059604644775e-01 7.176470756530761719e-01 4.000000059604644775e-01 6.431372761726379395e-01
4.000000059604644775e-01 6.431372761726379395e-01 4.000000059604644775e-01 6.431372761726379395e-01
4.000000059604644775e-01 4.627451002597808838e-01 4.000000059604644775e-01 6.431372761726379395e-01
4.000000059604644775e-01 6.431372761726379395e-01 4.000000059604644775e-01 7.176470756530761719e-01
4.000000059604644775e-01 7.176470756530761719e-01 5.607843399047851562e-01 7.176470756530761719e-01
5.607843399047851562e-01 7.176470756530761719e-01 5.607843399047851562e-01 6.431372761726379395e-01
5.607843399047851562e-01 6.431372761726379395e-01 5.607843399047851562e-01 4.627451002597808838e-01
5.607843399047851562e-01 4.627451002597808838e-01 4.000000059604644775e-01 4.627451002597808838e-01
4.000000059604644775e-01 4.627451002597808838e-01 4.000000059604644775e-01 4.627451002597808838e-01
7.803921699523925781e-01 3.058823645114898682e-01 6.078431606292724609e-01 3.058823645114898682e-01
6.078431606292724609e-01 3.058823645114898682e-01 6.078431606292724609e-01 4.235294163227081299e-01
6.078431606292724609e-01 4.235294163227081299e-01 5.137255191802978516e-01 4.235294163227081299e-01
5.137255191802978516e-01 4.235294163227081299e-01 4.000000059604644775e-01 4.235294163227081299e-01
4.000000059604644775e-01 4.235294163227081299e-01 4.000000059604644775e-01 4.627451002597808838e-01
4.000000059604644775e-01 4.627451002597808838e-01 5.607843399047851562e-01 4.627451002597808838e-01
5.607843399047851562e-01 4.627451002597808838e-01 5.607843399047851562e-01 6.431372761726379395e-01
5.607843399047851562e-01 6.431372761726379395e-01 7.803921699523925781e-01 6.431372761726379395e-01
7.803921699523925781e-01 6.431372761726379395e-01 7.803921699523925781e-01 3.058823645114898682e-01
7.803921699523925781e-01 3.058823645114898682e-01 7.803921699523925781e-01 3.058823645114898682e-01
7.803921699523925781e-01 6.431372761726379395e-01 5.607843399047851562e-01 6.431372761726379395e-01
5.607843399047851562e-01 6.431372761726379395e-01 5.607843399047851562e-01 7.176470756530761719e-01
5.607843399047851562e-01 7.176470756530761719e-01 7.803921699523925781e-01 7.176470756530761719e-01
7.803921699523925781e-01 7.176470756530761719e-01 7.803921699523925781e-01 6.431372761726379395e-01
7.803921699523925781e-01 6.431372761726379395e-01 7.803921699523925781e-01 6.431372761726379395e-01
4.000000059604644775e-01 3.058823645114898682e-01 4.000000059604644775e-01 2.705882489681243896e-01
4.000000059604644775e-01 2.705882489681243896e-01 3.215686380863189697e-01 2.705882489681243896e-01
3.215686380863189697e-01 2.705882489681243896e-01 2.235294133424758911e-01 2.705882489681243896e-01
2.235294133424758911e-01 2.705882489681243896e-01 2.235294133424758911e-01 4.627451002597808838e-01
2.235294133424758911e-01 4.627451002597808838e-01 3.215686380863189697e-01 4.627451002597808838e-01
3.215686380863189697e-01 4.627451002597808838e-01 4.000000059604644775e-01 4.627451002597808838e-01
4.000000059604644775e-01 4.627451002597808838e-01 4.000000059604644775e-01 4.235294163227081299e-01
4.000000059604644775e-01 4.235294163227081299e-01 4.000000059604644775e-01 3.058823645114898682e-01
4.000000059604644775e-01 3.058823645114898682e-01 4.000000059604644775e-01 3.058823645114898682e-01
