4.196078479290008545e-01 6.901960968971252441e-01 5.372549295425415039e-01 6.901960968971252441e-01
5.372549295425415039e-01 6.901960968971252441e-01 5.372549295425415039e-01 6.431372761726379395e-01
5.372549295425415039e-01 6.431372761726379395e-01 5.372549295425415039e-01 5.607843399047851562e-01
5.372549295425415039e-01 5.607843399047851562e-01 4.196078479290008545e-01 5.607843399047851562e-01
4.196078479290008545e-01 5.607843399047851562e-01 4.196078479290008545e-01 6.431372761726379395e-01
4.196078479290008545e-01 6.431372761726379395e-01 4.196078479290008545e-01 6.901960968971252441e-01
4.196078479290008545e-01 6.901960968971252441e-01 4.196078479290008545e-01 6.901960968971252441e-01
3.176470696926116943e-01 6.431372761726379395e-01 3.176470696926116943e-01 5.607843399047851562e-01
3.176470696926116943e-01 5.607843399047851562e-01 1.372549086809158325e-01 5.607843399047851562e-01
1.372549086809158325e-01 5.607843399047851562e-01 1.372549086809158325e-01 6.431372761726379395e-01
1.372549086809158325e-01 6.431372761726379395e-01 1.372549086809158325e-01 6.862745285034179688e-01
1.372549086809158325e-01 6.862745285034179688e-01 3.176470696926116943e-01 6.862745285034179688e-01
3.176470696926116943e-01 6.862745285034179688e-01 3.176470696926116943e-01 6.431372761726379395e-01
3.176470696926116943e-01 6.431372761726379395e-01 3.176470696926116943e-01 6.431372761726379395e-01
7.843137383460998535e-01 4.980392158031463623e-01 5.372549295425415039e-01 4.980392158031463623e-01
5.372549295425415039e-01 4.980392158031463623e-01 5.372549295425415039e-01 5.607843399047851562e-01
5.372549295425415039e-01 5.607843399047851562e-01 5.372549295425415039e-01 6.431372761726379395e-01
5.372549295425415039e-01 6.431372761726379395e-01 5.372549295425415039e-01 6.901960968971252441e-01
5.372549295425415039e-01 6.901960968971252441e-01 7.843137383460998535e-01 6.901960968971252441e-01
7.843137383460998535e-01 6.901960968971252441e-01 7.843137383460998535e-01 4.980392158031463623e-01
7.843137383460998535e-01 4.980392158031463623e-01 7.843137383460998535e-01 4.980392158031463623e-01
5.372549295425415039e-01 4.980392158031463623e-01 7.843137383460998535e-01 4.980392158031463623e-01
7.843137383460998535e-01 4.980392158031463623e-01 7.843137383460998535e-01 3.137255012989044189e-01
7.843137383460998535e-01 3.137255012989044189e-01 5.372549295425415039e-01 3.137255012989044189e-01
5.372549295425415039e-01 3.137255012989044189e-01 5.372549295425415039e-01 4.980392158031463623e-01
5.372549295425415039e-01 4.980392158031463623e-01 5.372549295425415039e-01 4.980392158031463623e-01
5.372549295425415039e-01 4.980392158031463623e-01 5.372549295425415039e-01 3.137255012989044189e-01
5.372549295425415039e-01 3.137255012989044189e-01 1.372549086809158325e-01 3.137255012989044189e-01
1.372549086809158325e-01 3.137255012989044189e-01 1.372549086809158325e-01 5.607843399047851562e-01
1.372549086809158325e-01 5.607843399047851562e-01 3.176470696926116943e-01 5.607843399047851562e-01
3.176470696926116943e-01 5.607843399047851562e-01 3.176470696926116943e-01 6.431372761726379395e-01
3.176470696926116943e-01 6.431372761726379395e-01 4.196078479290008545e-01 6.431372761726379395e-01
4.196078479290008545e-01 6.431372761726379395e-01 4.196078479290008545e-01 5.607843399047851562e-01
4.196078479290008545e-01 5.607843399047851562e-01 5.372549295425415039e-01 5.607843399047851562e-01
5.372549295425415039e-01 5.607843399047851562e-01 5.372549295425415039e-01 4.980392158031463623e-01
5.372549295425415039e-01 4.980392158031463623e-01 5.372549295425415039e-01 4.980392158031463623e-01
8.666666746139526367e-01 4.980392158031463623e-01 7.843137383460998535e-01 4.980392158031463623e-01
7.843137383460998535e-01 4.980392158031463623e-01 7.843137383460998535e-01 6.901960968971252441e-01
7.843137383460998535e-01 6.901960968971252441e-01 8.666666746139526367e-01 6.901960968971252441e-01
8.666666746139526367e-01 6.901960968971252441e-01 8.666666746139526367e-01 4.980392158031463623e-01
8.666666746139526367e-01 4.980392158031463623e-01 8.666666746139526367e-01 4.980392158031463623e-01
