4.823529422283172607e-01 2.509804069995880127e-01 4.823529422283172607e-01 3.019607961177825928e-01
4.823529422283172607e-01 3.019607961177825928e-01 4.823529422283172607e-01 4.196078479290008545e-01
4.823529422283172607e-01 4.196078479290008545e-01 5.921568870544433594e-01 4.196078479290008545e-01
5.921568870544433594e-01 4.196078479290008545e-01 5.921568870544433594e-01 2.509804069995880127e-01
5.921568870544433594e-01 2.509804069995880127e-01 4.823529422283172607e-01 2.509804069995880127e-01
4.823529422283172607e-01 2.509804069995880127e-01 4.823529422283172607e-01 2.509804069995880127e-01
1.921568661928176880e-01 3.019607961177825928e-01 1.450980454683303833e-01 3.019607961177825928e-01
1.450980454683303833e-01 3.019607961177825928e-01 1.450980454683303833e-01 5.137255191802978516e-01
1.450980454683303833e-01 5.137255191802978516e-01 1.921568661928176880e-01 5.137255191802978516e-01
1.921568661928176880e-01 5.137255191802978516e-01 1.921568661928176880e-01 4.196078479290008545e-01
1.921568661928176880e-01 4.196078479290008545e-01 1.921568661928176880e-01 3.019607961177825928e-01
1.921568661928176880e-01 3.019607961177825928e-01 1.921568661928176880e-01 3.019607961177825928e-01
4.823529422283172607e-01 3.019607961177825928e-01 1.921568661928176880e-01 3.019607961177825928e-01
1.921568661928176880e-01 3.019607961177825928e-01 1.921568661928176880e-01 4.196078479290008545e-01
1.921568661928176880e-01 4.196078479290008545e-01 1.921568661928176880e-01 5.137255191802978516e-01
1.921568661928176880e-01 5.137255191802978516e-01 4.823529422283172607e-01 5.137255191802978516e-01
4.823529422283172607e-01 5.137255191802978516e-01 4.823529422283172607e-01 4.196078479290008545e-01
4.823529422283172607e-01 4.196078479290008545e-01 4.823529422283172607e-01 3.019607961177825928e-01
4.823529422283172607e-01 3.019607961177825928e-01 4.823529422283172607e-01 3.019607961177825928e-01
7.607843279838562012e-01 2.509804069995880127e-01 5.921568870544433594e-01 2.509804069995880127e-01
5.921568870544433594e-01 2.509804069995880127e-01 5.921568870544433594e-01 4.196078479290008545e-01
5.921568870544433594e-01 4.196078479290008545e-01 7.607843279838562012e-01 4.196078479290008545e-01
7.607843279838562012e-01 4.196078479290008545e-01 7.607843279838562012e-01 2.509804069995880127e-01
7.607843279838562012e-01 2.509804069995880127e-01 7.607843279838562012e-01 2.509804069995880127e-01
4.823529422283172607e-01 5.137255191802978516e-01 1.921568661928176880e-01 5.137255191802978516e-01
1.921568661928176880e-01 5.137255191802978516e-01 1.921568661928176880e-01 7.490196228027343750e-01
1.921568661928176880e-01 7.490196228027343750e-01 7.607843279838562012e-01 7.490196228027343750e-01
7.607843279838562012e-01 7.490196228027343750e-01 7.607843279838562012e-01 6.784313917160034180e-01
7.607843279838562012e-01 6.784313917160034180e-01 5.960784554481506348e-01 6.784313917160034180e-01
5.960784554481506348e-01 6.784313917160034180e-01 5.960784554481506348e-01 5.803921818733215332e-01
5.960784554481506348e-01 5.803921818733215332e-01 7.607843279838562012e-01 5.803921818733215332e-01
7.607843279838562012e-01 5.803921818733215332e-01 7.607843279838562012e-01 4.196078479290008545e-01
7.607843279838562012e-01 4.196078479290008545e-01 5.921568870544433594e-01 4.196078479290008545e-01
5.921568870544433594e-01 4.196078479290008545e-01 4.823529422283172607e-01 4.196078479290008545e-01
4.823529422283172607e-01 4.196078479290008545e-01 4.823529422283172607e-01 5.137255191802978516e-01
4.823529422283172607e-01 5.137255191802978516e-01 4.823529422283172607e-01 5.137255191802978516e-01
7.607843279838562012e-01 6.784313917160034180e-01 7.960784435272216797e-01 6.784313917160034180e-01
7.960784435272216797e-01 6.784313917160034180e-01 7.960784435272216797e-01 5.803921818733215332e-01
7.960784435272216797e-01 5.803921818733215332e-01 7.607843279838562012e-01 5.803921818733215332e-01
7.607843279838562012e-01 5.803921818733215332e-01 5.960784554481506348e-01 5.803921818733215332e-01
5.960784554481506348e-01 5.803921818733215332e-01 5.960784554481506348e-01 6.784313917160034180e-01
5.960784554481506348e-01 6.784313917160034180e-01 7.607843279838562012e-01 6.784313917160034180e-01
7.607843279838562012e-01 6.784313917160034180e-01 7.607843279838562012e-01 6.784313917160034180e-01
8.588235378265380859e-01 4.196078479290008545e-01 7.607843279838562012e-01 4.196078479290008545e-01
7.607843279838562012e-01 4.196078479290008545e-01 7.607843279838562012e-01 5.803921818733215332e-01
7.607843279838562012e-01 5.803921818733215332e-01 7.960784435272216797e-01 5.803921818733215332e-01
7.960784435272216797e-01 5.803921818733215332e-01 8.588235378265380859e-01 5.803921818733215332e-01
8.588235378265380859e-01 5.803921818733215332e-01 8.588235378265380859e-01 4.196078479290008545e-01
8.588235378265380859e-01 4.196078479290008545e-01 8.588235378265380859e-01 4.196078479290008545e-01
