6.823529601097106934e-01 4.862745106220245361e-01 6.235294342041015625e-01 4.862745106220245361e-01
6.235294342041015625e-01 4.862745106220245361e-01 6.235294342041015625e-01 5.490196347236633301e-01
6.235294342041015625e-01 5.490196347236633301e-01 6.235294342041015625e-01 5.960784554481506348e-01
6.235294342041015625e-01 5.960784554481506348e-01 7.372549176216125488e-01 5.960784554481506348e-01
7.372549176216125488e-01 5.960784554481506348e-01 7.372549176216125488e-01 5.490196347236633301e-01
7.372549176216125488e-01 5.490196347236633301e-01 7.372549176216125488e-01 4.862745106220245361e-01
7.372549176216125488e-01 4.862745106220245361e-01 6.823529601097106934e-01 4.862745106220245361e-01
6.823529601097106934e-01 4.862745106220245361e-01 6.823529601097106934e-01 4.862745106220245361e-01
7.372549176216125488e-01 7.960784435272216797e-01 5.647059082984924316e-01 7.960784435272216797e-01
5.647059082984924316e-01 7.960784435272216797e-01 5.647059082984924316e-01 8.862745165824890137e-01
5.647059082984924316e-01 8.862745165824890137e-01 7.372549176216125488e-01 8.862745165824890137e-01
7.372549176216125488e-01 8.862745165824890137e-01 7.372549176216125488e-01 7.960784435272216797e-01
7.372549176216125488e-01 7.960784435272216797e-01 7.372549176216125488e-01 7.960784435272216797e-01
6.235294342041015625e-01 5.490196347236633301e-01 5.647059082984924316e-01 5.490196347236633301e-01
5.647059082984924316e-01 5.490196347236633301e-01 5.647059082984924316e-01 7.960784435272216797e-01
5.647059082984924316e-01 7.960784435272216797e-01 7.372549176216125488e-01 7.960784435272216797e-01
7.372549176216125488e-01 7.960784435272216797e-01 7.372549176216125488e-01 5.960784554481506348e-01
7.372549176216125488e-01 5.960784554481506348e-01 6.235294342041015625e-01 5.960784554481506348e-01
6.235294342041015625e-01 5.960784554481506348e-01 6.235294342041015625e-01 5.490196347236633301e-01
6.235294342041015625e-01 5.490196347236633301e-01 6.235294342041015625e-01 5.490196347236633301e-01
4.862745106220245361e-01 1.137254908680915833e-01 3.333333432674407959e-01 1.137254908680915833e-01
3.333333432674407959e-01 1.137254908680915833e-01 3.333333432674407959e-01 2.823529541492462158e-01
3.333333432674407959e-01 2.823529541492462158e-01 3.764705955982208252e-01 2.823529541492462158e-01
3.764705955982208252e-01 2.823529541492462158e-01 4.862745106220245361e-01 2.823529541492462158e-01
4.862745106220245361e-01 2.823529541492462158e-01 4.862745106220245361e-01 2.274509817361831665e-01
4.862745106220245361e-01 2.274509817361831665e-01 4.862745106220245361e-01 1.137254908680915833e-01
4.862745106220245361e-01 1.137254908680915833e-01 4.862745106220245361e-01 1.137254908680915833e-01
3.764705955982208252e-01 5.490196347236633301e-01 5.647059082984924316e-01 5.490196347236633301e-01
5.647059082984924316e-01 5.490196347236633301e-01 6.235294342041015625e-01 5.490196347236633301e-01
6.235294342041015625e-01 5.490196347236633301e-01 6.235294342041015625e-01 4.862745106220245361e-01
6.235294342041015625e-01 4.862745106220245361e-01 6.823529601097106934e-01 4.862745106220245361e-01
6.823529601097106934e-01 4.862745106220245361e-01 6.823529601097106934e-01 2.274509817361831665e-01
6.823529601097106934e-01 2.274509817361831665e-01 4.862745106220245361e-01 2.274509817361831665e-01
4.862745106220245361e-01 2.274509817361831665e-01 4.862745106220245361e-01 2.823529541492462158e-01
4.862745106220245361e-01 2.823529541492462158e-01 4.862745106220245361e-01 3.960784375667572021e-01
4.862745106220245361e-01 3.960784375667572021e-01 3.764705955982208252e-01 3.960784375667572021e-01
3.764705955982208252e-01 3.960784375667572021e-01 3.764705955982208252e-01 5.490196347236633301e-01
3.764705955982208252e-01 5.490196347236633301e-01 3.764705955982208252e-01 5.490196347236633301e-01
3.764705955982208252e-01 2.823529541492462158e-01 3.333333432674407959e-01 2.823529541492462158e-01
3.333333432674407959e-01 2.823529541492462158e-01 3.333333432674407959e-01 3.960784375667572021e-01
3.333333432674407959e-01 3.960784375667572021e-01 3.764705955982208252e-01 3.960784375667572021e-01
3.764705955982208252e-01 3.960784375667572021e-01 4.862745106220245361e-01 3.960784375667572021e-01
4.862745106220245361e-01 3.960784375667572021e-01 4.862745106220245361e-01 2.823529541492462158e-01
4.862745106220245361e-01 2.823529541492462158e-01 3.764705955982208252e-01 2.823529541492462158e-01
3.764705955982208252e-01 2.823529541492462158e-01 3.764705955982208252e-01 2.823529541492462158e-01
3.333333432674407959e-01 2.823529541492462158e-01 2.627451121807098389e-01 2.823529541492462158e-01
2.627451121807098389e-01 2.823529541492462158e-01 2.627451121807098389e-01 3.960784375667572021e-01
2.627451121807098389e-01 3.960784375667572021e-01 3.333333432674407959e-01 3.960784375667572021e-01
3.333333432674407959e-01 3.960784375667572021e-01 3.333333432674407959e-01 2.823529541492462158e-01
3.333333432674407959e-01 2.823529541492462158e-01 3.333333432674407959e-01 2.823529541492462158e-01
