6.235294342041015625e-01 1.921568661928176880e-01 5.333333611488342285e-01 1.921568661928176880e-01
5.333333611488342285e-01 1.921568661928176880e-01 5.333333611488342285e-01 2.745098173618316650e-01
5.333333611488342285e-01 2.745098173618316650e-01 5.333333611488342285e-01 3.294117748737335205e-01
5.333333611488342285e-01 3.294117748737335205e-01 6.235294342041015625e-01 3.294117748737335205e-01
6.235294342041015625e-01 3.294117748737335205e-01 6.235294342041015625e-01 2.745098173618316650e-01
6.235294342041015625e-01 2.745098173618316650e-01 6.235294342041015625e-01 1.921568661928176880e-01
6.235294342041015625e-01 1.921568661928176880e-01 6.235294342041015625e-01 1.921568661928176880e-01
6.235294342041015625e-01 6.352941393852233887e-01 6.235294342041015625e-01 5.764706134796142578e-01
6.235294342041015625e-01 5.764706134796142578e-01 5.333333611488342285e-01 5.764706134796142578e-01
5.333333611488342285e-01 5.764706134796142578e-01 5.333333611488342285e-01 6.352941393852233887e-01
5.333333611488342285e-01 6.352941393852233887e-01 6.235294342041015625e-01 6.352941393852233887e-01
6.235294342041015625e-01 6.352941393852233887e-01 6.235294342041015625e-01 6.352941393852233887e-01
6.235294342041015625e-01 7.411764860153198242e-01 6.235294342041015625e-01 6.352941393852233887e-01
6.235294342041015625e-01 6.352941393852233887e-01 5.333333611488342285e-01 6.352941393852233887e-01
5.333333611488342285e-01 6.352941393852233887e-01 5.333333611488342285e-01 7.411764860153198242e-01
5.333333611488342285e-01 7.411764860153198242e-01 6.235294342041015625e-01 7.411764860153198242e-01
6.235294342041015625e-01 7.411764860153198242e-01 6.235294342041015625e-01 7.411764860153198242e-01
5.333333611488342285e-01 1.921568661928176880e-01 2.862745225429534912e-01 1.921568661928176880e-01
2.862745225429534912e-01 1.921568661928176880e-01 2.862745225429534912e-01 2.745098173618316650e-01
2.862745225429534912e-01 2.745098173618316650e-01 5.333333611488342285e-01 2.745098173618316650e-01
5.333333611488342285e-01 2.745098173618316650e-01 5.333333611488342285e-01 1.921568661928176880e-01
5.333333611488342285e-01 1.921568661928176880e-01 5.333333611488342285e-01 1.921568661928176880e-01
8.235294222831726074e-01 1.921568661928176880e-01 6.235294342041015625e-01 1.921568661928176880e-01
6.235294342041015625e-01 1.921568661928176880e-01 6.235294342041015625e-01 2.745098173618316650e-01
6.235294342041015625e-01 2.745098173618316650e-01 6.235294342041015625e-01 3.294117748737335205e-01
6.235294342041015625e-01 3.294117748737335205e-01 5.333333611488342285e-01 3.294117748737335205e-01
5.333333611488342285e-01 3.294117748737335205e-01 5.333333611488342285e-01 4.941176474094390869e-01
5.333333611488342285e-01 4.941176474094390869e-01 6.235294342041015625e-01 4.941176474094390869e-01
6.235294342041015625e-01 4.941176474094390869e-01 6.235294342041015625e-01 4.039215743541717529e-01
6.235294342041015625e-01 4.039215743541717529e-01 8.235294222831726074e-01 4.039215743541717529e-01
8.235294222831726074e-01 4.039215743541717529e-01 8.235294222831726074e-01 1.921568661928176880e-01
8.235294222831726074e-01 1.921568661928176880e-01 8.235294222831726074e-01 1.921568661928176880e-01
6.235294342041015625e-01 4.039215743541717529e-01 6.235294342041015625e-01 4.941176474094390869e-01
6.235294342041015625e-01 4.941176474094390869e-01 6.235294342041015625e-01 5.764706134796142578e-01
6.235294342041015625e-01 5.764706134796142578e-01 8.235294222831726074e-01 5.764706134796142578e-01
8.235294222831726074e-01 5.764706134796142578e-01 8.235294222831726074e-01 4.941176474094390869e-01
8.235294222831726074e-01 4.941176474094390869e-01 8.235294222831726074e-01 4.039215743541717529e-01
8.235294222831726074e-01 4.039215743541717529e-01 6.235294342041015625e-01 4.039215743541717529e-01
6.235294342041015625e-01 4.039215743541717529e-01 6.235294342041015625e-01 4.039215743541717529e-01
6.235294342041015625e-01 5.764706134796142578e-01 6.235294342041015625e-01 4.941176474094390869e-01
6.235294342041015625e-01 4.941176474094390869e-01 5.333333611488342285e-01 4.941176474094390869e-01
5.333333611488342285e-01 4.941176474094390869e-01 5.333333611488342285e-01 3.294117748737335205e-01
5.333333611488342285e-01 3.294117748737335205e-01 5.333333611488342285e-01 2.745098173618316650e-01
5.333333611488342285e-01 2.745098173618316650e-01 2.862745225429534912e-01 2.745098173618316650e-01
2.862745225429534912e-01 2.745098173618316650e-01 2.862745225429534912e-01 5.294117927551269531e-01
2.862745225429534912e-01 5.294117927551269531e-01 2.862745225429534912e-01 6.117647290229797363e-01
2.862745225429534912e-01 6.117647290229797363e-01 2.862745225429534912e-01 8.117647171020507812e-01
2.862745225429534912e-01 8.117647171020507812e-01 6.235294342041015625e-01 8.117647171020507812e-01
6.235294342041015625e-01 8.117647171020507812e-01 6.235294342041015625e-01 7.411764860153198242e-01
6.235294342041015625e-01 7.411764860153198242e-01 5.333333611488342285e-01 7.411764860153198242e-01
5.333333611488342285e-01 7.411764860153198242e-01 5.333333611488342285e-01 6.352941393852233887e-01
5.333333611488342285e-01 6.352941393852233887e-01 5.333333611488342285e-01 5.764706134796142578e-01
5.333333611488342285e-01 5.764706134796142578e-01 6.235294342041015625e-01 5.764706134796142578e-01
6.235294342041015625e-01 5.764706134796142578e-01 6.235294342041015625e-01 5.764706134796142578e-01
1.803921610116958618e-01 8.117647171020507812e-01 2.862745225429534912e-01 8.117647171020507812e-01
2.862745225429534912e-01 8.117647171020507812e-01 2.862745225429534912e-01 6.117647290229797363e-01
2.862745225429534912e-01 6.117647290229797363e-01 1.803921610116958618e-01 6.117647290229797363e-01
1.803921610116958618e-01 6.117647290229797363e-01 1.803921610116958618e-01 8.117647171020507812e-01
1.803921610116958618e-01 8.117647171020507812e-01 1.803921610116958618e-01 8.117647171020507812e-01
2.862745225429534912e-01 6.117647290229797363e-01 2.862745225429534912e-01 5.294117927551269531e-01
2.862745225429534912e-01 5.294117927551269531e-01 1.803921610116958618e-01 5.294117927551269531e-01
1.803921610116958618e-01 5.294117927551269531e-01 1.803921610116958618e-01 6.117647290229797363e-01
1.803921610116958618e-01 6.117647290229797363e-01 2.862745225429534912e-01 6.117647290229797363e-01
2.862745225429534912e-01 6.117647290229797363e-01 2.862745225429534912e-01 6.117647290229797363e-01
6.235294342041015625e-01 5.764706134796142578e-01 6.235294342041015625e-01 6.352941393852233887e-01
6.235294342041015625e-01 6.352941393852233887e-01 6.235294342041015625e-01 7.411764860153198242e-01
6.235294342041015625e-01 7.411764860153198242e-01 8.235294222831726074e-01 7.411764860153198242e-01
8.235294222831726074e-01 7.411764860153198242e-01 8.235294222831726074e-01 5.764706134796142578e-01
8.235294222831726074e-01 5.764706134796142578e-01 6.235294342041015625e-01 5.764706134796142578e-01
6.235294342041015625e-01 5.764706134796142578e-01 6.235294342041015625e-01 5.764706134796142578e-01
