4.274509847164154053e-01 4.156862795352935791e-01 4.274509847164154053e-01 3.803921639919281006e-01
4.274509847164154053e-01 3.803921639919281006e-01 3.254902064800262451e-01 3.803921639919281006e-01
3.254902064800262451e-01 3.803921639919281006e-01 3.254902064800262451e-01 4.156862795352935791e-01
3.254902064800262451e-01 4.156862795352935791e-01 3.254902064800262451e-01 5.098039507865905762e-01
3.254902064800262451e-01 5.098039507865905762e-01 4.274509847164154053e-01 5.098039507865905762e-01
4.274509847164154053e-01 5.098039507865905762e-01 4.274509847164154053e-01 4.156862795352935791e-01
4.274509847164154053e-01 4.156862795352935791e-01 4.274509847164154053e-01 4.156862795352935791e-01
6.941176652908325195e-01 4.235294163227081299e-01 7.490196228027343750e-01 4.235294163227081299e-01
7.490196228027343750e-01 4.235294163227081299e-01 7.490196228027343750e-01 2.000000029802322388e-01
7.490196228027343750e-01 2.000000029802322388e-01 5.686274766921997070e-01 2.000000029802322388e-01
5.686274766921997070e-01 2.000000029802322388e-01 5.686274766921997070e-01 2.549019753932952881e-01
5.686274766921997070e-01 2.549019753932952881e-01 5.686274766921997070e-01 4.235294163227081299e-01
5.686274766921997070e-01 4.235294163227081299e-01 6.941176652908325195e-01 4.235294163227081299e-01
6.941176652908325195e-01 4.235294163227081299e-01 6.941176652908325195e-01 4.235294163227081299e-01
4.862745106220245361e-01 2.000000029802322388e-01 2.509804069995880127e-01 2.000000029802322388e-01
2.509804069995880127e-01 2.000000029802322388e-01 2.509804069995880127e-01 4.156862795352935791e-01
2.509804069995880127e-01 4.156862795352935791e-01 3.254902064800262451e-01 4.156862795352935791e-01
3.254902064800262451e-01 4.156862795352935791e-01 3.254902064800262451e-01 3.803921639919281006e-01
3.254902064800262451e-01 3.803921639919281006e-01 4.274509847164154053e-01 3.803921639919281006e-01
4.274509847164154053e-01 3.803921639919281006e-01 4.274509847164154053e-01 4.156862795352935791e-01
4.274509847164154053e-01 4.156862795352935791e-01 4.862745106220245361e-01 4.156862795352935791e-01
4.862745106220245361e-01 4.156862795352935791e-01 4.862745106220245361e-01 2.549019753932952881e-01
4.862745106220245361e-01 2.549019753932952881e-01 4.862745106220245361e-01 2.000000029802322388e-01
4.862745106220245361e-01 2.000000029802322388e-01 4.862745106220245361e-01 2.000000029802322388e-01
4.274509847164154053e-01 5.098039507865905762e-01 3.254902064800262451e-01 5.098039507865905762e-01
3.254902064800262451e-01 5.098039507865905762e-01 3.254902064800262451e-01 7.176470756530761719e-01
3.254902064800262451e-01 7.176470756530761719e-01 4.274509847164154053e-01 7.176470756530761719e-01
4.274509847164154053e-01 7.176470756530761719e-01 4.901960790157318115e-01 7.176470756530761719e-01
4.901960790157318115e-01 7.176470756530761719e-01 4.901960790157318115e-01 5.098039507865905762e-01
4.901960790157318115e-01 5.098039507865905762e-01 4.274509847164154053e-01 5.098039507865905762e-01
4.274509847164154053e-01 5.098039507865905762e-01 4.274509847164154053e-01 5.098039507865905762e-01
4.862745106220245361e-01 4.156862795352935791e-01 4.274509847164154053e-01 4.156862795352935791e-01
4.274509847164154053e-01 4.156862795352935791e-01 4.274509847164154053e-01 5.098039507865905762e-01
4.274509847164154053e-01 5.098039507865905762e-01 4.901960790157318115e-01 5.098039507865905762e-01
4.901960790157318115e-01 5.098039507865905762e-01 4.901960790157318115e-01 7.176470756530761719e-01
4.901960790157318115e-01 7.176470756530761719e-01 6.941176652908325195e-01 7.176470756530761719e-01
6.941176652908325195e-01 7.176470756530761719e-01 6.941176652908325195e-01 4.235294163227081299e-01
6.941176652908325195e-01 4.235294163227081299e-01 5.686274766921997070e-01 4.235294163227081299e-01
5.686274766921997070e-01 4.235294163227081299e-01 5.686274766921997070e-01 2.549019753932952881e-01
5.686274766921997070e-01 2.549019753932952881e-01 4.862745106220245361e-01 2.549019753932952881e-01
4.862745106220245361e-01 2.549019753932952881e-01 4.862745106220245361e-01 4.156862795352935791e-01
4.862745106220245361e-01 4.156862795352935791e-01 4.862745106220245361e-01 4.156862795352935791e-01
6.941176652908325195e-01 7.176470756530761719e-01 4.901960790157318115e-01 7.176470756530761719e-01
4.901960790157318115e-01 7.176470756530761719e-01 4.901960790157318115e-01 8.039215803146362305e-01
4.901960790157318115e-01 8.039215803146362305e-01 6.941176652908325195e-01 8.039215803146362305e-01
6.941176652908325195e-01 8.039215803146362305e-01 6.941176652908325195e-01 7.176470756530761719e-01
6.941176652908325195e-01 7.176470756530761719e-01 6.941176652908325195e-01 7.176470756530761719e-01
