4.117647111415863037e-01 3.254902064800262451e-01 2.901960909366607666e-01 3.254902064800262451e-01
2.901960909366607666e-01 3.254902064800262451e-01 2.901960909366607666e-01 4.431372582912445068e-01
2.901960909366607666e-01 4.431372582912445068e-01 4.117647111415863037e-01 4.431372582912445068e-01
4.117647111415863037e-01 4.431372582912445068e-01 4.117647111415863037e-01 3.254902064800262451e-01
4.117647111415863037e-01 3.254902064800262451e-01 4.117647111415863037e-01 3.254902064800262451e-01
2.901960909366607666e-01 2.274509817361831665e-01 2.156862765550613403e-01 2.274509817361831665e-01
2.156862765550613403e-01 2.274509817361831665e-01 2.156862765550613403e-01 3.254902064800262451e-01
2.156862765550613403e-01 3.254902064800262451e-01 2.901960909366607666e-01 3.254902064800262451e-01
2.901960909366607666e-01 3.254902064800262451e-01 4.117647111415863037e-01 3.254902064800262451e-01
4.117647111415863037e-01 3.254902064800262451e-01 4.117647111415863037e-01 2.274509817361831665e-01
4.117647111415863037e-01 2.274509817361831665e-01 2.901960909366607666e-01 2.274509817361831665e-01
2.901960909366607666e-01 2.274509817361831665e-01 2.901960909366607666e-01 2.274509817361831665e-01
5.960784554481506348e-01 4.313725531101226807e-01 5.019608139991760254e-01 4.313725531101226807e-01
5.019608139991760254e-01 4.313725531101226807e-01 5.019608139991760254e-01 6.588235497474670410e-01
5.019608139991760254e-01 6.588235497474670410e-01 5.960784554481506348e-01 6.588235497474670410e-01
5.960784554481506348e-01 6.588235497474670410e-01 6.823529601097106934e-01 6.588235497474670410e-01
6.823529601097106934e-01 6.588235497474670410e-01 6.823529601097106934e-01 5.529412031173706055e-01
6.823529601097106934e-01 5.529412031173706055e-01 6.823529601097106934e-01 4.313725531101226807e-01
6.823529601097106934e-01 4.313725531101226807e-01 5.960784554481506348e-01 4.313725531101226807e-01
5.960784554481506348e-01 4.313725531101226807e-01 5.960784554481506348e-01 4.313725531101226807e-01
5.960784554481506348e-01 4.313725531101226807e-01 6.823529601097106934e-01 4.313725531101226807e-01
6.823529601097106934e-01 4.313725531101226807e-01 7.843137383460998535e-01 4.313725531101226807e-01
7.843137383460998535e-01 4.313725531101226807e-01 7.843137383460998535e-01 2.274509817361831665e-01
7.843137383460998535e-01 2.274509817361831665e-01 5.960784554481506348e-01 2.274509817361831665e-01
5.960784554481506348e-01 2.274509817361831665e-01 5.960784554481506348e-01 4.313725531101226807e-01
5.960784554481506348e-01 4.313725531101226807e-01 5.960784554481506348e-01 4.313725531101226807e-01
5.019608139991760254e-01 4.313725531101226807e-01 5.960784554481506348e-01 4.313725531101226807e-01
5.960784554481506348e-01 4.313725531101226807e-01 5.960784554481506348e-01 2.274509817361831665e-01
5.960784554481506348e-01 2.274509817361831665e-01 4.117647111415863037e-01 2.274509817361831665e-01
4.117647111415863037e-01 2.274509817361831665e-01 4.117647111415863037e-01 3.254902064800262451e-01
4.117647111415863037e-01 3.254902064800262451e-01 4.117647111415863037e-01 4.431372582912445068e-01
4.117647111415863037e-01 4.431372582912445068e-01 2.901960909366607666e-01 4.431372582912445068e-01
2.901960909366607666e-01 4.431372582912445068e-01 2.901960909366607666e-01 6.588235497474670410e-01
2.901960909366607666e-01 6.588235497474670410e-01 5.019608139991760254e-01 6.588235497474670410e-01
5.019608139991760254e-01 6.588235497474670410e-01 5.019608139991760254e-01 4.313725531101226807e-01
5.019608139991760254e-01 4.313725531101226807e-01 5.019608139991760254e-01 4.313725531101226807e-01
5.019608139991760254e-01 6.588235497474670410e-01 2.901960909366607666e-01 6.588235497474670410e-01
2.901960909366607666e-01 6.588235497474670410e-01 2.901960909366607666e-01 7.725490331649780273e-01
2.901960909366607666e-01 7.725490331649780273e-01 5.019608139991760254e-01 7.725490331649780273e-01
5.019608139991760254e-01 7.725490331649780273e-01 5.019608139991760254e-01 6.588235497474670410e-01
5.019608139991760254e-01 6.588235497474670410e-01 5.019608139991760254e-01 6.588235497474670410e-01
7.843137383460998535e-01 4.313725531101226807e-01 6.823529601097106934e-01 4.313725531101226807e-01
6.823529601097106934e-01 4.313725531101226807e-01 6.823529601097106934e-01 5.529412031173706055e-01
6.823529601097106934e-01 5.529412031173706055e-01 7.843137383460998535e-01 5.529412031173706055e-01
7.843137383460998535e-01 5.529412031173706055e-01 7.843137383460998535e-01 4.313725531101226807e-01
7.843137383460998535e-01 4.313725531101226807e-01 7.843137383460998535e-01 4.313725531101226807e-01
