7.803921699523925781e-01 3.098039329051971436e-01 6.392157077789306641e-01 3.098039329051971436e-01
6.392157077789306641e-01 3.098039329051971436e-01 6.392157077789306641e-01 4.117647111415863037e-01
6.392157077789306641e-01 4.117647111415863037e-01 7.176470756530761719e-01 4.117647111415863037e-01
7.176470756530761719e-01 4.117647111415863037e-01 7.803921699523925781e-01 4.117647111415863037e-01
7.803921699523925781e-01 4.117647111415863037e-01 7.803921699523925781e-01 3.098039329051971436e-01
7.803921699523925781e-01 3.098039329051971436e-01 7.803921699523925781e-01 3.098039329051971436e-01
5.647059082984924316e-01 1.450980454683303833e-01 4.901960790157318115e-01 1.450980454683303833e-01
4.901960790157318115e-01 1.450980454683303833e-01 4.901960790157318115e-01 2.039215713739395142e-01
4.901960790157318115e-01 2.039215713739395142e-01 5.647059082984924316e-01 2.039215713739395142e-01
5.647059082984924316e-01 2.039215713739395142e-01 5.647059082984924316e-01 1.450980454683303833e-01
5.647059082984924316e-01 1.450980454683303833e-01 5.647059082984924316e-01 1.450980454683303833e-01
7.803921699523925781e-01 8.549019694328308105e-01 7.803921699523925781e-01 7.490196228027343750e-01
7.803921699523925781e-01 7.490196228027343750e-01 5.921568870544433594e-01 7.490196228027343750e-01
5.921568870544433594e-01 7.490196228027343750e-01 5.921568870544433594e-01 8.549019694328308105e-01
5.921568870544433594e-01 8.549019694328308105e-01 7.803921699523925781e-01 8.549019694328308105e-01
7.803921699523925781e-01 8.549019694328308105e-01 7.803921699523925781e-01 8.549019694328308105e-01
4.901960790157318115e-01 3.098039329051971436e-01 4.901960790157318115e-01 2.039215713739395142e-01
4.901960790157318115e-01 2.039215713739395142e-01 2.549019753932952881e-01 2.039215713739395142e-01
2.549019753932952881e-01 2.039215713739395142e-01 2.549019753932952881e-01 4.039215743541717529e-01
2.549019753932952881e-01 4.039215743541717529e-01 3.019607961177825928e-01 4.039215743541717529e-01
3.019607961177825928e-01 4.039215743541717529e-01 4.901960790157318115e-01 4.039215743541717529e-01
4.901960790157318115e-01 4.039215743541717529e-01 4.901960790157318115e-01 3.098039329051971436e-01
4.901960790157318115e-01 3.098039329051971436e-01 4.901960790157318115e-01 3.098039329051971436e-01
5.647059082984924316e-01 3.098039329051971436e-01 6.392157077789306641e-01 3.098039329051971436e-01
6.392157077789306641e-01 3.098039329051971436e-01 7.803921699523925781e-01 3.098039329051971436e-01
7.803921699523925781e-01 3.098039329051971436e-01 7.803921699523925781e-01 1.450980454683303833e-01
7.803921699523925781e-01 1.450980454683303833e-01 5.647059082984924316e-01 1.450980454683303833e-01
5.647059082984924316e-01 1.450980454683303833e-01 5.647059082984924316e-01 2.039215713739395142e-01
5.647059082984924316e-01 2.039215713739395142e-01 5.647059082984924316e-01 3.098039329051971436e-01
5.647059082984924316e-01 3.098039329051971436e-01 5.647059082984924316e-01 3.098039329051971436e-01
5.647059082984924316e-01 3.098039329051971436e-01 4.901960790157318115e-01 3.098039329051971436e-01
4.901960790157318115e-01 3.098039329051971436e-01 4.901960790157318115e-01 4.039215743541717529e-01
4.901960790157318115e-01 4.039215743541717529e-01 3.019607961177825928e-01 4.039215743541717529e-01
3.019607961177825928e-01 4.039215743541717529e-01 3.019607961177825928e-01 6.392157077789306641e-01
3.019607961177825928e-01 6.392157077789306641e-01 3.019607961177825928e-01 8.549019694328308105e-01
3.019607961177825928e-01 8.549019694328308105e-01 5.921568870544433594e-01 8.549019694328308105e-01
5.921568870544433594e-01 8.549019694328308105e-01 5.921568870544433594e-01 7.490196228027343750e-01
5.921568870544433594e-01 7.490196228027343750e-01 7.803921699523925781e-01 7.490196228027343750e-01
7.803921699523925781e-01 7.490196228027343750e-01 7.803921699523925781e-01 4.117647111415863037e-01
7.803921699523925781e-01 4.117647111415863037e-01 7.176470756530761719e-01 4.117647111415863037e-01
7.176470756530761719e-01 4.117647111415863037e-01 7.176470756530761719e-01 5.843137502670288086e-01
7.176470756530761719e-01 5.843137502670288086e-01 5.647059082984924316e-01 5.843137502670288086e-01
5.647059082984924316e-01 5.843137502670288086e-01 5.647059082984924316e-01 4.117647111415863037e-01
5.647059082984924316e-01 4.117647111415863037e-01 6.392157077789306641e-01 4.117647111415863037e-01
6.392157077789306641e-01 4.117647111415863037e-01 6.392157077789306641e-01 3.098039329051971436e-01
6.392157077789306641e-01 3.098039329051971436e-01 5.647059082984924316e-01 3.098039329051971436e-01
5.647059082984924316e-01 3.098039329051971436e-01 5.647059082984924316e-01 3.098039329051971436e-01
3.019607961177825928e-01 6.392157077789306641e-01 3.019607961177825928e-01 4.039215743541717529e-01
3.019607961177825928e-01 4.039215743541717529e-01 2.549019753932952881e-01 4.039215743541717529e-01
2.549019753932952881e-01 4.039215743541717529e-01 2.196078449487686157e-01 4.039215743541717529e-01
2.196078449487686157e-01 4.039215743541717529e-01 2.196078449487686157e-01 6.392157077789306641e-01
2.196078449487686157e-01 6.392157077789306641e-01 3.019607961177825928e-01 6.392157077789306641e-01
3.019607961177825928e-01 6.392157077789306641e-01 3.019607961177825928e-01 6.392157077789306641e-01
4.901960790157318115e-01 3.098039329051971436e-01 5.647059082984924316e-01 3.098039329051971436e-01
5.647059082984924316e-01 3.098039329051971436e-01 5.647059082984924316e-01 2.039215713739395142e-01
5.647059082984924316e-01 2.039215713739395142e-01 4.901960790157318115e-01 2.039215713739395142e-01
4.901960790157318115e-01 2.039215713739395142e-01 4.901960790157318115e-01 3.098039329051971436e-01
4.901960790157318115e-01 3.098039329051971436e-01 4.901960790157318115e-01 3.098039329051971436e-01
6.392157077789306641e-01 4.117647111415863037e-01 5.647059082984924316e-01 4.117647111415863037e-01
5.647059082984924316e-01 4.117647111415863037e-01 5.647059082984924316e-01 5.843137502670288086e-01
5.647059082984924316e-01 5.843137502670288086e-01 7.176470756530761719e-01 5.843137502670288086e-01
7.176470756530761719e-01 5.843137502670288086e-01 7.176470756530761719e-01 4.117647111415863037e-01
7.176470756530761719e-01 4.117647111415863037e-01 6.392157077789306641e-01 4.117647111415863037e-01
6.392157077789306641e-01 4.117647111415863037e-01 6.392157077789306641e-01 4.117647111415863037e-01
