4.156862795352935791e-01 1.529411822557449341e-01 3.529411852359771729e-01 1.529411822557449341e-01
3.529411852359771729e-01 1.529411822557449341e-01 3.529411852359771729e-01 2.666666805744171143e-01
3.529411852359771729e-01 2.666666805744171143e-01 4.156862795352935791e-01 2.666666805744171143e-01
4.156862795352935791e-01 2.666666805744171143e-01 4.705882370471954346e-01 2.666666805744171143e-01
4.705882370471954346e-01 2.666666805744171143e-01 4.705882370471954346e-01 1.529411822557449341e-01
4.705882370471954346e-01 1.529411822557449341e-01 4.156862795352935791e-01 1.529411822557449341e-01
4.156862795352935791e-01 1.529411822557449341e-01 4.156862795352935791e-01 1.529411822557449341e-01
4.156862795352935791e-01 5.647059082984924316e-01 4.156862795352935791e-01 4.627451002597808838e-01
4.156862795352935791e-01 4.627451002597808838e-01 3.686274588108062744e-01 4.627451002597808838e-01
3.686274588108062744e-01 4.627451002597808838e-01 3.686274588108062744e-01 5.647059082984924316e-01
3.686274588108062744e-01 5.647059082984924316e-01 4.156862795352935791e-01 5.647059082984924316e-01
4.156862795352935791e-01 5.647059082984924316e-01 4.156862795352935791e-01 5.647059082984924316e-01
3.686274588108062744e-01 4.627451002597808838e-01 2.666666805744171143e-01 4.627451002597808838e-01
2.666666805744171143e-01 4.627451002597808838e-01 2.666666805744171143e-01 5.647059082984924316e-01
2.666666805744171143e-01 5.647059082984924316e-01 3.686274588108062744e-01 5.647059082984924316e-01
3.686274588108062744e-01 5.647059082984924316e-01 3.686274588108062744e-01 4.627451002597808838e-01
3.686274588108062744e-01 4.627451002597808838e-01 3.686274588108062744e-01 4.627451002597808838e-01
7.019608020782470703e-01 4.980392158031463623e-01 7.019608020782470703e-01 7.294117808341979980e-01
7.019608020782470703e-01 7.294117808341979980e-01 8.039215803146362305e-01 7.294117808341979980e-01
8.039215803146362305e-01 7.294117808341979980e-01 8.039215803146362305e-01 4.980392158031463623e-01
8.039215803146362305e-01 4.980392158031463623e-01 7.019608020782470703e-01 4.980392158031463623e-01
7.019608020782470703e-01 4.980392158031463623e-01 7.019608020782470703e-01 4.980392158031463623e-01
7.019608020782470703e-01 1.529411822557449341e-01 4.705882370471954346e-01 1.529411822557449341e-01
4.705882370471954346e-01 1.529411822557449341e-01 4.705882370471954346e-01 2.666666805744171143e-01
4.705882370471954346e-01 2.666666805744171143e-01 4.156862795352935791e-01 2.666666805744171143e-01
4.156862795352935791e-01 2.666666805744171143e-01 4.156862795352935791e-01 3.450980484485626221e-01
4.156862795352935791e-01 3.450980484485626221e-01 4.901960790157318115e-01 3.450980484485626221e-01
4.901960790157318115e-01 3.450980484485626221e-01 6.666666865348815918e-01 3.450980484485626221e-01
6.666666865348815918e-01 3.450980484485626221e-01 7.019608020782470703e-01 3.450980484485626221e-01
7.019608020782470703e-01 3.450980484485626221e-01 7.019608020782470703e-01 1.529411822557449341e-01
7.019608020782470703e-01 1.529411822557449341e-01 7.019608020782470703e-01 1.529411822557449341e-01
4.156862795352935791e-01 3.450980484485626221e-01 4.156862795352935791e-01 2.666666805744171143e-01
4.156862795352935791e-01 2.666666805744171143e-01 3.529411852359771729e-01 2.666666805744171143e-01
3.529411852359771729e-01 2.666666805744171143e-01 2.313725501298904419e-01 2.666666805744171143e-01
2.313725501298904419e-01 2.666666805744171143e-01 2.313725501298904419e-01 3.450980484485626221e-01
2.313725501298904419e-01 3.450980484485626221e-01 2.313725501298904419e-01 4.627451002597808838e-01
2.313725501298904419e-01 4.627451002597808838e-01 2.666666805744171143e-01 4.627451002597808838e-01
2.666666805744171143e-01 4.627451002597808838e-01 3.686274588108062744e-01 4.627451002597808838e-01
3.686274588108062744e-01 4.627451002597808838e-01 4.156862795352935791e-01 4.627451002597808838e-01
4.156862795352935791e-01 4.627451002597808838e-01 4.156862795352935791e-01 3.450980484485626221e-01
4.156862795352935791e-01 3.450980484485626221e-01 4.156862795352935791e-01 3.450980484485626221e-01
6.666666865348815918e-01 3.450980484485626221e-01 4.901960790157318115e-01 3.450980484485626221e-01
4.901960790157318115e-01 3.450980484485626221e-01 4.901960790157318115e-01 4.941176474094390869e-01
4.901960790157318115e-01 4.941176474094390869e-01 6.666666865348815918e-01 4.941176474094390869e-01
6.666666865348815918e-01 4.941176474094390869e-01 7.019608020782470703e-01 4.941176474094390869e-01
7.019608020782470703e-01 4.941176474094390869e-01 7.019608020782470703e-01 3.450980484485626221e-01
7.019608020782470703e-01 3.450980484485626221e-01 6.666666865348815918e-01 3.450980484485626221e-01
6.666666865348815918e-01 3.450980484485626221e-01 6.666666865348815918e-01 3.450980484485626221e-01
4.901960790157318115e-01 3.450980484485626221e-01 4.156862795352935791e-01 3.450980484485626221e-01
4.156862795352935791e-01 3.450980484485626221e-01 4.156862795352935791e-01 4.627451002597808838e-01
4.156862795352935791e-01 4.627451002597808838e-01 4.156862795352935791e-01 5.647059082984924316e-01
4.156862795352935791e-01 5.647059082984924316e-01 3.686274588108062744e-01 5.647059082984924316e-01
3.686274588108062744e-01 5.647059082984924316e-01 2.666666805744171143e-01 5.647059082984924316e-01
2.666666805744171143e-01 5.647059082984924316e-01 2.666666805744171143e-01 7.333333492279052734e-01
2.666666805744171143e-01 7.333333492279052734e-01 4.117647111415863037e-01 7.333333492279052734e-01
4.117647111415863037e-01 7.333333492279052734e-01 4.117647111415863037e-01 8.509804010391235352e-01
4.117647111415863037e-01 8.509804010391235352e-01 7.019608020782470703e-01 8.509804010391235352e-01
7.019608020782470703e-01 8.509804010391235352e-01 7.019608020782470703e-01 7.294117808341979980e-01
7.019608020782470703e-01 7.294117808341979980e-01 7.019608020782470703e-01 4.980392158031463623e-01
7.019608020782470703e-01 4.980392158031463623e-01 6.666666865348815918e-01 4.980392158031463623e-01
6.666666865348815918e-01 4.980392158031463623e-01 6.666666865348815918e-01 4.941176474094390869e-01
6.666666865348815918e-01 4.941176474094390869e-01 4.901960790157318115e-01 4.941176474094390869e-01
4.901960790157318115e-01 4.941176474094390869e-01 4.901960790157318115e-01 3.450980484485626221e-01
4.901960790157318115e-01 3.450980484485626221e-01 4.901960790157318115e-01 3.450980484485626221e-01
2.666666805744171143e-01 7.333333492279052734e-01 2.666666805744171143e-01 8.509804010391235352e-01
2.666666805744171143e-01 8.509804010391235352e-01 4.117647111415863037e-01 8.509804010391235352e-01
4.117647111415863037e-01 8.509804010391235352e-01 4.117647111415863037e-01 7.333333492279052734e-01
4.117647111415863037e-01 7.333333492279052734e-01 2.666666805744171143e-01 7.333333492279052734e-01
2.666666805744171143e-01 7.333333492279052734e-01 2.666666805744171143e-01 7.333333492279052734e-01
2.666666805744171143e-01 5.647059082984924316e-01 2.000000029802322388e-01 5.647059082984924316e-01
2.000000029802322388e-01 5.647059082984924316e-01 2.000000029802322388e-01 7.333333492279052734e-01
2.000000029802322388e-01 7.333333492279052734e-01 2.666666805744171143e-01 7.333333492279052734e-01
2.666666805744171143e-01 7.333333492279052734e-01 2.666666805744171143e-01 5.647059082984924316e-01
2.666666805744171143e-01 5.647059082984924316e-01 2.666666805744171143e-01 5.647059082984924316e-01
