4.352941215038299561e-01 2.980392277240753174e-01 3.450980484485626221e-01 2.980392277240753174e-01
3.450980484485626221e-01 2.980392277240753174e-01 3.450980484485626221e-01 3.960784375667572021e-01
3.450980484485626221e-01 3.960784375667572021e-01 4.352941215038299561e-01 3.960784375667572021e-01
4.352941215038299561e-01 3.960784375667572021e-01 5.294117927551269531e-01 3.960784375667572021e-01
5.294117927551269531e-01 3.960784375667572021e-01 5.294117927551269531e-01 2.980392277240753174e-01
5.294117927551269531e-01 2.980392277240753174e-01 4.352941215038299561e-01 2.980392277240753174e-01
4.352941215038299561e-01 2.980392277240753174e-01 4.352941215038299561e-01 2.980392277240753174e-01
3.450980484485626221e-01 2.980392277240753174e-01 4.352941215038299561e-01 2.980392277240753174e-01
4.352941215038299561e-01 2.980392277240753174e-01 4.352941215038299561e-01 1.921568661928176880e-01
4.352941215038299561e-01 1.921568661928176880e-01 2.784313857555389404e-01 1.921568661928176880e-01
2.784313857555389404e-01 1.921568661928176880e-01 2.784313857555389404e-01 3.960784375667572021e-01
2.784313857555389404e-01 3.960784375667572021e-01 3.450980484485626221e-01 3.960784375667572021e-01
3.450980484485626221e-01 3.960784375667572021e-01 3.450980484485626221e-01 2.980392277240753174e-01
3.450980484485626221e-01 2.980392277240753174e-01 3.450980484485626221e-01 2.980392277240753174e-01
4.352941215038299561e-01 2.980392277240753174e-01 5.294117927551269531e-01 2.980392277240753174e-01
5.294117927551269531e-01 2.980392277240753174e-01 5.294117927551269531e-01 3.960784375667572021e-01
5.294117927551269531e-01 3.960784375667572021e-01 5.294117927551269531e-01 8.078431487083435059e-01
5.294117927551269531e-01 8.078431487083435059e-01 7.215686440467834473e-01 8.078431487083435059e-01
7.215686440467834473e-01 8.078431487083435059e-01 7.215686440467834473e-01 1.921568661928176880e-01
7.215686440467834473e-01 1.921568661928176880e-01 4.352941215038299561e-01 1.921568661928176880e-01
4.352941215038299561e-01 1.921568661928176880e-01 4.352941215038299561e-01 2.980392277240753174e-01
4.352941215038299561e-01 2.980392277240753174e-01 4.352941215038299561e-01 2.980392277240753174e-01
4.352941215038299561e-01 3.960784375667572021e-01 3.450980484485626221e-01 3.960784375667572021e-01
3.450980484485626221e-01 3.960784375667572021e-01 3.450980484485626221e-01 8.078431487083435059e-01
3.450980484485626221e-01 8.078431487083435059e-01 4.352941215038299561e-01 8.078431487083435059e-01
4.352941215038299561e-01 8.078431487083435059e-01 5.294117927551269531e-01 8.078431487083435059e-01
5.294117927551269531e-01 8.078431487083435059e-01 5.294117927551269531e-01 3.960784375667572021e-01
5.294117927551269531e-01 3.960784375667572021e-01 4.352941215038299561e-01 3.960784375667572021e-01
4.352941215038299561e-01 3.960784375667572021e-01 4.352941215038299561e-01 3.960784375667572021e-01
