3.607843220233917236e-01 5.529412031173706055e-01 3.607843220233917236e-01 4.823529422283172607e-01
3.607843220233917236e-01 4.823529422283172607e-01 2.156862765550613403e-01 4.823529422283172607e-01
2.156862765550613403e-01 4.823529422283172607e-01 2.156862765550613403e-01 5.529412031173706055e-01
2.156862765550613403e-01 5.529412031173706055e-01 2.156862765550613403e-01 6.235294342041015625e-01
2.156862765550613403e-01 6.235294342041015625e-01 3.607843220233917236e-01 6.235294342041015625e-01
3.607843220233917236e-01 6.235294342041015625e-01 3.607843220233917236e-01 5.529412031173706055e-01
3.607843220233917236e-01 5.529412031173706055e-01 3.607843220233917236e-01 5.529412031173706055e-01
5.960784554481506348e-01 7.450980544090270996e-01 6.941176652908325195e-01 7.450980544090270996e-01
6.941176652908325195e-01 7.450980544090270996e-01 6.941176652908325195e-01 6.235294342041015625e-01
6.941176652908325195e-01 6.235294342041015625e-01 5.960784554481506348e-01 6.235294342041015625e-01
5.960784554481506348e-01 6.235294342041015625e-01 5.960784554481506348e-01 7.450980544090270996e-01
5.960784554481506348e-01 7.450980544090270996e-01 5.960784554481506348e-01 7.450980544090270996e-01
2.823529541492462158e-01 2.705882489681243896e-01 3.607843220233917236e-01 2.705882489681243896e-01
3.607843220233917236e-01 2.705882489681243896e-01 4.156862795352935791e-01 2.705882489681243896e-01
4.156862795352935791e-01 2.705882489681243896e-01 5.019608139991760254e-01 2.705882489681243896e-01
5.019608139991760254e-01 2.705882489681243896e-01 5.019608139991760254e-01 1.686274558305740356e-01
5.019608139991760254e-01 1.686274558305740356e-01 2.823529541492462158e-01 1.686274558305740356e-01
2.823529541492462158e-01 1.686274558305740356e-01 2.823529541492462158e-01 2.705882489681243896e-01
2.823529541492462158e-01 2.705882489681243896e-01 2.823529541492462158e-01 2.705882489681243896e-01
4.196078479290008545e-01 5.529412031173706055e-01 3.607843220233917236e-01 5.529412031173706055e-01
3.607843220233917236e-01 5.529412031173706055e-01 3.607843220233917236e-01 6.235294342041015625e-01
3.607843220233917236e-01 6.235294342041015625e-01 2.156862765550613403e-01 6.235294342041015625e-01
2.156862765550613403e-01 6.235294342041015625e-01 2.156862765550613403e-01 8.274509906768798828e-01
2.156862765550613403e-01 8.274509906768798828e-01 4.196078479290008545e-01 8.274509906768798828e-01
4.196078479290008545e-01 8.274509906768798828e-01 4.196078479290008545e-01 7.450980544090270996e-01
4.196078479290008545e-01 7.450980544090270996e-01 4.196078479290008545e-01 6.235294342041015625e-01
4.196078479290008545e-01 6.235294342041015625e-01 4.196078479290008545e-01 5.529412031173706055e-01
4.196078479290008545e-01 5.529412031173706055e-01 4.196078479290008545e-01 5.529412031173706055e-01
2.156862765550613403e-01 2.705882489681243896e-01 2.156862765550613403e-01 4.823529422283172607e-01
2.156862765550613403e-01 4.823529422283172607e-01 3.607843220233917236e-01 4.823529422283172607e-01
3.607843220233917236e-01 4.823529422283172607e-01 4.156862795352935791e-01 4.823529422283172607e-01
4.156862795352935791e-01 4.823529422283172607e-01 4.156862795352935791e-01 2.705882489681243896e-01
4.156862795352935791e-01 2.705882489681243896e-01 3.607843220233917236e-01 2.705882489681243896e-01
3.607843220233917236e-01 2.705882489681243896e-01 2.823529541492462158e-01 2.705882489681243896e-01
2.823529541492462158e-01 2.705882489681243896e-01 2.156862765550613403e-01 2.705882489681243896e-01
2.156862765550613403e-01 2.705882489681243896e-01 2.156862765550613403e-01 2.705882489681243896e-01
5.960784554481506348e-01 5.529412031173706055e-01 4.196078479290008545e-01 5.529412031173706055e-01
4.196078479290008545e-01 5.529412031173706055e-01 4.196078479290008545e-01 6.235294342041015625e-01
4.196078479290008545e-01 6.235294342041015625e-01 4.196078479290008545e-01 7.450980544090270996e-01
4.196078479290008545e-01 7.450980544090270996e-01 5.960784554481506348e-01 7.450980544090270996e-01
5.960784554481506348e-01 7.450980544090270996e-01 5.960784554481506348e-01 6.235294342041015625e-01
5.960784554481506348e-01 6.235294342041015625e-01 5.960784554481506348e-01 5.529412031173706055e-01
5.960784554481506348e-01 5.529412031173706055e-01 5.960784554481506348e-01 5.529412031173706055e-01
3.607843220233917236e-01 5.529412031173706055e-01 4.196078479290008545e-01 5.529412031173706055e-01
4.196078479290008545e-01 5.529412031173706055e-01 5.960784554481506348e-01 5.529412031173706055e-01
5.960784554481506348e-01 5.529412031173706055e-01 5.960784554481506348e-01 6.235294342041015625e-01
5.960784554481506348e-01 6.235294342041015625e-01 6.941176652908325195e-01 6.235294342041015625e-01
6.941176652908325195e-01 6.235294342041015625e-01 6.941176652908325195e-01 5.568627715110778809e-01
6.941176652908325195e-01 5.568627715110778809e-01 7.882353067398071289e-01 5.568627715110778809e-01
7.882353067398071289e-01 5.568627715110778809e-01 7.882353067398071289e-01 2.705882489681243896e-01
7.882353067398071289e-01 2.705882489681243896e-01 5.019608139991760254e-01 2.705882489681243896e-01
5.019608139991760254e-01 2.705882489681243896e-01 4.156862795352935791e-01 2.705882489681243896e-01
4.156862795352935791e-01 2.705882489681243896e-01 4.156862795352935791e-01 4.823529422283172607e-01
4.156862795352935791e-01 4.823529422283172607e-01 3.607843220233917236e-01 4.823529422283172607e-01
3.607843220233917236e-01 4.823529422283172607e-01 3.607843220233917236e-01 5.529412031173706055e-01
3.607843220233917236e-01 5.529412031173706055e-01 3.607843220233917236e-01 5.529412031173706055e-01
7.882353067398071289e-01 6.235294342041015625e-01 7.882353067398071289e-01 5.568627715110778809e-01
7.882353067398071289e-01 5.568627715110778809e-01 6.941176652908325195e-01 5.568627715110778809e-01
6.941176652908325195e-01 5.568627715110778809e-01 6.941176652908325195e-01 6.235294342041015625e-01
6.941176652908325195e-01 6.235294342041015625e-01 6.941176652908325195e-01 7.450980544090270996e-01
6.941176652908325195e-01 7.450980544090270996e-01 6.941176652908325195e-01 8.313725590705871582e-01
6.941176652908325195e-01 8.313725590705871582e-01 7.882353067398071289e-01 8.313725590705871582e-01
7.882353067398071289e-01 8.313725590705871582e-01 7.882353067398071289e-01 6.235294342041015625e-01
7.882353067398071289e-01 6.235294342041015625e-01 7.882353067398071289e-01 6.235294342041015625e-01
