4.352941215038299561e-01 4.470588266849517822e-01 5.254902243614196777e-01 4.470588266849517822e-01
5.254902243614196777e-01 4.470588266849517822e-01 5.254902243614196777e-01 3.137255012989044189e-01
5.254902243614196777e-01 3.137255012989044189e-01 4.352941215038299561e-01 3.137255012989044189e-01
4.352941215038299561e-01 3.137255012989044189e-01 4.352941215038299561e-01 3.607843220233917236e-01
4.352941215038299561e-01 3.607843220233917236e-01 4.352941215038299561e-01 4.470588266849517822e-01
4.352941215038299561e-01 4.470588266849517822e-01 4.352941215038299561e-01 4.470588266849517822e-01
4.352941215038299561e-01 3.137255012989044189e-01 4.352941215038299561e-01 2.196078449487686157e-01
4.352941215038299561e-01 2.196078449487686157e-01 3.176470696926116943e-01 2.196078449487686157e-01
3.176470696926116943e-01 2.196078449487686157e-01 3.176470696926116943e-01 3.137255012989044189e-01
3.176470696926116943e-01 3.137255012989044189e-01 3.176470696926116943e-01 3.607843220233917236e-01
3.176470696926116943e-01 3.607843220233917236e-01 4.352941215038299561e-01 3.607843220233917236e-01
4.352941215038299561e-01 3.607843220233917236e-01 4.352941215038299561e-01 3.137255012989044189e-01
4.352941215038299561e-01 3.137255012989044189e-01 4.352941215038299561e-01 3.137255012989044189e-01
7.411764860153198242e-01 4.470588266849517822e-01 5.960784554481506348e-01 4.470588266849517822e-01
5.960784554481506348e-01 4.470588266849517822e-01 5.960784554481506348e-01 5.254902243614196777e-01
5.960784554481506348e-01 5.254902243614196777e-01 5.960784554481506348e-01 6.980392336845397949e-01
5.960784554481506348e-01 6.980392336845397949e-01 7.764706015586853027e-01 6.980392336845397949e-01
7.764706015586853027e-01 6.980392336845397949e-01 7.764706015586853027e-01 4.470588266849517822e-01
7.764706015586853027e-01 4.470588266849517822e-01 7.411764860153198242e-01 4.470588266849517822e-01
7.411764860153198242e-01 4.470588266849517822e-01 7.411764860153198242e-01 4.470588266849517822e-01
4.352941215038299561e-01 6.980392336845397949e-01 5.960784554481506348e-01 6.980392336845397949e-01
5.960784554481506348e-01 6.980392336845397949e-01 5.960784554481506348e-01 5.254902243614196777e-01
5.960784554481506348e-01 5.254902243614196777e-01 4.352941215038299561e-01 5.254902243614196777e-01
4.352941215038299561e-01 5.254902243614196777e-01 4.352941215038299561e-01 6.980392336845397949e-01
4.352941215038299561e-01 6.980392336845397949e-01 4.352941215038299561e-01 6.980392336845397949e-01
5.254902243614196777e-01 4.470588266849517822e-01 5.960784554481506348e-01 4.470588266849517822e-01
5.960784554481506348e-01 4.470588266849517822e-01 7.411764860153198242e-01 4.470588266849517822e-01
7.411764860153198242e-01 4.470588266849517822e-01 7.411764860153198242e-01 3.137255012989044189e-01
7.411764860153198242e-01 3.137255012989044189e-01 5.960784554481506348e-01 3.137255012989044189e-01
5.960784554481506348e-01 3.137255012989044189e-01 5.254902243614196777e-01 3.137255012989044189e-01
5.254902243614196777e-01 3.137255012989044189e-01 5.254902243614196777e-01 4.470588266849517822e-01
5.254902243614196777e-01 4.470588266849517822e-01 5.254902243614196777e-01 4.470588266849517822e-01
5.254902243614196777e-01 4.470588266849517822e-01 4.352941215038299561e-01 4.470588266849517822e-01
4.352941215038299561e-01 4.470588266849517822e-01 4.352941215038299561e-01 3.607843220233917236e-01
4.352941215038299561e-01 3.607843220233917236e-01 3.176470696926116943e-01 3.607843220233917236e-01
3.176470696926116943e-01 3.607843220233917236e-01 3.176470696926116943e-01 3.137255012989044189e-01
3.176470696926116943e-01 3.137255012989044189e-01 2.274509817361831665e-01 3.137255012989044189e-01
2.274509817361831665e-01 3.137255012989044189e-01 2.274509817361831665e-01 7.843137383460998535e-01
2.274509817361831665e-01 7.843137383460998535e-01 5.960784554481506348e-01 7.843137383460998535e-01
5.960784554481506348e-01 7.843137383460998535e-01 5.960784554481506348e-01 6.980392336845397949e-01
5.960784554481506348e-01 6.980392336845397949e-01 4.352941215038299561e-01 6.980392336845397949e-01
4.352941215038299561e-01 6.980392336845397949e-01 4.352941215038299561e-01 5.254902243614196777e-01
4.352941215038299561e-01 5.254902243614196777e-01 5.960784554481506348e-01 5.254902243614196777e-01
5.960784554481506348e-01 5.254902243614196777e-01 5.960784554481506348e-01 4.470588266849517822e-01
5.960784554481506348e-01 4.470588266849517822e-01 5.254902243614196777e-01 4.470588266849517822e-01
5.254902243614196777e-01 4.470588266849517822e-01 5.254902243614196777e-01 4.470588266849517822e-01
4.352941215038299561e-01 3.137255012989044189e-01 5.254902243614196777e-01 3.137255012989044189e-01
5.254902243614196777e-01 3.137255012989044189e-01 5.254902243614196777e-01 2.196078449487686157e-01
5.254902243614196777e-01 2.196078449487686157e-01 4.352941215038299561e-01 2.196078449487686157e-01
4.352941215038299561e-01 2.196078449487686157e-01 4.352941215038299561e-01 3.137255012989044189e-01
4.352941215038299561e-01 3.137255012989044189e-01 4.352941215038299561e-01 3.137255012989044189e-01
