6.196078658103942871e-01 2.039215713739395142e-01 4.941176474094390869e-01 2.039215713739395142e-01
4.941176474094390869e-01 2.039215713739395142e-01 4.941176474094390869e-01 3.607843220233917236e-01
4.941176474094390869e-01 3.607843220233917236e-01 6.196078658103942871e-01 3.607843220233917236e-01
6.196078658103942871e-01 3.607843220233917236e-01 6.196078658103942871e-01 2.039215713739395142e-01
6.196078658103942871e-01 2.039215713739395142e-01 6.196078658103942871e-01 2.039215713739395142e-01
4.392156898975372314e-01 2.039215713739395142e-01 3.843137323856353760e-01 2.039215713739395142e-01
3.843137323856353760e-01 2.039215713739395142e-01 3.843137323856353760e-01 3.607843220233917236e-01
3.843137323856353760e-01 3.607843220233917236e-01 4.392156898975372314e-01 3.607843220233917236e-01
4.392156898975372314e-01 3.607843220233917236e-01 4.941176474094390869e-01 3.607843220233917236e-01
4.941176474094390869e-01 3.607843220233917236e-01 4.941176474094390869e-01 2.039215713739395142e-01
4.941176474094390869e-01 2.039215713739395142e-01 4.392156898975372314e-01 2.039215713739395142e-01
4.392156898975372314e-01 2.039215713739395142e-01 4.392156898975372314e-01 2.039215713739395142e-01
7.137255072593688965e-01 8.000000119209289551e-01 8.313725590705871582e-01 8.000000119209289551e-01
8.313725590705871582e-01 8.000000119209289551e-01 8.313725590705871582e-01 6.235294342041015625e-01
8.313725590705871582e-01 6.235294342041015625e-01 7.921568751335144043e-01 6.235294342041015625e-01
7.921568751335144043e-01 6.235294342041015625e-01 7.137255072593688965e-01 6.235294342041015625e-01
7.137255072593688965e-01 6.235294342041015625e-01 7.137255072593688965e-01 8.000000119209289551e-01
7.137255072593688965e-01 8.000000119209289551e-01 7.137255072593688965e-01 8.000000119209289551e-01
3.843137323856353760e-01 2.039215713739395142e-01 1.725490242242813110e-01 2.039215713739395142e-01
1.725490242242813110e-01 2.039215713739395142e-01 1.725490242242813110e-01 4.196078479290008545e-01
1.725490242242813110e-01 4.196078479290008545e-01 2.313725501298904419e-01 4.196078479290008545e-01
2.313725501298904419e-01 4.196078479290008545e-01 4.392156898975372314e-01 4.196078479290008545e-01
4.392156898975372314e-01 4.196078479290008545e-01 4.392156898975372314e-01 3.607843220233917236e-01
4.392156898975372314e-01 3.607843220233917236e-01 3.843137323856353760e-01 3.607843220233917236e-01
3.843137323856353760e-01 3.607843220233917236e-01 3.843137323856353760e-01 2.039215713739395142e-01
3.843137323856353760e-01 2.039215713739395142e-01 3.843137323856353760e-01 2.039215713739395142e-01
4.392156898975372314e-01 5.843137502670288086e-01 4.392156898975372314e-01 4.196078479290008545e-01
4.392156898975372314e-01 4.196078479290008545e-01 2.313725501298904419e-01 4.196078479290008545e-01
2.313725501298904419e-01 4.196078479290008545e-01 2.313725501298904419e-01 5.843137502670288086e-01
2.313725501298904419e-01 5.843137502670288086e-01 4.392156898975372314e-01 5.843137502670288086e-01
4.392156898975372314e-01 5.843137502670288086e-01 4.392156898975372314e-01 5.843137502670288086e-01
4.941176474094390869e-01 3.607843220233917236e-01 4.392156898975372314e-01 3.607843220233917236e-01
4.392156898975372314e-01 3.607843220233917236e-01 4.392156898975372314e-01 4.196078479290008545e-01
4.392156898975372314e-01 4.196078479290008545e-01 4.392156898975372314e-01 5.843137502670288086e-01
4.392156898975372314e-01 5.843137502670288086e-01 4.392156898975372314e-01 8.000000119209289551e-01
4.392156898975372314e-01 8.000000119209289551e-01 7.137255072593688965e-01 8.000000119209289551e-01
7.137255072593688965e-01 8.000000119209289551e-01 7.137255072593688965e-01 6.235294342041015625e-01
7.137255072593688965e-01 6.235294342041015625e-01 7.137255072593688965e-01 4.196078479290008545e-01
7.137255072593688965e-01 4.196078479290008545e-01 6.196078658103942871e-01 4.196078479290008545e-01
6.196078658103942871e-01 4.196078479290008545e-01 6.196078658103942871e-01 3.607843220233917236e-01
6.196078658103942871e-01 3.607843220233917236e-01 4.941176474094390869e-01 3.607843220233917236e-01
4.941176474094390869e-01 3.607843220233917236e-01 4.941176474094390869e-01 3.607843220233917236e-01
7.137255072593688965e-01 4.196078479290008545e-01 7.137255072593688965e-01 6.235294342041015625e-01
7.137255072593688965e-01 6.235294342041015625e-01 7.921568751335144043e-01 6.235294342041015625e-01
7.921568751335144043e-01 6.235294342041015625e-01 7.921568751335144043e-01 4.196078479290008545e-01
7.921568751335144043e-01 4.196078479290008545e-01 7.137255072593688965e-01 4.196078479290008545e-01
7.137255072593688965e-01 4.196078479290008545e-01 7.137255072593688965e-01 4.196078479290008545e-01
2.313725501298904419e-01 4.196078479290008545e-01 1.725490242242813110e-01 4.196078479290008545e-01
1.725490242242813110e-01 4.196078479290008545e-01 1.725490242242813110e-01 5.843137502670288086e-01
1.725490242242813110e-01 5.843137502670288086e-01 2.313725501298904419e-01 5.843137502670288086e-01
2.313725501298904419e-01 5.843137502670288086e-01 2.313725501298904419e-01 4.196078479290008545e-01
2.313725501298904419e-01 4.196078479290008545e-01 2.313725501298904419e-01 4.196078479290008545e-01
7.921568751335144043e-01 2.039215713739395142e-01 6.196078658103942871e-01 2.039215713739395142e-01
6.196078658103942871e-01 2.039215713739395142e-01 6.196078658103942871e-01 3.607843220233917236e-01
6.196078658103942871e-01 3.607843220233917236e-01 6.196078658103942871e-01 4.196078479290008545e-01
6.196078658103942871e-01 4.196078479290008545e-01 7.137255072593688965e-01 4.196078479290008545e-01
7.137255072593688965e-01 4.196078479290008545e-01 7.921568751335144043e-01 4.196078479290008545e-01
7.921568751335144043e-01 4.196078479290008545e-01 7.921568751335144043e-01 2.039215713739395142e-01
7.921568751335144043e-01 2.039215713739395142e-01 7.921568751335144043e-01 2.039215713739395142e-01
