6.431372761726379395e-01 3.019607961177825928e-01 4.549019634723663330e-01 3.019607961177825928e-01
4.549019634723663330e-01 3.019607961177825928e-01 4.549019634723663330e-01 4.078431427478790283e-01
4.549019634723663330e-01 4.078431427478790283e-01 6.431372761726379395e-01 4.078431427478790283e-01
6.431372761726379395e-01 4.078431427478790283e-01 6.431372761726379395e-01 3.019607961177825928e-01
6.431372761726379395e-01 3.019607961177825928e-01 6.431372761726379395e-01 3.019607961177825928e-01
4.549019634723663330e-01 3.019607961177825928e-01 2.039215713739395142e-01 3.019607961177825928e-01
2.039215713739395142e-01 3.019607961177825928e-01 2.039215713739395142e-01 4.078431427478790283e-01
2.039215713739395142e-01 4.078431427478790283e-01 2.039215713739395142e-01 4.666666686534881592e-01
2.039215713739395142e-01 4.666666686534881592e-01 4.549019634723663330e-01 4.666666686534881592e-01
4.549019634723663330e-01 4.666666686534881592e-01 4.549019634723663330e-01 4.078431427478790283e-01
4.549019634723663330e-01 4.078431427478790283e-01 4.549019634723663330e-01 3.019607961177825928e-01
4.549019634723663330e-01 3.019607961177825928e-01 4.549019634723663330e-01 3.019607961177825928e-01
8.039215803146362305e-01 3.019607961177825928e-01 6.431372761726379395e-01 3.019607961177825928e-01
6.431372761726379395e-01 3.019607961177825928e-01 6.431372761726379395e-01 4.078431427478790283e-01
6.431372761726379395e-01 4.078431427478790283e-01 6.431372761726379395e-01 4.666666686534881592e-01
6.431372761726379395e-01 4.666666686534881592e-01 8.039215803146362305e-01 4.666666686534881592e-01
8.039215803146362305e-01 4.666666686534881592e-01 8.039215803146362305e-01 4.078431427478790283e-01
8.039215803146362305e-01 4.078431427478790283e-01 8.039215803146362305e-01 3.019607961177825928e-01
8.039215803146362305e-01 3.019607961177825928e-01 8.039215803146362305e-01 3.019607961177825928e-01
2.039215713739395142e-01 4.078431427478790283e-01 1.647058874368667603e-01 4.078431427478790283e-01
1.647058874368667603e-01 4.078431427478790283e-01 1.647058874368667603e-01 6.980392336845397949e-01
1.647058874368667603e-01 6.980392336845397949e-01 8.039215803146362305e-01 6.980392336845397949e-01
8.039215803146362305e-01 6.980392336845397949e-01 8.039215803146362305e-01 4.666666686534881592e-01
8.039215803146362305e-01 4.666666686534881592e-01 6.431372761726379395e-01 4.666666686534881592e-01
6.431372761726379395e-01 4.666666686534881592e-01 6.431372761726379395e-01 4.078431427478790283e-01
6.431372761726379395e-01 4.078431427478790283e-01 4.549019634723663330e-01 4.078431427478790283e-01
4.549019634723663330e-01 4.078431427478790283e-01 4.549019634723663330e-01 4.666666686534881592e-01
4.549019634723663330e-01 4.666666686534881592e-01 2.039215713739395142e-01 4.666666686534881592e-01
2.039215713739395142e-01 4.666666686534881592e-01 2.039215713739395142e-01 4.078431427478790283e-01
2.039215713739395142e-01 4.078431427478790283e-01 2.039215713739395142e-01 4.078431427478790283e-01
