5.411764979362487793e-01 3.098039329051971436e-01 4.392156898975372314e-01 3.098039329051971436e-01
4.392156898975372314e-01 3.098039329051971436e-01 4.392156898975372314e-01 3.490196168422698975e-01
4.392156898975372314e-01 3.490196168422698975e-01 4.392156898975372314e-01 4.313725531101226807e-01
4.392156898975372314e-01 4.313725531101226807e-01 5.411764979362487793e-01 4.313725531101226807e-01
5.411764979362487793e-01 4.313725531101226807e-01 5.411764979362487793e-01 3.098039329051971436e-01
5.411764979362487793e-01 3.098039329051971436e-01 5.411764979362487793e-01 3.098039329051971436e-01
5.411764979362487793e-01 4.313725531101226807e-01 4.392156898975372314e-01 4.313725531101226807e-01
4.392156898975372314e-01 4.313725531101226807e-01 4.392156898975372314e-01 4.941176474094390869e-01
4.392156898975372314e-01 4.941176474094390869e-01 5.411764979362487793e-01 4.941176474094390869e-01
5.411764979362487793e-01 4.941176474094390869e-01 5.411764979362487793e-01 4.313725531101226807e-01
5.411764979362487793e-01 4.313725531101226807e-01 5.411764979362487793e-01 4.313725531101226807e-01
2.784313857555389404e-01 4.941176474094390869e-01 2.000000029802322388e-01 4.941176474094390869e-01
2.000000029802322388e-01 4.941176474094390869e-01 2.000000029802322388e-01 6.039215922355651855e-01
2.000000029802322388e-01 6.039215922355651855e-01 3.725490272045135498e-01 6.039215922355651855e-01
3.725490272045135498e-01 6.039215922355651855e-01 3.725490272045135498e-01 4.941176474094390869e-01
3.725490272045135498e-01 4.941176474094390869e-01 2.784313857555389404e-01 4.941176474094390869e-01
2.784313857555389404e-01 4.941176474094390869e-01 2.784313857555389404e-01 4.941176474094390869e-01
7.607843279838562012e-01 3.098039329051971436e-01 5.411764979362487793e-01 3.098039329051971436e-01
5.411764979362487793e-01 3.098039329051971436e-01 5.411764979362487793e-01 4.313725531101226807e-01
5.411764979362487793e-01 4.313725531101226807e-01 5.411764979362487793e-01 4.941176474094390869e-01
5.411764979362487793e-01 4.941176474094390869e-01 7.254902124404907227e-01 4.941176474094390869e-01
7.254902124404907227e-01 4.941176474094390869e-01 7.607843279838562012e-01 4.941176474094390869e-01
7.607843279838562012e-01 4.941176474094390869e-01 7.607843279838562012e-01 3.098039329051971436e-01
7.607843279838562012e-01 3.098039329051971436e-01 7.607843279838562012e-01 3.098039329051971436e-01
4.392156898975372314e-01 4.313725531101226807e-01 4.392156898975372314e-01 3.490196168422698975e-01
4.392156898975372314e-01 3.490196168422698975e-01 2.784313857555389404e-01 3.490196168422698975e-01
2.784313857555389404e-01 3.490196168422698975e-01 2.784313857555389404e-01 4.941176474094390869e-01
2.784313857555389404e-01 4.941176474094390869e-01 3.725490272045135498e-01 4.941176474094390869e-01
3.725490272045135498e-01 4.941176474094390869e-01 4.392156898975372314e-01 4.941176474094390869e-01
4.392156898975372314e-01 4.941176474094390869e-01 4.392156898975372314e-01 4.313725531101226807e-01
4.392156898975372314e-01 4.313725531101226807e-01 4.392156898975372314e-01 4.313725531101226807e-01
4.392156898975372314e-01 4.941176474094390869e-01 3.725490272045135498e-01 4.941176474094390869e-01
3.725490272045135498e-01 4.941176474094390869e-01 3.725490272045135498e-01 6.039215922355651855e-01
3.725490272045135498e-01 6.039215922355651855e-01 3.725490272045135498e-01 6.901960968971252441e-01
3.725490272045135498e-01 6.901960968971252441e-01 7.254902124404907227e-01 6.901960968971252441e-01
7.254902124404907227e-01 6.901960968971252441e-01 7.254902124404907227e-01 4.941176474094390869e-01
7.254902124404907227e-01 4.941176474094390869e-01 5.411764979362487793e-01 4.941176474094390869e-01
5.411764979362487793e-01 4.941176474094390869e-01 4.392156898975372314e-01 4.941176474094390869e-01
4.392156898975372314e-01 4.941176474094390869e-01 4.392156898975372314e-01 4.941176474094390869e-01
7.607843279838562012e-01 4.941176474094390869e-01 7.254902124404907227e-01 4.941176474094390869e-01
7.254902124404907227e-01 4.941176474094390869e-01 7.254902124404907227e-01 6.901960968971252441e-01
7.254902124404907227e-01 6.901960968971252441e-01 8.000000119209289551e-01 6.901960968971252441e-01
8.000000119209289551e-01 6.901960968971252441e-01 8.000000119209289551e-01 4.941176474094390869e-01
8.000000119209289551e-01 4.941176474094390869e-01 7.607843279838562012e-01 4.941176474094390869e-01
7.607843279838562012e-01 4.941176474094390869e-01 7.607843279838562012e-01 4.941176474094390869e-01
