4.117647111415863037e-01 4.666666686534881592e-01 3.098039329051971436e-01 4.666666686534881592e-01
3.098039329051971436e-01 4.666666686534881592e-01 3.098039329051971436e-01 5.490196347236633301e-01
3.098039329051971436e-01 5.490196347236633301e-01 4.117647111415863037e-01 5.490196347236633301e-01
4.117647111415863037e-01 5.490196347236633301e-01 4.117647111415863037e-01 4.666666686534881592e-01
4.117647111415863037e-01 4.666666686534881592e-01 4.117647111415863037e-01 4.666666686534881592e-01
3.098039329051971436e-01 4.666666686534881592e-01 4.117647111415863037e-01 4.666666686534881592e-01
4.117647111415863037e-01 4.666666686534881592e-01 4.627451002597808838e-01 4.666666686534881592e-01
4.627451002597808838e-01 4.666666686534881592e-01 4.627451002597808838e-01 3.294117748737335205e-01
4.627451002597808838e-01 3.294117748737335205e-01 3.098039329051971436e-01 3.294117748737335205e-01
3.098039329051971436e-01 3.294117748737335205e-01 3.098039329051971436e-01 4.666666686534881592e-01
3.098039329051971436e-01 4.666666686534881592e-01 3.098039329051971436e-01 4.666666686534881592e-01
4.627451002597808838e-01 4.666666686534881592e-01 4.117647111415863037e-01 4.666666686534881592e-01
4.117647111415863037e-01 4.666666686534881592e-01 4.117647111415863037e-01 5.490196347236633301e-01
4.117647111415863037e-01 5.490196347236633301e-01 4.117647111415863037e-01 6.431372761726379395e-01
4.117647111415863037e-01 6.431372761726379395e-01 4.627451002597808838e-01 6.431372761726379395e-01
4.627451002597808838e-01 6.431372761726379395e-01 5.921568870544433594e-01 6.431372761726379395e-01
5.921568870544433594e-01 6.431372761726379395e-01 5.921568870544433594e-01 4.666666686534881592e-01
5.921568870544433594e-01 4.666666686534881592e-01 4.627451002597808838e-01 4.666666686534881592e-01
4.627451002597808838e-01 4.666666686534881592e-01 4.627451002597808838e-01 4.666666686534881592e-01
4.627451002597808838e-01 4.666666686534881592e-01 5.921568870544433594e-01 4.666666686534881592e-01
5.921568870544433594e-01 4.666666686534881592e-01 5.921568870544433594e-01 6.431372761726379395e-01
5.921568870544433594e-01 6.431372761726379395e-01 6.901960968971252441e-01 6.431372761726379395e-01
6.901960968971252441e-01 6.431372761726379395e-01 6.901960968971252441e-01 3.294117748737335205e-01
6.901960968971252441e-01 3.294117748737335205e-01 4.627451002597808838e-01 3.294117748737335205e-01
4.627451002597808838e-01 3.294117748737335205e-01 4.627451002597808838e-01 4.666666686534881592e-01
4.627451002597808838e-01 4.666666686534881592e-01 4.627451002597808838e-01 4.666666686534881592e-01
