5.176470875740051270e-01 4.862745106220245361e-01 6.509804129600524902e-01 4.862745106220245361e-01
6.509804129600524902e-01 4.862745106220245361e-01 6.509804129600524902e-01 3.568627536296844482e-01
6.509804129600524902e-01 3.568627536296844482e-01 5.176470875740051270e-01 3.568627536296844482e-01
5.176470875740051270e-01 3.568627536296844482e-01 5.176470875740051270e-01 4.862745106220245361e-01
5.176470875740051270e-01 4.862745106220245361e-01 5.176470875740051270e-01 4.862745106220245361e-01
8.352941274642944336e-01 4.862745106220245361e-01 7.098039388656616211e-01 4.862745106220245361e-01
7.098039388656616211e-01 4.862745106220245361e-01 7.098039388656616211e-01 6.274510025978088379e-01
7.098039388656616211e-01 6.274510025978088379e-01 8.352941274642944336e-01 6.274510025978088379e-01
8.352941274642944336e-01 6.274510025978088379e-01 8.352941274642944336e-01 4.862745106220245361e-01
8.352941274642944336e-01 4.862745106220245361e-01 8.352941274642944336e-01 4.862745106220245361e-01
5.176470875740051270e-01 3.137255012989044189e-01 2.470588237047195435e-01 3.137255012989044189e-01
2.470588237047195435e-01 3.137255012989044189e-01 2.470588237047195435e-01 4.862745106220245361e-01
2.470588237047195435e-01 4.862745106220245361e-01 5.176470875740051270e-01 4.862745106220245361e-01
5.176470875740051270e-01 4.862745106220245361e-01 5.176470875740051270e-01 3.568627536296844482e-01
5.176470875740051270e-01 3.568627536296844482e-01 5.176470875740051270e-01 3.137255012989044189e-01
5.176470875740051270e-01 3.137255012989044189e-01 5.176470875740051270e-01 3.137255012989044189e-01
6.509804129600524902e-01 4.862745106220245361e-01 7.098039388656616211e-01 4.862745106220245361e-01
7.098039388656616211e-01 4.862745106220245361e-01 8.352941274642944336e-01 4.862745106220245361e-01
8.352941274642944336e-01 4.862745106220245361e-01 8.352941274642944336e-01 3.568627536296844482e-01
8.352941274642944336e-01 3.568627536296844482e-01 6.509804129600524902e-01 3.568627536296844482e-01
6.509804129600524902e-01 3.568627536296844482e-01 6.509804129600524902e-01 4.862745106220245361e-01
6.509804129600524902e-01 4.862745106220245361e-01 6.509804129600524902e-01 4.862745106220245361e-01
5.176470875740051270e-01 4.862745106220245361e-01 2.470588237047195435e-01 4.862745106220245361e-01
2.470588237047195435e-01 4.862745106220245361e-01 2.470588237047195435e-01 6.901960968971252441e-01
2.470588237047195435e-01 6.901960968971252441e-01 7.098039388656616211e-01 6.901960968971252441e-01
7.098039388656616211e-01 6.901960968971252441e-01 7.098039388656616211e-01 6.274510025978088379e-01
7.098039388656616211e-01 6.274510025978088379e-01 7.098039388656616211e-01 4.862745106220245361e-01
7.098039388656616211e-01 4.862745106220245361e-01 6.509804129600524902e-01 4.862745106220245361e-01
6.509804129600524902e-01 4.862745106220245361e-01 5.176470875740051270e-01 4.862745106220245361e-01
5.176470875740051270e-01 4.862745106220245361e-01 5.176470875740051270e-01 4.862745106220245361e-01
2.470588237047195435e-01 4.862745106220245361e-01 1.647058874368667603e-01 4.862745106220245361e-01
1.647058874368667603e-01 4.862745106220245361e-01 1.647058874368667603e-01 6.901960968971252441e-01
1.647058874368667603e-01 6.901960968971252441e-01 2.470588237047195435e-01 6.901960968971252441e-01
2.470588237047195435e-01 6.901960968971252441e-01 2.470588237047195435e-01 4.862745106220245361e-01
2.470588237047195435e-01 4.862745106220245361e-01 2.470588237047195435e-01 4.862745106220245361e-01
