4.627451002597808838e-01 6.392157077789306641e-01 5.843137502670288086e-01 6.392157077789306641e-01
5.843137502670288086e-01 6.392157077789306641e-01 5.843137502670288086e-01 5.921568870544433594e-01
5.843137502670288086e-01 5.921568870544433594e-01 5.843137502670288086e-01 5.372549295425415039e-01
5.843137502670288086e-01 5.372549295425415039e-01 4.627451002597808838e-01 5.372549295425415039e-01
4.627451002597808838e-01 5.372549295425415039e-01 4.627451002597808838e-01 5.921568870544433594e-01
4.627451002597808838e-01 5.921568870544433594e-01 4.627451002597808838e-01 6.392157077789306641e-01
4.627451002597808838e-01 6.392157077789306641e-01 4.627451002597808838e-01 6.392157077789306641e-01
5.843137502670288086e-01 3.647058904170989990e-01 4.627451002597808838e-01 3.647058904170989990e-01
4.627451002597808838e-01 3.647058904170989990e-01 4.627451002597808838e-01 4.549019634723663330e-01
4.627451002597808838e-01 4.549019634723663330e-01 5.843137502670288086e-01 4.549019634723663330e-01
5.843137502670288086e-01 4.549019634723663330e-01 5.843137502670288086e-01 3.647058904170989990e-01
5.843137502670288086e-01 3.647058904170989990e-01 5.843137502670288086e-01 3.647058904170989990e-01
8.156862854957580566e-01 3.647058904170989990e-01 5.843137502670288086e-01 3.647058904170989990e-01
5.843137502670288086e-01 3.647058904170989990e-01 5.843137502670288086e-01 4.549019634723663330e-01
5.843137502670288086e-01 4.549019634723663330e-01 5.843137502670288086e-01 5.372549295425415039e-01
5.843137502670288086e-01 5.372549295425415039e-01 5.843137502670288086e-01 5.921568870544433594e-01
5.843137502670288086e-01 5.921568870544433594e-01 5.843137502670288086e-01 6.392157077789306641e-01
5.843137502670288086e-01 6.392157077789306641e-01 8.156862854957580566e-01 6.392157077789306641e-01
8.156862854957580566e-01 6.392157077789306641e-01 8.156862854957580566e-01 3.647058904170989990e-01
8.156862854957580566e-01 3.647058904170989990e-01 8.156862854957580566e-01 3.647058904170989990e-01
2.509804069995880127e-01 3.647058904170989990e-01 1.019607856869697571e-01 3.647058904170989990e-01
1.019607856869697571e-01 3.647058904170989990e-01 1.019607856869697571e-01 5.921568870544433594e-01
1.019607856869697571e-01 5.921568870544433594e-01 2.509804069995880127e-01 5.921568870544433594e-01
2.509804069995880127e-01 5.921568870544433594e-01 2.509804069995880127e-01 3.647058904170989990e-01
2.509804069995880127e-01 3.647058904170989990e-01 2.509804069995880127e-01 3.647058904170989990e-01
4.627451002597808838e-01 3.647058904170989990e-01 2.509804069995880127e-01 3.647058904170989990e-01
2.509804069995880127e-01 3.647058904170989990e-01 2.509804069995880127e-01 5.921568870544433594e-01
2.509804069995880127e-01 5.921568870544433594e-01 4.627451002597808838e-01 5.921568870544433594e-01
4.627451002597808838e-01 5.921568870544433594e-01 4.627451002597808838e-01 5.372549295425415039e-01
4.627451002597808838e-01 5.372549295425415039e-01 5.843137502670288086e-01 5.372549295425415039e-01
5.843137502670288086e-01 5.372549295425415039e-01 5.843137502670288086e-01 4.549019634723663330e-01
5.843137502670288086e-01 4.549019634723663330e-01 4.627451002597808838e-01 4.549019634723663330e-01
4.627451002597808838e-01 4.549019634723663330e-01 4.627451002597808838e-01 3.647058904170989990e-01
4.627451002597808838e-01 3.647058904170989990e-01 4.627451002597808838e-01 3.647058904170989990e-01
8.980392217636108398e-01 3.647058904170989990e-01 8.156862854957580566e-01 3.647058904170989990e-01
8.156862854957580566e-01 3.647058904170989990e-01 8.156862854957580566e-01 6.392157077789306641e-01
8.156862854957580566e-01 6.392157077789306641e-01 8.980392217636108398e-01 6.392157077789306641e-01
8.980392217636108398e-01 6.392157077789306641e-01 8.980392217636108398e-01 3.647058904170989990e-01
8.980392217636108398e-01 3.647058904170989990e-01 8.980392217636108398e-01 3.647058904170989990e-01
