5.294117927551269531e-01 2.980392277240753174e-01 4.235294163227081299e-01 2.980392277240753174e-01
4.235294163227081299e-01 2.980392277240753174e-01 4.235294163227081299e-01 4.666666686534881592e-01
4.235294163227081299e-01 4.666666686534881592e-01 5.294117927551269531e-01 4.666666686534881592e-01
5.294117927551269531e-01 4.666666686534881592e-01 5.294117927551269531e-01 2.980392277240753174e-01
5.294117927551269531e-01 2.980392277240753174e-01 5.294117927551269531e-01 2.980392277240753174e-01
2.941176593303680420e-01 2.980392277240753174e-01 4.235294163227081299e-01 2.980392277240753174e-01
4.235294163227081299e-01 2.980392277240753174e-01 5.294117927551269531e-01 2.980392277240753174e-01
5.294117927551269531e-01 2.980392277240753174e-01 6.627451181411743164e-01 2.980392277240753174e-01
6.627451181411743164e-01 2.980392277240753174e-01 6.627451181411743164e-01 2.078431397676467896e-01
6.627451181411743164e-01 2.078431397676467896e-01 5.294117927551269531e-01 2.078431397676467896e-01
5.294117927551269531e-01 2.078431397676467896e-01 5.294117927551269531e-01 1.686274558305740356e-01
5.294117927551269531e-01 1.686274558305740356e-01 2.941176593303680420e-01 1.686274558305740356e-01
2.941176593303680420e-01 1.686274558305740356e-01 2.941176593303680420e-01 2.078431397676467896e-01
2.941176593303680420e-01 2.078431397676467896e-01 2.941176593303680420e-01 2.980392277240753174e-01
2.941176593303680420e-01 2.980392277240753174e-01 2.941176593303680420e-01 2.980392277240753174e-01
5.960784554481506348e-01 7.333333492279052734e-01 6.627451181411743164e-01 7.333333492279052734e-01
6.627451181411743164e-01 7.333333492279052734e-01 7.882353067398071289e-01 7.333333492279052734e-01
7.882353067398071289e-01 7.333333492279052734e-01 7.882353067398071289e-01 5.372549295425415039e-01
7.882353067398071289e-01 5.372549295425415039e-01 6.627451181411743164e-01 5.372549295425415039e-01
6.627451181411743164e-01 5.372549295425415039e-01 5.960784554481506348e-01 5.372549295425415039e-01
5.960784554481506348e-01 5.372549295425415039e-01 5.960784554481506348e-01 7.333333492279052734e-01
5.960784554481506348e-01 7.333333492279052734e-01 5.960784554481506348e-01 7.333333492279052734e-01
4.235294163227081299e-01 7.333333492279052734e-01 5.960784554481506348e-01 7.333333492279052734e-01
5.960784554481506348e-01 7.333333492279052734e-01 5.960784554481506348e-01 5.372549295425415039e-01
5.960784554481506348e-01 5.372549295425415039e-01 4.235294163227081299e-01 5.372549295425415039e-01
4.235294163227081299e-01 5.372549295425415039e-01 4.235294163227081299e-01 7.333333492279052734e-01
4.235294163227081299e-01 7.333333492279052734e-01 4.235294163227081299e-01 7.333333492279052734e-01
6.627451181411743164e-01 2.980392277240753174e-01 5.294117927551269531e-01 2.980392277240753174e-01
5.294117927551269531e-01 2.980392277240753174e-01 5.294117927551269531e-01 4.666666686534881592e-01
5.294117927551269531e-01 4.666666686534881592e-01 6.627451181411743164e-01 4.666666686534881592e-01
6.627451181411743164e-01 4.666666686534881592e-01 6.627451181411743164e-01 3.843137323856353760e-01
6.627451181411743164e-01 3.843137323856353760e-01 6.627451181411743164e-01 2.980392277240753174e-01
6.627451181411743164e-01 2.980392277240753174e-01 6.627451181411743164e-01 2.980392277240753174e-01
4.235294163227081299e-01 2.980392277240753174e-01 2.941176593303680420e-01 2.980392277240753174e-01
2.941176593303680420e-01 2.980392277240753174e-01 2.941176593303680420e-01 2.078431397676467896e-01
2.941176593303680420e-01 2.078431397676467896e-01 2.117647081613540649e-01 2.078431397676467896e-01
2.117647081613540649e-01 2.078431397676467896e-01 2.117647081613540649e-01 7.333333492279052734e-01
2.117647081613540649e-01 7.333333492279052734e-01 4.235294163227081299e-01 7.333333492279052734e-01
4.235294163227081299e-01 7.333333492279052734e-01 4.235294163227081299e-01 5.372549295425415039e-01
4.235294163227081299e-01 5.372549295425415039e-01 5.960784554481506348e-01 5.372549295425415039e-01
5.960784554481506348e-01 5.372549295425415039e-01 6.627451181411743164e-01 5.372549295425415039e-01
6.627451181411743164e-01 5.372549295425415039e-01 6.627451181411743164e-01 4.666666686534881592e-01
6.627451181411743164e-01 4.666666686534881592e-01 5.294117927551269531e-01 4.666666686534881592e-01
5.294117927551269531e-01 4.666666686534881592e-01 4.235294163227081299e-01 4.666666686534881592e-01
4.235294163227081299e-01 4.666666686534881592e-01 4.235294163227081299e-01 2.980392277240753174e-01
4.235294163227081299e-01 2.980392277240753174e-01 4.235294163227081299e-01 2.980392277240753174e-01
4.235294163227081299e-01 7.333333492279052734e-01 2.117647081613540649e-01 7.333333492279052734e-01
2.117647081613540649e-01 7.333333492279052734e-01 2.117647081613540649e-01 8.352941274642944336e-01
2.117647081613540649e-01 8.352941274642944336e-01 4.235294163227081299e-01 8.352941274642944336e-01
4.235294163227081299e-01 8.352941274642944336e-01 4.235294163227081299e-01 7.333333492279052734e-01
4.235294163227081299e-01 7.333333492279052734e-01 4.235294163227081299e-01 7.333333492279052734e-01
6.627451181411743164e-01 3.843137323856353760e-01 6.627451181411743164e-01 4.666666686534881592e-01
6.627451181411743164e-01 4.666666686534881592e-01 6.627451181411743164e-01 5.372549295425415039e-01
6.627451181411743164e-01 5.372549295425415039e-01 7.882353067398071289e-01 5.372549295425415039e-01
7.882353067398071289e-01 5.372549295425415039e-01 7.882353067398071289e-01 3.843137323856353760e-01
7.882353067398071289e-01 3.843137323856353760e-01 6.627451181411743164e-01 3.843137323856353760e-01
6.627451181411743164e-01 3.843137323856353760e-01 6.627451181411743164e-01 3.843137323856353760e-01
