4.627451002597808838e-01 6.705882549285888672e-01 5.294117927551269531e-01 6.705882549285888672e-01
5.294117927551269531e-01 6.705882549285888672e-01 5.294117927551269531e-01 5.490196347236633301e-01
5.294117927551269531e-01 5.490196347236633301e-01 4.627451002597808838e-01 5.490196347236633301e-01
4.627451002597808838e-01 5.490196347236633301e-01 4.627451002597808838e-01 6.705882549285888672e-01
4.627451002597808838e-01 6.705882549285888672e-01 4.627451002597808838e-01 6.705882549285888672e-01
5.294117927551269531e-01 2.549019753932952881e-01 2.666666805744171143e-01 2.549019753932952881e-01
2.666666805744171143e-01 2.549019753932952881e-01 2.666666805744171143e-01 6.705882549285888672e-01
2.666666805744171143e-01 6.705882549285888672e-01 4.627451002597808838e-01 6.705882549285888672e-01
4.627451002597808838e-01 6.705882549285888672e-01 4.627451002597808838e-01 5.490196347236633301e-01
4.627451002597808838e-01 5.490196347236633301e-01 5.294117927551269531e-01 5.490196347236633301e-01
5.294117927551269531e-01 5.490196347236633301e-01 5.294117927551269531e-01 3.294117748737335205e-01
5.294117927551269531e-01 3.294117748737335205e-01 5.294117927551269531e-01 2.549019753932952881e-01
5.294117927551269531e-01 2.549019753932952881e-01 5.294117927551269531e-01 2.549019753932952881e-01
5.294117927551269531e-01 6.705882549285888672e-01 6.588235497474670410e-01 6.705882549285888672e-01
6.588235497474670410e-01 6.705882549285888672e-01 6.588235497474670410e-01 7.725490331649780273e-01
6.588235497474670410e-01 7.725490331649780273e-01 7.372549176216125488e-01 7.725490331649780273e-01
7.372549176216125488e-01 7.725490331649780273e-01 7.372549176216125488e-01 3.294117748737335205e-01
7.372549176216125488e-01 3.294117748737335205e-01 5.294117927551269531e-01 3.294117748737335205e-01
5.294117927551269531e-01 3.294117748737335205e-01 5.294117927551269531e-01 5.490196347236633301e-01
5.294117927551269531e-01 5.490196347236633301e-01 5.294117927551269531e-01 6.705882549285888672e-01
5.294117927551269531e-01 6.705882549285888672e-01 5.294117927551269531e-01 6.705882549285888672e-01
7.372549176216125488e-01 2.549019753932952881e-01 5.294117927551269531e-01 2.549019753932952881e-01
5.294117927551269531e-01 2.549019753932952881e-01 5.294117927551269531e-01 3.294117748737335205e-01
5.294117927551269531e-01 3.294117748737335205e-01 7.372549176216125488e-01 3.294117748737335205e-01
7.372549176216125488e-01 3.294117748737335205e-01 7.372549176216125488e-01 2.549019753932952881e-01
7.372549176216125488e-01 2.549019753932952881e-01 7.372549176216125488e-01 2.549019753932952881e-01
5.294117927551269531e-01 6.705882549285888672e-01 4.627451002597808838e-01 6.705882549285888672e-01
4.627451002597808838e-01 6.705882549285888672e-01 4.627451002597808838e-01 7.725490331649780273e-01
4.627451002597808838e-01 7.725490331649780273e-01 6.588235497474670410e-01 7.725490331649780273e-01
6.588235497474670410e-01 7.725490331649780273e-01 6.588235497474670410e-01 6.705882549285888672e-01
6.588235497474670410e-01 6.705882549285888672e-01 5.294117927551269531e-01 6.705882549285888672e-01
5.294117927551269531e-01 6.705882549285888672e-01 5.294117927551269531e-01 6.705882549285888672e-01
