4.313725531101226807e-01 4.549019634723663330e-01 3.490196168422698975e-01 4.549019634723663330e-01
3.490196168422698975e-01 4.549019634723663330e-01 3.490196168422698975e-01 5.294117927551269531e-01
3.490196168422698975e-01 5.294117927551269531e-01 4.313725531101226807e-01 5.294117927551269531e-01
4.313725531101226807e-01 5.294117927551269531e-01 4.313725531101226807e-01 4.549019634723663330e-01
4.313725531101226807e-01 4.549019634723663330e-01 4.313725531101226807e-01 4.549019634723663330e-01
4.313725531101226807e-01 5.294117927551269531e-01 3.490196168422698975e-01 5.294117927551269531e-01
3.490196168422698975e-01 5.294117927551269531e-01 3.490196168422698975e-01 7.294117808341979980e-01
3.490196168422698975e-01 7.294117808341979980e-01 5.215686559677124023e-01 7.294117808341979980e-01
5.215686559677124023e-01 7.294117808341979980e-01 5.215686559677124023e-01 6.862745285034179688e-01
5.215686559677124023e-01 6.862745285034179688e-01 5.215686559677124023e-01 5.294117927551269531e-01
5.215686559677124023e-01 5.294117927551269531e-01 4.313725531101226807e-01 5.294117927551269531e-01
4.313725531101226807e-01 5.294117927551269531e-01 4.313725531101226807e-01 5.294117927551269531e-01
2.823529541492462158e-01 4.549019634723663330e-01 3.490196168422698975e-01 4.549019634723663330e-01
3.490196168422698975e-01 4.549019634723663330e-01 4.313725531101226807e-01 4.549019634723663330e-01
4.313725531101226807e-01 4.549019634723663330e-01 4.313725531101226807e-01 2.313725501298904419e-01
4.313725531101226807e-01 2.313725501298904419e-01 2.823529541492462158e-01 2.313725501298904419e-01
2.823529541492462158e-01 2.313725501298904419e-01 2.823529541492462158e-01 4.549019634723663330e-01
2.823529541492462158e-01 4.549019634723663330e-01 2.823529541492462158e-01 4.549019634723663330e-01
4.313725531101226807e-01 5.294117927551269531e-01 5.215686559677124023e-01 5.294117927551269531e-01
5.215686559677124023e-01 5.294117927551269531e-01 5.215686559677124023e-01 6.862745285034179688e-01
5.215686559677124023e-01 6.862745285034179688e-01 7.176470756530761719e-01 6.862745285034179688e-01
7.176470756530761719e-01 6.862745285034179688e-01 7.176470756530761719e-01 2.313725501298904419e-01
7.176470756530761719e-01 2.313725501298904419e-01 4.313725531101226807e-01 2.313725501298904419e-01
4.313725531101226807e-01 2.313725501298904419e-01 4.313725531101226807e-01 4.549019634723663330e-01
4.313725531101226807e-01 4.549019634723663330e-01 4.313725531101226807e-01 5.294117927551269531e-01
4.313725531101226807e-01 5.294117927551269531e-01 4.313725531101226807e-01 5.294117927551269531e-01
5.215686559677124023e-01 6.862745285034179688e-01 5.215686559677124023e-01 7.294117808341979980e-01
5.215686559677124023e-01 7.294117808341979980e-01 5.215686559677124023e-01 7.725490331649780273e-01
5.215686559677124023e-01 7.725490331649780273e-01 7.176470756530761719e-01 7.725490331649780273e-01
7.176470756530761719e-01 7.725490331649780273e-01 7.176470756530761719e-01 6.862745285034179688e-01
7.176470756530761719e-01 6.862745285034179688e-01 5.215686559677124023e-01 6.862745285034179688e-01
5.215686559677124023e-01 6.862745285034179688e-01 5.215686559677124023e-01 6.862745285034179688e-01
