5.843137502670288086e-01 1.960784345865249634e-01 4.862745106220245361e-01 1.960784345865249634e-01
4.862745106220245361e-01 1.960784345865249634e-01 4.862745106220245361e-01 2.941176593303680420e-01
4.862745106220245361e-01 2.941176593303680420e-01 5.843137502670288086e-01 2.941176593303680420e-01
5.843137502670288086e-01 2.941176593303680420e-01 5.843137502670288086e-01 1.960784345865249634e-01
5.843137502670288086e-01 1.960784345865249634e-01 5.843137502670288086e-01 1.960784345865249634e-01
4.862745106220245361e-01 1.960784345865249634e-01 3.647058904170989990e-01 1.960784345865249634e-01
3.647058904170989990e-01 1.960784345865249634e-01 3.647058904170989990e-01 2.941176593303680420e-01
3.647058904170989990e-01 2.941176593303680420e-01 4.862745106220245361e-01 2.941176593303680420e-01
4.862745106220245361e-01 2.941176593303680420e-01 4.862745106220245361e-01 1.960784345865249634e-01
4.862745106220245361e-01 1.960784345865249634e-01 4.862745106220245361e-01 1.960784345865249634e-01
8.156862854957580566e-01 3.921568691730499268e-01 7.176470756530761719e-01 3.921568691730499268e-01
7.176470756530761719e-01 3.921568691730499268e-01 7.176470756530761719e-01 5.921568870544433594e-01
7.176470756530761719e-01 5.921568870544433594e-01 8.156862854957580566e-01 5.921568870544433594e-01
8.156862854957580566e-01 5.921568870544433594e-01 8.156862854957580566e-01 3.921568691730499268e-01
8.156862854957580566e-01 3.921568691730499268e-01 8.156862854957580566e-01 3.921568691730499268e-01
8.156862854957580566e-01 1.960784345865249634e-01 5.843137502670288086e-01 1.960784345865249634e-01
5.843137502670288086e-01 1.960784345865249634e-01 5.843137502670288086e-01 2.941176593303680420e-01
5.843137502670288086e-01 2.941176593303680420e-01 4.862745106220245361e-01 2.941176593303680420e-01
4.862745106220245361e-01 2.941176593303680420e-01 4.862745106220245361e-01 3.921568691730499268e-01
4.862745106220245361e-01 3.921568691730499268e-01 7.176470756530761719e-01 3.921568691730499268e-01
7.176470756530761719e-01 3.921568691730499268e-01 8.156862854957580566e-01 3.921568691730499268e-01
8.156862854957580566e-01 3.921568691730499268e-01 8.156862854957580566e-01 1.960784345865249634e-01
8.156862854957580566e-01 1.960784345865249634e-01 8.156862854957580566e-01 1.960784345865249634e-01
2.509804069995880127e-01 3.647058904170989990e-01 1.843137294054031372e-01 3.647058904170989990e-01
1.843137294054031372e-01 3.647058904170989990e-01 1.843137294054031372e-01 5.254902243614196777e-01
1.843137294054031372e-01 5.254902243614196777e-01 2.509804069995880127e-01 5.254902243614196777e-01
2.509804069995880127e-01 5.254902243614196777e-01 4.000000059604644775e-01 5.254902243614196777e-01
4.000000059604644775e-01 5.254902243614196777e-01 4.000000059604644775e-01 3.647058904170989990e-01
4.000000059604644775e-01 3.647058904170989990e-01 3.647058904170989990e-01 3.647058904170989990e-01
3.647058904170989990e-01 3.647058904170989990e-01 2.509804069995880127e-01 3.647058904170989990e-01
2.509804069995880127e-01 3.647058904170989990e-01 2.509804069995880127e-01 3.647058904170989990e-01
3.647058904170989990e-01 1.960784345865249634e-01 1.843137294054031372e-01 1.960784345865249634e-01
1.843137294054031372e-01 1.960784345865249634e-01 1.843137294054031372e-01 3.647058904170989990e-01
1.843137294054031372e-01 3.647058904170989990e-01 2.509804069995880127e-01 3.647058904170989990e-01
2.509804069995880127e-01 3.647058904170989990e-01 3.647058904170989990e-01 3.647058904170989990e-01
3.647058904170989990e-01 3.647058904170989990e-01 3.647058904170989990e-01 2.941176593303680420e-01
3.647058904170989990e-01 2.941176593303680420e-01 3.647058904170989990e-01 1.960784345865249634e-01
3.647058904170989990e-01 1.960784345865249634e-01 3.647058904170989990e-01 1.960784345865249634e-01
7.176470756530761719e-01 3.921568691730499268e-01 4.862745106220245361e-01 3.921568691730499268e-01
4.862745106220245361e-01 3.921568691730499268e-01 4.862745106220245361e-01 2.941176593303680420e-01
4.862745106220245361e-01 2.941176593303680420e-01 3.647058904170989990e-01 2.941176593303680420e-01
3.647058904170989990e-01 2.941176593303680420e-01 3.647058904170989990e-01 3.647058904170989990e-01
3.647058904170989990e-01 3.647058904170989990e-01 4.000000059604644775e-01 3.647058904170989990e-01
4.000000059604644775e-01 3.647058904170989990e-01 4.000000059604644775e-01 5.254902243614196777e-01
4.000000059604644775e-01 5.254902243614196777e-01 2.509804069995880127e-01 5.254902243614196777e-01
2.509804069995880127e-01 5.254902243614196777e-01 2.509804069995880127e-01 6.980392336845397949e-01
2.509804069995880127e-01 6.980392336845397949e-01 3.843137323856353760e-01 6.980392336845397949e-01
3.843137323856353760e-01 6.980392336845397949e-01 3.843137323856353760e-01 8.039215803146362305e-01
3.843137323856353760e-01 8.039215803146362305e-01 7.176470756530761719e-01 8.039215803146362305e-01
7.176470756530761719e-01 8.039215803146362305e-01 7.176470756530761719e-01 5.921568870544433594e-01
7.176470756530761719e-01 5.921568870544433594e-01 7.176470756530761719e-01 3.921568691730499268e-01
7.176470756530761719e-01 3.921568691730499268e-01 7.176470756530761719e-01 3.921568691730499268e-01
1.843137294054031372e-01 6.980392336845397949e-01 1.843137294054031372e-01 8.039215803146362305e-01
1.843137294054031372e-01 8.039215803146362305e-01 2.509804069995880127e-01 8.039215803146362305e-01
2.509804069995880127e-01 8.039215803146362305e-01 3.843137323856353760e-01 8.039215803146362305e-01
3.843137323856353760e-01 8.039215803146362305e-01 3.843137323856353760e-01 6.980392336845397949e-01
3.843137323856353760e-01 6.980392336845397949e-01 2.509804069995880127e-01 6.980392336845397949e-01
2.509804069995880127e-01 6.980392336845397949e-01 1.843137294054031372e-01 6.980392336845397949e-01
1.843137294054031372e-01 6.980392336845397949e-01 1.843137294054031372e-01 6.980392336845397949e-01
2.509804069995880127e-01 5.254902243614196777e-01 1.843137294054031372e-01 5.254902243614196777e-01
1.843137294054031372e-01 5.254902243614196777e-01 1.843137294054031372e-01 6.980392336845397949e-01
1.843137294054031372e-01 6.980392336845397949e-01 2.509804069995880127e-01 6.980392336845397949e-01
2.509804069995880127e-01 6.980392336845397949e-01 2.509804069995880127e-01 5.254902243614196777e-01
2.509804069995880127e-01 5.254902243614196777e-01 2.509804069995880127e-01 5.254902243614196777e-01
