6.862745285034179688e-01 5.882353186607360840e-01 5.882353186607360840e-01 5.882353186607360840e-01
5.882353186607360840e-01 5.882353186607360840e-01 5.882353186607360840e-01 6.274510025978088379e-01
5.882353186607360840e-01 6.274510025978088379e-01 5.882353186607360840e-01 7.490196228027343750e-01
5.882353186607360840e-01 7.490196228027343750e-01 6.862745285034179688e-01 7.490196228027343750e-01
6.862745285034179688e-01 7.490196228027343750e-01 6.862745285034179688e-01 6.274510025978088379e-01
6.862745285034179688e-01 6.274510025978088379e-01 6.862745285034179688e-01 5.882353186607360840e-01
6.862745285034179688e-01 5.882353186607360840e-01 6.862745285034179688e-01 5.882353186607360840e-01
3.019607961177825928e-01 2.941176593303680420e-01 1.568627506494522095e-01 2.941176593303680420e-01
1.568627506494522095e-01 2.941176593303680420e-01 1.568627506494522095e-01 3.921568691730499268e-01
1.568627506494522095e-01 3.921568691730499268e-01 3.019607961177825928e-01 3.921568691730499268e-01
3.019607961177825928e-01 3.921568691730499268e-01 3.019607961177825928e-01 2.941176593303680420e-01
3.019607961177825928e-01 2.941176593303680420e-01 3.019607961177825928e-01 2.941176593303680420e-01
3.843137323856353760e-01 5.882353186607360840e-01 3.019607961177825928e-01 5.882353186607360840e-01
3.019607961177825928e-01 5.882353186607360840e-01 3.019607961177825928e-01 7.490196228027343750e-01
3.019607961177825928e-01 7.490196228027343750e-01 3.843137323856353760e-01 7.490196228027343750e-01
3.843137323856353760e-01 7.490196228027343750e-01 3.843137323856353760e-01 6.274510025978088379e-01
3.843137323856353760e-01 6.274510025978088379e-01 3.843137323856353760e-01 5.882353186607360840e-01
3.843137323856353760e-01 5.882353186607360840e-01 3.843137323856353760e-01 5.882353186607360840e-01
3.843137323856353760e-01 2.941176593303680420e-01 3.019607961177825928e-01 2.941176593303680420e-01
3.019607961177825928e-01 2.941176593303680420e-01 3.019607961177825928e-01 3.921568691730499268e-01
3.019607961177825928e-01 3.921568691730499268e-01 1.568627506494522095e-01 3.921568691730499268e-01
1.568627506494522095e-01 3.921568691730499268e-01 1.568627506494522095e-01 5.882353186607360840e-01
1.568627506494522095e-01 5.882353186607360840e-01 3.019607961177825928e-01 5.882353186607360840e-01
3.019607961177825928e-01 5.882353186607360840e-01 3.843137323856353760e-01 5.882353186607360840e-01
3.843137323856353760e-01 5.882353186607360840e-01 3.843137323856353760e-01 4.901960790157318115e-01
3.843137323856353760e-01 4.901960790157318115e-01 3.843137323856353760e-01 2.941176593303680420e-01
3.843137323856353760e-01 2.941176593303680420e-01 3.843137323856353760e-01 2.941176593303680420e-01
5.490196347236633301e-01 2.941176593303680420e-01 5.490196347236633301e-01 2.549019753932952881e-01
5.490196347236633301e-01 2.549019753932952881e-01 3.843137323856353760e-01 2.549019753932952881e-01
3.843137323856353760e-01 2.549019753932952881e-01 3.843137323856353760e-01 2.941176593303680420e-01
3.843137323856353760e-01 2.941176593303680420e-01 3.843137323856353760e-01 4.901960790157318115e-01
3.843137323856353760e-01 4.901960790157318115e-01 5.490196347236633301e-01 4.901960790157318115e-01
5.490196347236633301e-01 4.901960790157318115e-01 5.490196347236633301e-01 2.941176593303680420e-01
5.490196347236633301e-01 2.941176593303680420e-01 5.490196347236633301e-01 2.941176593303680420e-01
5.882353186607360840e-01 5.882353186607360840e-01 3.843137323856353760e-01 5.882353186607360840e-01
3.843137323856353760e-01 5.882353186607360840e-01 3.843137323856353760e-01 6.274510025978088379e-01
3.843137323856353760e-01 6.274510025978088379e-01 3.843137323856353760e-01 7.490196228027343750e-01
3.843137323856353760e-01 7.490196228027343750e-01 5.882353186607360840e-01 7.490196228027343750e-01
5.882353186607360840e-01 7.490196228027343750e-01 5.882353186607360840e-01 6.274510025978088379e-01
5.882353186607360840e-01 6.274510025978088379e-01 5.882353186607360840e-01 5.882353186607360840e-01
5.882353186607360840e-01 5.882353186607360840e-01 5.882353186607360840e-01 5.882353186607360840e-01
8.862745165824890137e-01 2.941176593303680420e-01 6.509804129600524902e-01 2.941176593303680420e-01
6.509804129600524902e-01 2.941176593303680420e-01 6.509804129600524902e-01 4.901960790157318115e-01
6.509804129600524902e-01 4.901960790157318115e-01 5.490196347236633301e-01 4.901960790157318115e-01
5.490196347236633301e-01 4.901960790157318115e-01 3.843137323856353760e-01 4.901960790157318115e-01
3.843137323856353760e-01 4.901960790157318115e-01 3.843137323856353760e-01 5.882353186607360840e-01
3.843137323856353760e-01 5.882353186607360840e-01 5.882353186607360840e-01 5.882353186607360840e-01
5.882353186607360840e-01 5.882353186607360840e-01 6.862745285034179688e-01 5.882353186607360840e-01
6.862745285034179688e-01 5.882353186607360840e-01 6.862745285034179688e-01 6.274510025978088379e-01
6.862745285034179688e-01 6.274510025978088379e-01 8.862745165824890137e-01 6.274510025978088379e-01
8.862745165824890137e-01 6.274510025978088379e-01 8.862745165824890137e-01 2.941176593303680420e-01
8.862745165824890137e-01 2.941176593303680420e-01 8.862745165824890137e-01 2.941176593303680420e-01
6.509804129600524902e-01 2.941176593303680420e-01 5.490196347236633301e-01 2.941176593303680420e-01
5.490196347236633301e-01 2.941176593303680420e-01 5.490196347236633301e-01 4.901960790157318115e-01
5.490196347236633301e-01 4.901960790157318115e-01 6.509804129600524902e-01 4.901960790157318115e-01
6.509804129600524902e-01 4.901960790157318115e-01 6.509804129600524902e-01 2.941176593303680420e-01
6.509804129600524902e-01 2.941176593303680420e-01 6.509804129600524902e-01 2.941176593303680420e-01
