8.509804010391235352e-01 2.941176593303680420e-01 7.686274647712707520e-01 2.941176593303680420e-01
7.686274647712707520e-01 2.941176593303680420e-01 7.686274647712707520e-01 4.392156898975372314e-01
7.686274647712707520e-01 4.392156898975372314e-01 8.509804010391235352e-01 4.392156898975372314e-01
8.509804010391235352e-01 4.392156898975372314e-01 8.509804010391235352e-01 2.941176593303680420e-01
8.509804010391235352e-01 2.941176593303680420e-01 8.509804010391235352e-01 2.941176593303680420e-01
3.647058904170989990e-01 4.235294163227081299e-01 2.078431397676467896e-01 4.235294163227081299e-01
2.078431397676467896e-01 4.235294163227081299e-01 2.078431397676467896e-01 6.039215922355651855e-01
2.078431397676467896e-01 6.039215922355651855e-01 4.000000059604644775e-01 6.039215922355651855e-01
4.000000059604644775e-01 6.039215922355651855e-01 4.000000059604644775e-01 4.823529422283172607e-01
4.000000059604644775e-01 4.823529422283172607e-01 4.666666686534881592e-01 4.823529422283172607e-01
4.666666686534881592e-01 4.823529422283172607e-01 4.666666686534881592e-01 4.235294163227081299e-01
4.666666686534881592e-01 4.235294163227081299e-01 3.647058904170989990e-01 4.235294163227081299e-01
3.647058904170989990e-01 4.235294163227081299e-01 3.647058904170989990e-01 4.235294163227081299e-01
4.666666686534881592e-01 4.823529422283172607e-01 4.000000059604644775e-01 4.823529422283172607e-01
4.000000059604644775e-01 4.823529422283172607e-01 4.000000059604644775e-01 6.039215922355651855e-01
4.000000059604644775e-01 6.039215922355651855e-01 4.000000059604644775e-01 6.549019813537597656e-01
4.000000059604644775e-01 6.549019813537597656e-01 4.666666686534881592e-01 6.549019813537597656e-01
4.666666686534881592e-01 6.549019813537597656e-01 5.647059082984924316e-01 6.549019813537597656e-01
5.647059082984924316e-01 6.549019813537597656e-01 5.647059082984924316e-01 4.823529422283172607e-01
5.647059082984924316e-01 4.823529422283172607e-01 4.666666686534881592e-01 4.823529422283172607e-01
4.666666686534881592e-01 4.823529422283172607e-01 4.666666686534881592e-01 4.823529422283172607e-01
7.686274647712707520e-01 2.941176593303680420e-01 5.450980663299560547e-01 2.941176593303680420e-01
5.450980663299560547e-01 2.941176593303680420e-01 5.450980663299560547e-01 4.235294163227081299e-01
5.450980663299560547e-01 4.235294163227081299e-01 4.666666686534881592e-01 4.235294163227081299e-01
4.666666686534881592e-01 4.235294163227081299e-01 4.666666686534881592e-01 4.823529422283172607e-01
4.666666686534881592e-01 4.823529422283172607e-01 5.647059082984924316e-01 4.823529422283172607e-01
5.647059082984924316e-01 4.823529422283172607e-01 5.647059082984924316e-01 6.549019813537597656e-01
5.647059082984924316e-01 6.549019813537597656e-01 4.666666686534881592e-01 6.549019813537597656e-01
4.666666686534881592e-01 6.549019813537597656e-01 4.666666686534881592e-01 7.098039388656616211e-01
4.666666686534881592e-01 7.098039388656616211e-01 8.509804010391235352e-01 7.098039388656616211e-01
8.509804010391235352e-01 7.098039388656616211e-01 8.509804010391235352e-01 4.392156898975372314e-01
8.509804010391235352e-01 4.392156898975372314e-01 7.686274647712707520e-01 4.392156898975372314e-01
7.686274647712707520e-01 4.392156898975372314e-01 7.686274647712707520e-01 2.941176593303680420e-01
7.686274647712707520e-01 2.941176593303680420e-01 7.686274647712707520e-01 2.941176593303680420e-01
2.078431397676467896e-01 4.235294163227081299e-01 1.490196138620376587e-01 4.235294163227081299e-01
1.490196138620376587e-01 4.235294163227081299e-01 1.490196138620376587e-01 6.039215922355651855e-01
1.490196138620376587e-01 6.039215922355651855e-01 2.078431397676467896e-01 6.039215922355651855e-01
2.078431397676467896e-01 6.039215922355651855e-01 2.078431397676467896e-01 4.235294163227081299e-01
2.078431397676467896e-01 4.235294163227081299e-01 2.078431397676467896e-01 4.235294163227081299e-01
4.666666686534881592e-01 2.941176593303680420e-01 3.647058904170989990e-01 2.941176593303680420e-01
3.647058904170989990e-01 2.941176593303680420e-01 3.647058904170989990e-01 4.235294163227081299e-01
3.647058904170989990e-01 4.235294163227081299e-01 4.666666686534881592e-01 4.235294163227081299e-01
4.666666686534881592e-01 4.235294163227081299e-01 5.450980663299560547e-01 4.235294163227081299e-01
5.450980663299560547e-01 4.235294163227081299e-01 5.450980663299560547e-01 2.941176593303680420e-01
5.450980663299560547e-01 2.941176593303680420e-01 4.666666686534881592e-01 2.941176593303680420e-01
4.666666686534881592e-01 2.941176593303680420e-01 4.666666686534881592e-01 2.941176593303680420e-01
