5.764706134796142578e-01 2.117647081613540649e-01 4.392156898975372314e-01 2.117647081613540649e-01
4.392156898975372314e-01 2.117647081613540649e-01 4.392156898975372314e-01 3.215686380863189697e-01
4.392156898975372314e-01 3.215686380863189697e-01 5.764706134796142578e-01 3.215686380863189697e-01
5.764706134796142578e-01 3.215686380863189697e-01 5.764706134796142578e-01 2.588235437870025635e-01
5.764706134796142578e-01 2.588235437870025635e-01 5.764706134796142578e-01 2.117647081613540649e-01
5.764706134796142578e-01 2.117647081613540649e-01 5.764706134796142578e-01 2.117647081613540649e-01
5.764706134796142578e-01 7.882353067398071289e-01 7.098039388656616211e-01 7.882353067398071289e-01
7.098039388656616211e-01 7.882353067398071289e-01 7.764706015586853027e-01 7.882353067398071289e-01
7.764706015586853027e-01 7.882353067398071289e-01 7.764706015586853027e-01 6.823529601097106934e-01
7.764706015586853027e-01 6.823529601097106934e-01 7.098039388656616211e-01 6.823529601097106934e-01
7.098039388656616211e-01 6.823529601097106934e-01 5.764706134796142578e-01 6.823529601097106934e-01
5.764706134796142578e-01 6.823529601097106934e-01 5.764706134796142578e-01 7.882353067398071289e-01
5.764706134796142578e-01 7.882353067398071289e-01 5.764706134796142578e-01 7.882353067398071289e-01
4.392156898975372314e-01 2.117647081613540649e-01 2.235294133424758911e-01 2.117647081613540649e-01
2.235294133424758911e-01 2.117647081613540649e-01 2.235294133424758911e-01 4.117647111415863037e-01
2.235294133424758911e-01 4.117647111415863037e-01 3.058823645114898682e-01 4.117647111415863037e-01
3.058823645114898682e-01 4.117647111415863037e-01 4.392156898975372314e-01 4.117647111415863037e-01
4.392156898975372314e-01 4.117647111415863037e-01 4.392156898975372314e-01 3.215686380863189697e-01
4.392156898975372314e-01 3.215686380863189697e-01 4.392156898975372314e-01 2.117647081613540649e-01
4.392156898975372314e-01 2.117647081613540649e-01 4.392156898975372314e-01 2.117647081613540649e-01
7.098039388656616211e-01 4.117647111415863037e-01 7.607843279838562012e-01 4.117647111415863037e-01
7.607843279838562012e-01 4.117647111415863037e-01 7.607843279838562012e-01 2.588235437870025635e-01
7.607843279838562012e-01 2.588235437870025635e-01 5.764706134796142578e-01 2.588235437870025635e-01
5.764706134796142578e-01 2.588235437870025635e-01 5.764706134796142578e-01 3.215686380863189697e-01
5.764706134796142578e-01 3.215686380863189697e-01 5.764706134796142578e-01 4.117647111415863037e-01
5.764706134796142578e-01 4.117647111415863037e-01 7.098039388656616211e-01 4.117647111415863037e-01
7.098039388656616211e-01 4.117647111415863037e-01 7.098039388656616211e-01 4.117647111415863037e-01
5.764706134796142578e-01 3.215686380863189697e-01 4.392156898975372314e-01 3.215686380863189697e-01
4.392156898975372314e-01 3.215686380863189697e-01 4.392156898975372314e-01 4.117647111415863037e-01
4.392156898975372314e-01 4.117647111415863037e-01 3.058823645114898682e-01 4.117647111415863037e-01
3.058823645114898682e-01 4.117647111415863037e-01 3.058823645114898682e-01 6.274510025978088379e-01
3.058823645114898682e-01 6.274510025978088379e-01 3.058823645114898682e-01 7.882353067398071289e-01
3.058823645114898682e-01 7.882353067398071289e-01 5.764706134796142578e-01 7.882353067398071289e-01
5.764706134796142578e-01 7.882353067398071289e-01 5.764706134796142578e-01 6.823529601097106934e-01
5.764706134796142578e-01 6.823529601097106934e-01 7.098039388656616211e-01 6.823529601097106934e-01
7.098039388656616211e-01 6.823529601097106934e-01 7.098039388656616211e-01 5.450980663299560547e-01
7.098039388656616211e-01 5.450980663299560547e-01 5.764706134796142578e-01 5.450980663299560547e-01
5.764706134796142578e-01 5.450980663299560547e-01 5.764706134796142578e-01 4.117647111415863037e-01
5.764706134796142578e-01 4.117647111415863037e-01 5.764706134796142578e-01 3.215686380863189697e-01
5.764706134796142578e-01 3.215686380863189697e-01 5.764706134796142578e-01 3.215686380863189697e-01
3.058823645114898682e-01 6.274510025978088379e-01 3.058823645114898682e-01 4.117647111415863037e-01
3.058823645114898682e-01 4.117647111415863037e-01 2.235294133424758911e-01 4.117647111415863037e-01
2.235294133424758911e-01 4.117647111415863037e-01 2.235294133424758911e-01 6.274510025978088379e-01
2.235294133424758911e-01 6.274510025978088379e-01 3.058823645114898682e-01 6.274510025978088379e-01
3.058823645114898682e-01 6.274510025978088379e-01 3.058823645114898682e-01 6.274510025978088379e-01
5.764706134796142578e-01 4.117647111415863037e-01 5.764706134796142578e-01 5.450980663299560547e-01
5.764706134796142578e-01 5.450980663299560547e-01 7.098039388656616211e-01 5.450980663299560547e-01
7.098039388656616211e-01 5.450980663299560547e-01 7.607843279838562012e-01 5.450980663299560547e-01
7.607843279838562012e-01 5.450980663299560547e-01 7.607843279838562012e-01 4.117647111415863037e-01
7.607843279838562012e-01 4.117647111415863037e-01 7.098039388656616211e-01 4.117647111415863037e-01
7.098039388656616211e-01 4.117647111415863037e-01 5.764706134796142578e-01 4.117647111415863037e-01
5.764706134796142578e-01 4.117647111415863037e-01 5.764706134796142578e-01 4.117647111415863037e-01
