4.039215743541717529e-01 6.941176652908325195e-01 4.862745106220245361e-01 6.941176652908325195e-01
4.862745106220245361e-01 6.941176652908325195e-01 4.862745106220245361e-01 5.803921818733215332e-01
4.862745106220245361e-01 5.803921818733215332e-01 4.039215743541717529e-01 5.803921818733215332e-01
4.039215743541717529e-01 5.803921818733215332e-01 4.039215743541717529e-01 6.941176652908325195e-01
4.039215743541717529e-01 6.941176652908325195e-01 4.039215743541717529e-01 6.941176652908325195e-01
8.666666746139526367e-01 4.078431427478790283e-01 8.666666746139526367e-01 3.098039329051971436e-01
8.666666746139526367e-01 3.098039329051971436e-01 7.843137383460998535e-01 3.098039329051971436e-01
7.843137383460998535e-01 3.098039329051971436e-01 7.843137383460998535e-01 4.078431427478790283e-01
7.843137383460998535e-01 4.078431427478790283e-01 8.666666746139526367e-01 4.078431427478790283e-01
8.666666746139526367e-01 4.078431427478790283e-01 8.666666746139526367e-01 4.078431427478790283e-01
1.333333402872085571e-01 5.176470875740051270e-01 2.235294133424758911e-01 5.176470875740051270e-01
2.235294133424758911e-01 5.176470875740051270e-01 2.235294133424758911e-01 3.098039329051971436e-01
2.235294133424758911e-01 3.098039329051971436e-01 1.333333402872085571e-01 3.098039329051971436e-01
1.333333402872085571e-01 3.098039329051971436e-01 1.333333402872085571e-01 5.176470875740051270e-01
1.333333402872085571e-01 5.176470875740051270e-01 1.333333402872085571e-01 5.176470875740051270e-01
2.235294133424758911e-01 5.176470875740051270e-01 1.333333402872085571e-01 5.176470875740051270e-01
1.333333402872085571e-01 5.176470875740051270e-01 1.333333402872085571e-01 6.941176652908325195e-01
1.333333402872085571e-01 6.941176652908325195e-01 4.039215743541717529e-01 6.941176652908325195e-01
4.039215743541717529e-01 6.941176652908325195e-01 4.039215743541717529e-01 5.803921818733215332e-01
4.039215743541717529e-01 5.803921818733215332e-01 4.862745106220245361e-01 5.803921818733215332e-01
4.862745106220245361e-01 5.803921818733215332e-01 4.862745106220245361e-01 5.176470875740051270e-01
4.862745106220245361e-01 5.176470875740051270e-01 2.235294133424758911e-01 5.176470875740051270e-01
2.235294133424758911e-01 5.176470875740051270e-01 2.235294133424758911e-01 5.176470875740051270e-01
4.862745106220245361e-01 6.941176652908325195e-01 6.862745285034179688e-01 6.941176652908325195e-01
6.862745285034179688e-01 6.941176652908325195e-01 6.862745285034179688e-01 5.803921818733215332e-01
6.862745285034179688e-01 5.803921818733215332e-01 6.862745285034179688e-01 5.176470875740051270e-01
6.862745285034179688e-01 5.176470875740051270e-01 4.862745106220245361e-01 5.176470875740051270e-01
4.862745106220245361e-01 5.176470875740051270e-01 4.862745106220245361e-01 5.803921818733215332e-01
4.862745106220245361e-01 5.803921818733215332e-01 4.862745106220245361e-01 6.941176652908325195e-01
4.862745106220245361e-01 6.941176652908325195e-01 4.862745106220245361e-01 6.941176652908325195e-01
6.862745285034179688e-01 6.941176652908325195e-01 8.666666746139526367e-01 6.941176652908325195e-01
8.666666746139526367e-01 6.941176652908325195e-01 8.666666746139526367e-01 5.176470875740051270e-01
8.666666746139526367e-01 5.176470875740051270e-01 7.843137383460998535e-01 5.176470875740051270e-01
7.843137383460998535e-01 5.176470875740051270e-01 6.862745285034179688e-01 5.176470875740051270e-01
6.862745285034179688e-01 5.176470875740051270e-01 6.862745285034179688e-01 5.803921818733215332e-01
6.862745285034179688e-01 5.803921818733215332e-01 6.862745285034179688e-01 6.941176652908325195e-01
6.862745285034179688e-01 6.941176652908325195e-01 6.862745285034179688e-01 6.941176652908325195e-01
2.235294133424758911e-01 5.176470875740051270e-01 4.862745106220245361e-01 5.176470875740051270e-01
4.862745106220245361e-01 5.176470875740051270e-01 6.862745285034179688e-01 5.176470875740051270e-01
6.862745285034179688e-01 5.176470875740051270e-01 7.843137383460998535e-01 5.176470875740051270e-01
7.843137383460998535e-01 5.176470875740051270e-01 7.843137383460998535e-01 4.431372582912445068e-01
7.843137383460998535e-01 4.431372582912445068e-01 6.862745285034179688e-01 4.431372582912445068e-01
6.862745285034179688e-01 4.431372582912445068e-01 6.862745285034179688e-01 3.098039329051971436e-01
6.862745285034179688e-01 3.098039329051971436e-01 2.235294133424758911e-01 3.098039329051971436e-01
2.235294133424758911e-01 3.098039329051971436e-01 2.235294133424758911e-01 5.176470875740051270e-01
2.235294133424758911e-01 5.176470875740051270e-01 2.235294133424758911e-01 5.176470875740051270e-01
7.843137383460998535e-01 3.098039329051971436e-01 6.862745285034179688e-01 3.098039329051971436e-01
6.862745285034179688e-01 3.098039329051971436e-01 6.862745285034179688e-01 4.431372582912445068e-01
6.862745285034179688e-01 4.431372582912445068e-01 7.843137383460998535e-01 4.431372582912445068e-01
7.843137383460998535e-01 4.431372582912445068e-01 7.843137383460998535e-01 4.078431427478790283e-01
7.843137383460998535e-01 4.078431427478790283e-01 7.843137383460998535e-01 3.098039329051971436e-01
7.843137383460998535e-01 3.098039329051971436e-01 7.843137383460998535e-01 3.098039329051971436e-01
7.843137383460998535e-01 5.176470875740051270e-01 8.666666746139526367e-01 5.176470875740051270e-01
8.666666746139526367e-01 5.176470875740051270e-01 8.666666746139526367e-01 4.078431427478790283e-01
8.666666746139526367e-01 4.078431427478790283e-01 7.843137383460998535e-01 4.078431427478790283e-01
7.843137383460998535e-01 4.078431427478790283e-01 7.843137383460998535e-01 4.431372582912445068e-01
7.843137383460998535e-01 4.431372582912445068e-01 7.843137383460998535e-01 5.176470875740051270e-01
7.843137383460998535e-01 5.176470875740051270e-01 7.843137383460998535e-01 5.176470875740051270e-01
