4.235294163227081299e-01 2.705882489681243896e-01 3.098039329051971436e-01 2.705882489681243896e-01
3.098039329051971436e-01 2.705882489681243896e-01 3.098039329051971436e-01 4.039215743541717529e-01
3.098039329051971436e-01 4.039215743541717529e-01 4.235294163227081299e-01 4.039215743541717529e-01
4.235294163227081299e-01 4.039215743541717529e-01 4.235294163227081299e-01 2.705882489681243896e-01
4.235294163227081299e-01 2.705882489681243896e-01 4.235294163227081299e-01 2.705882489681243896e-01
5.254902243614196777e-01 2.705882489681243896e-01 4.235294163227081299e-01 2.705882489681243896e-01
4.235294163227081299e-01 2.705882489681243896e-01 4.235294163227081299e-01 4.039215743541717529e-01
4.235294163227081299e-01 4.039215743541717529e-01 5.254902243614196777e-01 4.039215743541717529e-01
5.254902243614196777e-01 4.039215743541717529e-01 5.254902243614196777e-01 2.705882489681243896e-01
5.254902243614196777e-01 2.705882489681243896e-01 5.254902243614196777e-01 2.705882489681243896e-01
6.352941393852233887e-01 2.705882489681243896e-01 5.254902243614196777e-01 2.705882489681243896e-01
5.254902243614196777e-01 2.705882489681243896e-01 5.254902243614196777e-01 4.039215743541717529e-01
5.254902243614196777e-01 4.039215743541717529e-01 6.352941393852233887e-01 4.039215743541717529e-01
6.352941393852233887e-01 4.039215743541717529e-01 6.352941393852233887e-01 2.705882489681243896e-01
6.352941393852233887e-01 2.705882489681243896e-01 6.352941393852233887e-01 2.705882489681243896e-01
8.862745165824890137e-01 5.019608139991760254e-01 8.039215803146362305e-01 5.019608139991760254e-01
8.039215803146362305e-01 5.019608139991760254e-01 8.039215803146362305e-01 7.333333492279052734e-01
8.039215803146362305e-01 7.333333492279052734e-01 8.862745165824890137e-01 7.333333492279052734e-01
8.862745165824890137e-01 7.333333492279052734e-01 8.862745165824890137e-01 5.019608139991760254e-01
8.862745165824890137e-01 5.019608139991760254e-01 8.862745165824890137e-01 5.019608139991760254e-01
8.862745165824890137e-01 2.705882489681243896e-01 6.352941393852233887e-01 2.705882489681243896e-01
6.352941393852233887e-01 2.705882489681243896e-01 6.352941393852233887e-01 4.039215743541717529e-01
6.352941393852233887e-01 4.039215743541717529e-01 5.254902243614196777e-01 4.039215743541717529e-01
5.254902243614196777e-01 4.039215743541717529e-01 5.254902243614196777e-01 5.019608139991760254e-01
5.254902243614196777e-01 5.019608139991760254e-01 8.039215803146362305e-01 5.019608139991760254e-01
8.039215803146362305e-01 5.019608139991760254e-01 8.862745165824890137e-01 5.019608139991760254e-01
8.862745165824890137e-01 5.019608139991760254e-01 8.862745165824890137e-01 2.705882489681243896e-01
8.862745165824890137e-01 2.705882489681243896e-01 8.862745165824890137e-01 2.705882489681243896e-01
3.098039329051971436e-01 2.705882489681243896e-01 1.176470592617988586e-01 2.705882489681243896e-01
1.176470592617988586e-01 2.705882489681243896e-01 1.176470592617988586e-01 5.019608139991760254e-01
1.176470592617988586e-01 5.019608139991760254e-01 2.392156869173049927e-01 5.019608139991760254e-01
2.392156869173049927e-01 5.019608139991760254e-01 4.235294163227081299e-01 5.019608139991760254e-01
4.235294163227081299e-01 5.019608139991760254e-01 4.235294163227081299e-01 4.039215743541717529e-01
4.235294163227081299e-01 4.039215743541717529e-01 3.098039329051971436e-01 4.039215743541717529e-01
3.098039329051971436e-01 4.039215743541717529e-01 3.098039329051971436e-01 2.705882489681243896e-01
3.098039329051971436e-01 2.705882489681243896e-01 3.098039329051971436e-01 2.705882489681243896e-01
8.039215803146362305e-01 5.019608139991760254e-01 5.254902243614196777e-01 5.019608139991760254e-01
5.254902243614196777e-01 5.019608139991760254e-01 5.254902243614196777e-01 4.039215743541717529e-01
5.254902243614196777e-01 4.039215743541717529e-01 4.235294163227081299e-01 4.039215743541717529e-01
4.235294163227081299e-01 4.039215743541717529e-01 4.235294163227081299e-01 5.019608139991760254e-01
4.235294163227081299e-01 5.019608139991760254e-01 4.235294163227081299e-01 7.333333492279052734e-01
4.235294163227081299e-01 7.333333492279052734e-01 8.039215803146362305e-01 7.333333492279052734e-01
8.039215803146362305e-01 7.333333492279052734e-01 8.039215803146362305e-01 5.019608139991760254e-01
8.039215803146362305e-01 5.019608139991760254e-01 8.039215803146362305e-01 5.019608139991760254e-01
2.392156869173049927e-01 5.019608139991760254e-01 1.176470592617988586e-01 5.019608139991760254e-01
1.176470592617988586e-01 5.019608139991760254e-01 1.176470592617988586e-01 7.333333492279052734e-01
1.176470592617988586e-01 7.333333492279052734e-01 2.392156869173049927e-01 7.333333492279052734e-01
2.392156869173049927e-01 7.333333492279052734e-01 2.392156869173049927e-01 5.019608139991760254e-01
2.392156869173049927e-01 5.019608139991760254e-01 2.392156869173049927e-01 5.019608139991760254e-01
4.235294163227081299e-01 5.019608139991760254e-01 2.392156869173049927e-01 5.019608139991760254e-01
2.392156869173049927e-01 5.019608139991760254e-01 2.392156869173049927e-01 7.333333492279052734e-01
2.392156869173049927e-01 7.333333492279052734e-01 4.235294163227081299e-01 7.333333492279052734e-01
4.235294163227081299e-01 7.333333492279052734e-01 4.235294163227081299e-01 5.019608139991760254e-01
4.235294163227081299e-01 5.019608139991760254e-01 4.235294163227081299e-01 5.019608139991760254e-01
