4.784313738346099854e-01 5.725490450859069824e-01 5.843137502670288086e-01 5.725490450859069824e-01
5.843137502670288086e-01 5.725490450859069824e-01 7.529411911964416504e-01 5.725490450859069824e-01
7.529411911964416504e-01 5.725490450859069824e-01 7.882353067398071289e-01 5.725490450859069824e-01
7.882353067398071289e-01 5.725490450859069824e-01 7.882353067398071289e-01 3.686274588108062744e-01
7.882353067398071289e-01 3.686274588108062744e-01 4.784313738346099854e-01 3.686274588108062744e-01
4.784313738346099854e-01 3.686274588108062744e-01 4.784313738346099854e-01 5.725490450859069824e-01
4.784313738346099854e-01 5.725490450859069824e-01 4.784313738346099854e-01 5.725490450859069824e-01
2.117647081613540649e-01 5.725490450859069824e-01 2.823529541492462158e-01 5.725490450859069824e-01
2.823529541492462158e-01 5.725490450859069824e-01 2.823529541492462158e-01 3.686274588108062744e-01
2.823529541492462158e-01 3.686274588108062744e-01 2.117647081613540649e-01 3.686274588108062744e-01
2.117647081613540649e-01 3.686274588108062744e-01 2.117647081613540649e-01 5.725490450859069824e-01
2.117647081613540649e-01 5.725490450859069824e-01 2.117647081613540649e-01 5.725490450859069824e-01
7.529411911964416504e-01 5.725490450859069824e-01 5.843137502670288086e-01 5.725490450859069824e-01
5.843137502670288086e-01 5.725490450859069824e-01 5.843137502670288086e-01 6.313725709915161133e-01
5.843137502670288086e-01 6.313725709915161133e-01 7.529411911964416504e-01 6.313725709915161133e-01
7.529411911964416504e-01 6.313725709915161133e-01 7.529411911964416504e-01 5.725490450859069824e-01
7.529411911964416504e-01 5.725490450859069824e-01 7.529411911964416504e-01 5.725490450859069824e-01
2.823529541492462158e-01 5.725490450859069824e-01 4.784313738346099854e-01 5.725490450859069824e-01
4.784313738346099854e-01 5.725490450859069824e-01 4.784313738346099854e-01 3.686274588108062744e-01
4.784313738346099854e-01 3.686274588108062744e-01 2.823529541492462158e-01 3.686274588108062744e-01
2.823529541492462158e-01 3.686274588108062744e-01 2.823529541492462158e-01 5.725490450859069824e-01
2.823529541492462158e-01 5.725490450859069824e-01 2.823529541492462158e-01 5.725490450859069824e-01
