6.235294342041015625e-01 3.254902064800262451e-01 2.509804069995880127e-01 3.254902064800262451e-01
2.509804069995880127e-01 3.254902064800262451e-01 2.509804069995880127e-01 6.745098233222961426e-01
2.509804069995880127e-01 6.745098233222961426e-01 5.686274766921997070e-01 6.745098233222961426e-01
5.686274766921997070e-01 6.745098233222961426e-01 5.686274766921997070e-01 4.431372582912445068e-01
5.686274766921997070e-01 4.431372582912445068e-01 6.235294342041015625e-01 4.431372582912445068e-01
6.235294342041015625e-01 4.431372582912445068e-01 6.235294342041015625e-01 3.254902064800262451e-01
6.235294342041015625e-01 3.254902064800262451e-01 6.235294342041015625e-01 3.254902064800262451e-01
7.490196228027343750e-01 3.254902064800262451e-01 6.235294342041015625e-01 3.254902064800262451e-01
6.235294342041015625e-01 3.254902064800262451e-01 6.235294342041015625e-01 4.431372582912445068e-01
6.235294342041015625e-01 4.431372582912445068e-01 7.490196228027343750e-01 4.431372582912445068e-01
7.490196228027343750e-01 4.431372582912445068e-01 7.490196228027343750e-01 3.254902064800262451e-01
7.490196228027343750e-01 3.254902064800262451e-01 7.490196228027343750e-01 3.254902064800262451e-01
6.235294342041015625e-01 4.431372582912445068e-01 5.686274766921997070e-01 4.431372582912445068e-01
5.686274766921997070e-01 4.431372582912445068e-01 5.686274766921997070e-01 6.745098233222961426e-01
5.686274766921997070e-01 6.745098233222961426e-01 6.235294342041015625e-01 6.745098233222961426e-01
6.235294342041015625e-01 6.745098233222961426e-01 7.490196228027343750e-01 6.745098233222961426e-01
7.490196228027343750e-01 6.745098233222961426e-01 7.490196228027343750e-01 4.431372582912445068e-01
7.490196228027343750e-01 4.431372582912445068e-01 6.235294342041015625e-01 4.431372582912445068e-01
6.235294342041015625e-01 4.431372582912445068e-01 6.235294342041015625e-01 4.431372582912445068e-01
