7.137255072593688965e-01 3.372549116611480713e-01 5.686274766921997070e-01 3.372549116611480713e-01
5.686274766921997070e-01 3.372549116611480713e-01 5.686274766921997070e-01 4.705882370471954346e-01
5.686274766921997070e-01 4.705882370471954346e-01 7.137255072593688965e-01 4.705882370471954346e-01
7.137255072593688965e-01 4.705882370471954346e-01 7.137255072593688965e-01 3.372549116611480713e-01
7.137255072593688965e-01 3.372549116611480713e-01 7.137255072593688965e-01 3.372549116611480713e-01
2.078431397676467896e-01 6.666666865348815918e-01 3.490196168422698975e-01 6.666666865348815918e-01
3.490196168422698975e-01 6.666666865348815918e-01 3.490196168422698975e-01 5.098039507865905762e-01
3.490196168422698975e-01 5.098039507865905762e-01 2.078431397676467896e-01 5.098039507865905762e-01
2.078431397676467896e-01 5.098039507865905762e-01 2.078431397676467896e-01 6.666666865348815918e-01
2.078431397676467896e-01 6.666666865348815918e-01 2.078431397676467896e-01 6.666666865348815918e-01
5.686274766921997070e-01 3.372549116611480713e-01 3.490196168422698975e-01 3.372549116611480713e-01
3.490196168422698975e-01 3.372549116611480713e-01 3.490196168422698975e-01 4.705882370471954346e-01
3.490196168422698975e-01 4.705882370471954346e-01 5.686274766921997070e-01 4.705882370471954346e-01
5.686274766921997070e-01 4.705882370471954346e-01 5.686274766921997070e-01 3.372549116611480713e-01
5.686274766921997070e-01 3.372549116611480713e-01 5.686274766921997070e-01 3.372549116611480713e-01
7.137255072593688965e-01 4.705882370471954346e-01 5.686274766921997070e-01 4.705882370471954346e-01
5.686274766921997070e-01 4.705882370471954346e-01 5.686274766921997070e-01 6.666666865348815918e-01
5.686274766921997070e-01 6.666666865348815918e-01 7.921568751335144043e-01 6.666666865348815918e-01
7.921568751335144043e-01 6.666666865348815918e-01 7.921568751335144043e-01 4.705882370471954346e-01
7.921568751335144043e-01 4.705882370471954346e-01 7.137255072593688965e-01 4.705882370471954346e-01
7.137255072593688965e-01 4.705882370471954346e-01 7.137255072593688965e-01 4.705882370471954346e-01
5.686274766921997070e-01 4.705882370471954346e-01 3.490196168422698975e-01 4.705882370471954346e-01
3.490196168422698975e-01 4.705882370471954346e-01 3.490196168422698975e-01 5.098039507865905762e-01
3.490196168422698975e-01 5.098039507865905762e-01 3.490196168422698975e-01 6.666666865348815918e-01
3.490196168422698975e-01 6.666666865348815918e-01 5.686274766921997070e-01 6.666666865348815918e-01
5.686274766921997070e-01 6.666666865348815918e-01 5.686274766921997070e-01 4.705882370471954346e-01
5.686274766921997070e-01 4.705882370471954346e-01 5.686274766921997070e-01 4.705882370471954346e-01
7.921568751335144043e-01 3.372549116611480713e-01 7.137255072593688965e-01 3.372549116611480713e-01
7.137255072593688965e-01 3.372549116611480713e-01 7.137255072593688965e-01 4.705882370471954346e-01
7.137255072593688965e-01 4.705882370471954346e-01 7.921568751335144043e-01 4.705882370471954346e-01
7.921568751335144043e-01 4.705882370471954346e-01 7.921568751335144043e-01 3.372549116611480713e-01
7.921568751335144043e-01 3.372549116611480713e-01 7.921568751335144043e-01 3.372549116611480713e-01
