3.333333432674407959e-01 3.254902064800262451e-01 3.333333432674407959e-01 4.000000059604644775e-01
3.333333432674407959e-01 4.000000059604644775e-01 4.313725531101226807e-01 4.000000059604644775e-01
4.313725531101226807e-01 4.000000059604644775e-01 4.313725531101226807e-01 3.254902064800262451e-01
4.313725531101226807e-01 3.254902064800262451e-01 3.333333432674407959e-01 3.254902064800262451e-01
3.333333432674407959e-01 3.254902064800262451e-01 3.333333432674407959e-01 3.254902064800262451e-01
3.333333432674407959e-01 4.000000059604644775e-01 3.333333432674407959e-01 5.411764979362487793e-01
3.333333432674407959e-01 5.411764979362487793e-01 4.313725531101226807e-01 5.411764979362487793e-01
4.313725531101226807e-01 5.411764979362487793e-01 4.313725531101226807e-01 4.000000059604644775e-01
4.313725531101226807e-01 4.000000059604644775e-01 3.333333432674407959e-01 4.000000059604644775e-01
3.333333432674407959e-01 4.000000059604644775e-01 3.333333432674407959e-01 4.000000059604644775e-01
6.705882549285888672e-01 9.019608050584793091e-02 3.333333432674407959e-01 9.019608050584793091e-02
3.333333432674407959e-01 9.019608050584793091e-02 3.333333432674407959e-01 2.627451121807098389e-01
3.333333432674407959e-01 2.627451121807098389e-01 4.980392158031463623e-01 2.627451121807098389e-01
4.980392158031463623e-01 2.627451121807098389e-01 6.705882549285888672e-01 2.627451121807098389e-01
6.705882549285888672e-01 2.627451121807098389e-01 6.705882549285888672e-01 9.019608050584793091e-02
6.705882549285888672e-01 9.019608050584793091e-02 6.705882549285888672e-01 9.019608050584793091e-02
6.705882549285888672e-01 2.627451121807098389e-01 4.980392158031463623e-01 2.627451121807098389e-01
4.980392158031463623e-01 2.627451121807098389e-01 4.980392158031463623e-01 3.960784375667572021e-01
4.980392158031463623e-01 3.960784375667572021e-01 6.705882549285888672e-01 3.960784375667572021e-01
6.705882549285888672e-01 3.960784375667572021e-01 6.705882549285888672e-01 2.627451121807098389e-01
6.705882549285888672e-01 2.627451121807098389e-01 6.705882549285888672e-01 2.627451121807098389e-01
4.980392158031463623e-01 2.627451121807098389e-01 3.333333432674407959e-01 2.627451121807098389e-01
3.333333432674407959e-01 2.627451121807098389e-01 3.333333432674407959e-01 3.254902064800262451e-01
3.333333432674407959e-01 3.254902064800262451e-01 4.313725531101226807e-01 3.254902064800262451e-01
4.313725531101226807e-01 3.254902064800262451e-01 4.313725531101226807e-01 4.000000059604644775e-01
4.313725531101226807e-01 4.000000059604644775e-01 4.313725531101226807e-01 5.411764979362487793e-01
4.313725531101226807e-01 5.411764979362487793e-01 3.333333432674407959e-01 5.411764979362487793e-01
3.333333432674407959e-01 5.411764979362487793e-01 3.333333432674407959e-01 8.274509906768798828e-01
3.333333432674407959e-01 8.274509906768798828e-01 4.705882370471954346e-01 8.274509906768798828e-01
4.705882370471954346e-01 8.274509906768798828e-01 6.705882549285888672e-01 8.274509906768798828e-01
6.705882549285888672e-01 8.274509906768798828e-01 6.705882549285888672e-01 3.960784375667572021e-01
6.705882549285888672e-01 3.960784375667572021e-01 4.980392158031463623e-01 3.960784375667572021e-01
4.980392158031463623e-01 3.960784375667572021e-01 4.980392158031463623e-01 2.627451121807098389e-01
4.980392158031463623e-01 2.627451121807098389e-01 4.980392158031463623e-01 2.627451121807098389e-01
6.705882549285888672e-01 9.098039269447326660e-01 6.705882549285888672e-01 8.274509906768798828e-01
6.705882549285888672e-01 8.274509906768798828e-01 4.705882370471954346e-01 8.274509906768798828e-01
4.705882370471954346e-01 8.274509906768798828e-01 4.705882370471954346e-01 9.098039269447326660e-01
4.705882370471954346e-01 9.098039269447326660e-01 6.705882549285888672e-01 9.098039269447326660e-01
6.705882549285888672e-01 9.098039269447326660e-01 6.705882549285888672e-01 9.098039269447326660e-01
