4.941176474094390869e-01 6.745098233222961426e-01 6.117647290229797363e-01 6.745098233222961426e-01
6.117647290229797363e-01 6.745098233222961426e-01 6.117647290229797363e-01 6.039215922355651855e-01
6.117647290229797363e-01 6.039215922355651855e-01 6.117647290229797363e-01 5.686274766921997070e-01
6.117647290229797363e-01 5.686274766921997070e-01 4.941176474094390869e-01 5.686274766921997070e-01
4.941176474094390869e-01 5.686274766921997070e-01 4.941176474094390869e-01 6.039215922355651855e-01
4.941176474094390869e-01 6.039215922355651855e-01 4.941176474094390869e-01 6.745098233222961426e-01
4.941176474094390869e-01 6.745098233222961426e-01 4.941176474094390869e-01 6.745098233222961426e-01
4.196078479290008545e-01 6.745098233222961426e-01 4.941176474094390869e-01 6.745098233222961426e-01
4.941176474094390869e-01 6.745098233222961426e-01 4.941176474094390869e-01 6.039215922355651855e-01
4.941176474094390869e-01 6.039215922355651855e-01 4.941176474094390869e-01 5.686274766921997070e-01
4.941176474094390869e-01 5.686274766921997070e-01 4.196078479290008545e-01 5.686274766921997070e-01
4.196078479290008545e-01 5.686274766921997070e-01 4.196078479290008545e-01 6.039215922355651855e-01
4.196078479290008545e-01 6.039215922355651855e-01 4.196078479290008545e-01 6.745098233222961426e-01
4.196078479290008545e-01 6.745098233222961426e-01 4.196078479290008545e-01 6.745098233222961426e-01
1.764705926179885864e-01 4.901960790157318115e-01 8.627451211214065552e-02 4.901960790157318115e-01
8.627451211214065552e-02 4.901960790157318115e-01 8.627451211214065552e-02 6.745098233222961426e-01
8.627451211214065552e-02 6.745098233222961426e-01 1.764705926179885864e-01 6.745098233222961426e-01
1.764705926179885864e-01 6.745098233222961426e-01 1.764705926179885864e-01 4.901960790157318115e-01
1.764705926179885864e-01 4.901960790157318115e-01 1.764705926179885864e-01 4.901960790157318115e-01
4.196078479290008545e-01 4.901960790157318115e-01 1.764705926179885864e-01 4.901960790157318115e-01
1.764705926179885864e-01 4.901960790157318115e-01 1.764705926179885864e-01 6.745098233222961426e-01
1.764705926179885864e-01 6.745098233222961426e-01 4.196078479290008545e-01 6.745098233222961426e-01
4.196078479290008545e-01 6.745098233222961426e-01 4.196078479290008545e-01 6.039215922355651855e-01
4.196078479290008545e-01 6.039215922355651855e-01 4.196078479290008545e-01 5.686274766921997070e-01
4.196078479290008545e-01 5.686274766921997070e-01 4.196078479290008545e-01 4.901960790157318115e-01
4.196078479290008545e-01 4.901960790157318115e-01 4.196078479290008545e-01 4.901960790157318115e-01
1.764705926179885864e-01 4.901960790157318115e-01 4.196078479290008545e-01 4.901960790157318115e-01
4.196078479290008545e-01 4.901960790157318115e-01 4.196078479290008545e-01 3.254902064800262451e-01
4.196078479290008545e-01 3.254902064800262451e-01 1.764705926179885864e-01 3.254902064800262451e-01
1.764705926179885864e-01 3.254902064800262451e-01 1.764705926179885864e-01 4.901960790157318115e-01
1.764705926179885864e-01 4.901960790157318115e-01 1.764705926179885864e-01 4.901960790157318115e-01
4.196078479290008545e-01 3.254902064800262451e-01 4.196078479290008545e-01 4.901960790157318115e-01
4.196078479290008545e-01 4.901960790157318115e-01 4.196078479290008545e-01 5.686274766921997070e-01
4.196078479290008545e-01 5.686274766921997070e-01 4.941176474094390869e-01 5.686274766921997070e-01
4.941176474094390869e-01 5.686274766921997070e-01 6.117647290229797363e-01 5.686274766921997070e-01
6.117647290229797363e-01 5.686274766921997070e-01 6.117647290229797363e-01 6.039215922355651855e-01
6.117647290229797363e-01 6.039215922355651855e-01 6.901960968971252441e-01 6.039215922355651855e-01
6.901960968971252441e-01 6.039215922355651855e-01 6.901960968971252441e-01 4.784313738346099854e-01
6.901960968971252441e-01 4.784313738346099854e-01 8.431372642517089844e-01 4.784313738346099854e-01
8.431372642517089844e-01 4.784313738346099854e-01 8.431372642517089844e-01 3.254902064800262451e-01
8.431372642517089844e-01 3.254902064800262451e-01 4.196078479290008545e-01 3.254902064800262451e-01
4.196078479290008545e-01 3.254902064800262451e-01 4.196078479290008545e-01 3.254902064800262451e-01
8.431372642517089844e-01 6.039215922355651855e-01 9.176470637321472168e-01 6.039215922355651855e-01
9.176470637321472168e-01 6.039215922355651855e-01 9.176470637321472168e-01 4.784313738346099854e-01
9.176470637321472168e-01 4.784313738346099854e-01 8.431372642517089844e-01 4.784313738346099854e-01
8.431372642517089844e-01 4.784313738346099854e-01 8.431372642517089844e-01 6.039215922355651855e-01
8.431372642517089844e-01 6.039215922355651855e-01 8.431372642517089844e-01 6.039215922355651855e-01
6.901960968971252441e-01 6.039215922355651855e-01 8.431372642517089844e-01 6.039215922355651855e-01
8.431372642517089844e-01 6.039215922355651855e-01 8.431372642517089844e-01 4.784313738346099854e-01
8.431372642517089844e-01 4.784313738346099854e-01 6.901960968971252441e-01 4.784313738346099854e-01
6.901960968971252441e-01 4.784313738346099854e-01 6.901960968971252441e-01 6.039215922355651855e-01
6.901960968971252441e-01 6.039215922355651855e-01 6.901960968971252441e-01 6.039215922355651855e-01
