8.431372642517089844e-01 6.901960968971252441e-01 6.588235497474670410e-01 6.901960968971252441e-01
6.588235497474670410e-01 6.901960968971252441e-01 6.588235497474670410e-01 8.000000119209289551e-01
6.588235497474670410e-01 8.000000119209289551e-01 8.431372642517089844e-01 8.000000119209289551e-01
8.431372642517089844e-01 8.000000119209289551e-01 8.431372642517089844e-01 6.901960968971252441e-01
8.431372642517089844e-01 6.901960968971252441e-01 8.431372642517089844e-01 6.901960968971252441e-01
3.607843220233917236e-01 1.372549086809158325e-01 2.509804069995880127e-01 1.372549086809158325e-01
2.509804069995880127e-01 1.372549086809158325e-01 2.509804069995880127e-01 3.294117748737335205e-01
2.509804069995880127e-01 3.294117748737335205e-01 3.607843220233917236e-01 3.294117748737335205e-01
3.607843220233917236e-01 3.294117748737335205e-01 3.607843220233917236e-01 1.372549086809158325e-01
3.607843220233917236e-01 1.372549086809158325e-01 3.607843220233917236e-01 1.372549086809158325e-01
2.509804069995880127e-01 7.333333492279052734e-01 2.509804069995880127e-01 5.019608139991760254e-01
2.509804069995880127e-01 5.019608139991760254e-01 1.568627506494522095e-01 5.019608139991760254e-01
1.568627506494522095e-01 5.019608139991760254e-01 1.568627506494522095e-01 7.333333492279052734e-01
1.568627506494522095e-01 7.333333492279052734e-01 2.509804069995880127e-01 7.333333492279052734e-01
2.509804069995880127e-01 7.333333492279052734e-01 2.509804069995880127e-01 7.333333492279052734e-01
6.588235497474670410e-01 3.294117748737335205e-01 6.588235497474670410e-01 1.372549086809158325e-01
6.588235497474670410e-01 1.372549086809158325e-01 4.431372582912445068e-01 1.372549086809158325e-01
4.431372582912445068e-01 1.372549086809158325e-01 4.431372582912445068e-01 3.294117748737335205e-01
4.431372582912445068e-01 3.294117748737335205e-01 5.254902243614196777e-01 3.294117748737335205e-01
5.254902243614196777e-01 3.294117748737335205e-01 6.588235497474670410e-01 3.294117748737335205e-01
6.588235497474670410e-01 3.294117748737335205e-01 6.588235497474670410e-01 3.294117748737335205e-01
3.607843220233917236e-01 3.294117748737335205e-01 2.509804069995880127e-01 3.294117748737335205e-01
2.509804069995880127e-01 3.294117748737335205e-01 2.509804069995880127e-01 5.019608139991760254e-01
2.509804069995880127e-01 5.019608139991760254e-01 4.431372582912445068e-01 5.019608139991760254e-01
4.431372582912445068e-01 5.019608139991760254e-01 4.431372582912445068e-01 3.294117748737335205e-01
4.431372582912445068e-01 3.294117748737335205e-01 3.607843220233917236e-01 3.294117748737335205e-01
3.607843220233917236e-01 3.294117748737335205e-01 3.607843220233917236e-01 3.294117748737335205e-01
6.588235497474670410e-01 6.901960968971252441e-01 6.588235497474670410e-01 5.019608139991760254e-01
6.588235497474670410e-01 5.019608139991760254e-01 5.254902243614196777e-01 5.019608139991760254e-01
5.254902243614196777e-01 5.019608139991760254e-01 5.254902243614196777e-01 3.294117748737335205e-01
5.254902243614196777e-01 3.294117748737335205e-01 4.431372582912445068e-01 3.294117748737335205e-01
4.431372582912445068e-01 3.294117748737335205e-01 4.431372582912445068e-01 5.019608139991760254e-01
4.431372582912445068e-01 5.019608139991760254e-01 2.509804069995880127e-01 5.019608139991760254e-01
2.509804069995880127e-01 5.019608139991760254e-01 2.509804069995880127e-01 7.333333492279052734e-01
2.509804069995880127e-01 7.333333492279052734e-01 3.254902064800262451e-01 7.333333492279052734e-01
3.254902064800262451e-01 7.333333492279052734e-01 5.176470875740051270e-01 7.333333492279052734e-01
5.176470875740051270e-01 7.333333492279052734e-01 5.176470875740051270e-01 8.627451062202453613e-01
5.176470875740051270e-01 8.627451062202453613e-01 6.588235497474670410e-01 8.627451062202453613e-01
6.588235497474670410e-01 8.627451062202453613e-01 6.588235497474670410e-01 8.000000119209289551e-01
6.588235497474670410e-01 8.000000119209289551e-01 6.588235497474670410e-01 6.901960968971252441e-01
6.588235497474670410e-01 6.901960968971252441e-01 6.588235497474670410e-01 6.901960968971252441e-01
3.254902064800262451e-01 8.627451062202453613e-01 5.176470875740051270e-01 8.627451062202453613e-01
5.176470875740051270e-01 8.627451062202453613e-01 5.176470875740051270e-01 7.333333492279052734e-01
5.176470875740051270e-01 7.333333492279052734e-01 3.254902064800262451e-01 7.333333492279052734e-01
3.254902064800262451e-01 7.333333492279052734e-01 3.254902064800262451e-01 8.627451062202453613e-01
3.254902064800262451e-01 8.627451062202453613e-01 3.254902064800262451e-01 8.627451062202453613e-01
2.509804069995880127e-01 7.333333492279052734e-01 2.509804069995880127e-01 8.627451062202453613e-01
2.509804069995880127e-01 8.627451062202453613e-01 3.254902064800262451e-01 8.627451062202453613e-01
3.254902064800262451e-01 8.627451062202453613e-01 3.254902064800262451e-01 7.333333492279052734e-01
3.254902064800262451e-01 7.333333492279052734e-01 2.509804069995880127e-01 7.333333492279052734e-01
2.509804069995880127e-01 7.333333492279052734e-01 2.509804069995880127e-01 7.333333492279052734e-01
4.431372582912445068e-01 1.372549086809158325e-01 3.607843220233917236e-01 1.372549086809158325e-01
3.607843220233917236e-01 1.372549086809158325e-01 3.607843220233917236e-01 3.294117748737335205e-01
3.607843220233917236e-01 3.294117748737335205e-01 4.431372582912445068e-01 3.294117748737335205e-01
4.431372582912445068e-01 3.294117748737335205e-01 4.431372582912445068e-01 1.372549086809158325e-01
4.431372582912445068e-01 1.372549086809158325e-01 4.431372582912445068e-01 1.372549086809158325e-01
6.588235497474670410e-01 5.019608139991760254e-01 6.588235497474670410e-01 3.294117748737335205e-01
6.588235497474670410e-01 3.294117748737335205e-01 5.254902243614196777e-01 3.294117748737335205e-01
5.254902243614196777e-01 3.294117748737335205e-01 5.254902243614196777e-01 5.019608139991760254e-01
5.254902243614196777e-01 5.019608139991760254e-01 6.588235497474670410e-01 5.019608139991760254e-01
6.588235497474670410e-01 5.019608139991760254e-01 6.588235497474670410e-01 5.019608139991760254e-01
