3.333333432674407959e-01 5.803921818733215332e-01 4.431372582912445068e-01 5.803921818733215332e-01
4.431372582912445068e-01 5.803921818733215332e-01 4.431372582912445068e-01 7.607843279838562012e-01
4.431372582912445068e-01 7.607843279838562012e-01 6.666666865348815918e-01 7.607843279838562012e-01
6.666666865348815918e-01 7.607843279838562012e-01 6.666666865348815918e-01 3.372549116611480713e-01
6.666666865348815918e-01 3.372549116611480713e-01 4.431372582912445068e-01 3.372549116611480713e-01
4.431372582912445068e-01 3.372549116611480713e-01 4.431372582912445068e-01 4.941176474094390869e-01
4.431372582912445068e-01 4.941176474094390869e-01 3.333333432674407959e-01 4.941176474094390869e-01
3.333333432674407959e-01 4.941176474094390869e-01 3.333333432674407959e-01 5.803921818733215332e-01
3.333333432674407959e-01 5.803921818733215332e-01 3.333333432674407959e-01 5.803921818733215332e-01
4.431372582912445068e-01 5.803921818733215332e-01 3.333333432674407959e-01 5.803921818733215332e-01
3.333333432674407959e-01 5.803921818733215332e-01 3.333333432674407959e-01 7.607843279838562012e-01
3.333333432674407959e-01 7.607843279838562012e-01 4.431372582912445068e-01 7.607843279838562012e-01
4.431372582912445068e-01 7.607843279838562012e-01 4.431372582912445068e-01 5.803921818733215332e-01
4.431372582912445068e-01 5.803921818733215332e-01 4.431372582912445068e-01 5.803921818733215332e-01
3.333333432674407959e-01 3.372549116611480713e-01 3.333333432674407959e-01 4.941176474094390869e-01
3.333333432674407959e-01 4.941176474094390869e-01 4.431372582912445068e-01 4.941176474094390869e-01
4.431372582912445068e-01 4.941176474094390869e-01 4.431372582912445068e-01 3.372549116611480713e-01
4.431372582912445068e-01 3.372549116611480713e-01 3.333333432674407959e-01 3.372549116611480713e-01
3.333333432674407959e-01 3.372549116611480713e-01 3.333333432674407959e-01 3.372549116611480713e-01
6.666666865348815918e-01 2.392156869173049927e-01 4.431372582912445068e-01 2.392156869173049927e-01
4.431372582912445068e-01 2.392156869173049927e-01 4.431372582912445068e-01 3.372549116611480713e-01
4.431372582912445068e-01 3.372549116611480713e-01 6.666666865348815918e-01 3.372549116611480713e-01
6.666666865348815918e-01 3.372549116611480713e-01 6.666666865348815918e-01 2.392156869173049927e-01
6.666666865348815918e-01 2.392156869173049927e-01 6.666666865348815918e-01 2.392156869173049927e-01
