2.901960909366607666e-01 5.411764979362487793e-01 4.509803950786590576e-01 5.411764979362487793e-01
4.509803950786590576e-01 5.411764979362487793e-01 4.509803950786590576e-01 4.392156898975372314e-01
4.509803950786590576e-01 4.392156898975372314e-01 2.901960909366607666e-01 4.392156898975372314e-01
2.901960909366607666e-01 4.392156898975372314e-01 2.901960909366607666e-01 5.411764979362487793e-01
2.901960909366607666e-01 5.411764979362487793e-01 2.901960909366607666e-01 5.411764979362487793e-01
3.254902064800262451e-01 2.784313857555389404e-01 4.509803950786590576e-01 2.784313857555389404e-01
4.509803950786590576e-01 2.784313857555389404e-01 4.509803950786590576e-01 1.803921610116958618e-01
4.509803950786590576e-01 1.803921610116958618e-01 3.254902064800262451e-01 1.803921610116958618e-01
3.254902064800262451e-01 1.803921610116958618e-01 3.254902064800262451e-01 2.784313857555389404e-01
3.254902064800262451e-01 2.784313857555389404e-01 3.254902064800262451e-01 2.784313857555389404e-01
4.509803950786590576e-01 5.411764979362487793e-01 2.901960909366607666e-01 5.411764979362487793e-01
2.901960909366607666e-01 5.411764979362487793e-01 2.901960909366607666e-01 8.000000119209289551e-01
2.901960909366607666e-01 8.000000119209289551e-01 5.137255191802978516e-01 8.000000119209289551e-01
5.137255191802978516e-01 8.000000119209289551e-01 5.137255191802978516e-01 6.823529601097106934e-01
5.137255191802978516e-01 6.823529601097106934e-01 5.137255191802978516e-01 5.411764979362487793e-01
5.137255191802978516e-01 5.411764979362487793e-01 4.509803950786590576e-01 5.411764979362487793e-01
4.509803950786590576e-01 5.411764979362487793e-01 4.509803950786590576e-01 5.411764979362487793e-01
2.901960909366607666e-01 2.784313857555389404e-01 2.901960909366607666e-01 4.392156898975372314e-01
2.901960909366607666e-01 4.392156898975372314e-01 4.509803950786590576e-01 4.392156898975372314e-01
4.509803950786590576e-01 4.392156898975372314e-01 5.137255191802978516e-01 4.392156898975372314e-01
5.137255191802978516e-01 4.392156898975372314e-01 5.137255191802978516e-01 3.137255012989044189e-01
5.137255191802978516e-01 3.137255012989044189e-01 4.509803950786590576e-01 3.137255012989044189e-01
4.509803950786590576e-01 3.137255012989044189e-01 4.509803950786590576e-01 2.784313857555389404e-01
4.509803950786590576e-01 2.784313857555389404e-01 3.254902064800262451e-01 2.784313857555389404e-01
3.254902064800262451e-01 2.784313857555389404e-01 2.901960909366607666e-01 2.784313857555389404e-01
2.901960909366607666e-01 2.784313857555389404e-01 2.901960909366607666e-01 2.784313857555389404e-01
5.137255191802978516e-01 8.000000119209289551e-01 7.098039388656616211e-01 8.000000119209289551e-01
7.098039388656616211e-01 8.000000119209289551e-01 7.098039388656616211e-01 6.823529601097106934e-01
7.098039388656616211e-01 6.823529601097106934e-01 5.137255191802978516e-01 6.823529601097106934e-01
5.137255191802978516e-01 6.823529601097106934e-01 5.137255191802978516e-01 8.000000119209289551e-01
5.137255191802978516e-01 8.000000119209289551e-01 5.137255191802978516e-01 8.000000119209289551e-01
4.509803950786590576e-01 5.411764979362487793e-01 5.137255191802978516e-01 5.411764979362487793e-01
5.137255191802978516e-01 5.411764979362487793e-01 5.137255191802978516e-01 6.823529601097106934e-01
5.137255191802978516e-01 6.823529601097106934e-01 7.098039388656616211e-01 6.823529601097106934e-01
7.098039388656616211e-01 6.823529601097106934e-01 7.098039388656616211e-01 1.803921610116958618e-01
7.098039388656616211e-01 1.803921610116958618e-01 6.352941393852233887e-01 1.803921610116958618e-01
6.352941393852233887e-01 1.803921610116958618e-01 6.352941393852233887e-01 3.137255012989044189e-01
6.352941393852233887e-01 3.137255012989044189e-01 5.137255191802978516e-01 3.137255012989044189e-01
5.137255191802978516e-01 3.137255012989044189e-01 5.137255191802978516e-01 4.392156898975372314e-01
5.137255191802978516e-01 4.392156898975372314e-01 4.509803950786590576e-01 4.392156898975372314e-01
4.509803950786590576e-01 4.392156898975372314e-01 4.509803950786590576e-01 5.411764979362487793e-01
4.509803950786590576e-01 5.411764979362487793e-01 4.509803950786590576e-01 5.411764979362487793e-01
5.137255191802978516e-01 3.137255012989044189e-01 6.352941393852233887e-01 3.137255012989044189e-01
6.352941393852233887e-01 3.137255012989044189e-01 6.352941393852233887e-01 1.803921610116958618e-01
6.352941393852233887e-01 1.803921610116958618e-01 4.509803950786590576e-01 1.803921610116958618e-01
4.509803950786590576e-01 1.803921610116958618e-01 4.509803950786590576e-01 2.784313857555389404e-01
4.509803950786590576e-01 2.784313857555389404e-01 4.509803950786590576e-01 3.137255012989044189e-01
4.509803950786590576e-01 3.137255012989044189e-01 5.137255191802978516e-01 3.137255012989044189e-01
5.137255191802978516e-01 3.137255012989044189e-01 5.137255191802978516e-01 3.137255012989044189e-01
