4.392156898975372314e-01 4.117647111415863037e-01 5.254902243614196777e-01 4.117647111415863037e-01
5.254902243614196777e-01 4.117647111415863037e-01 5.254902243614196777e-01 2.705882489681243896e-01
5.254902243614196777e-01 2.705882489681243896e-01 4.392156898975372314e-01 2.705882489681243896e-01
4.392156898975372314e-01 2.705882489681243896e-01 4.392156898975372314e-01 4.117647111415863037e-01
4.392156898975372314e-01 4.117647111415863037e-01 4.392156898975372314e-01 4.117647111415863037e-01
7.803921699523925781e-01 4.117647111415863037e-01 6.901960968971252441e-01 4.117647111415863037e-01
6.901960968971252441e-01 4.117647111415863037e-01 6.901960968971252441e-01 5.058823823928833008e-01
6.901960968971252441e-01 5.058823823928833008e-01 7.803921699523925781e-01 5.058823823928833008e-01
7.803921699523925781e-01 5.058823823928833008e-01 7.803921699523925781e-01 4.117647111415863037e-01
7.803921699523925781e-01 4.117647111415863037e-01 7.803921699523925781e-01 4.117647111415863037e-01
4.392156898975372314e-01 6.980392336845397949e-01 2.196078449487686157e-01 6.980392336845397949e-01
2.196078449487686157e-01 6.980392336845397949e-01 2.196078449487686157e-01 8.352941274642944336e-01
2.196078449487686157e-01 8.352941274642944336e-01 5.019608139991760254e-01 8.352941274642944336e-01
5.019608139991760254e-01 8.352941274642944336e-01 5.019608139991760254e-01 6.980392336845397949e-01
5.019608139991760254e-01 6.980392336845397949e-01 4.392156898975372314e-01 6.980392336845397949e-01
4.392156898975372314e-01 6.980392336845397949e-01 4.392156898975372314e-01 6.980392336845397949e-01
6.901960968971252441e-01 4.117647111415863037e-01 5.960784554481506348e-01 4.117647111415863037e-01
5.960784554481506348e-01 4.117647111415863037e-01 5.960784554481506348e-01 4.823529422283172607e-01
5.960784554481506348e-01 4.823529422283172607e-01 5.960784554481506348e-01 6.980392336845397949e-01
5.960784554481506348e-01 6.980392336845397949e-01 7.803921699523925781e-01 6.980392336845397949e-01
7.803921699523925781e-01 6.980392336845397949e-01 7.803921699523925781e-01 5.058823823928833008e-01
7.803921699523925781e-01 5.058823823928833008e-01 6.901960968971252441e-01 5.058823823928833008e-01
6.901960968971252441e-01 5.058823823928833008e-01 6.901960968971252441e-01 4.117647111415863037e-01
6.901960968971252441e-01 4.117647111415863037e-01 6.901960968971252441e-01 4.117647111415863037e-01
4.392156898975372314e-01 6.980392336845397949e-01 5.019608139991760254e-01 6.980392336845397949e-01
5.019608139991760254e-01 6.980392336845397949e-01 5.960784554481506348e-01 6.980392336845397949e-01
5.960784554481506348e-01 6.980392336845397949e-01 5.960784554481506348e-01 4.823529422283172607e-01
5.960784554481506348e-01 4.823529422283172607e-01 4.392156898975372314e-01 4.823529422283172607e-01
4.392156898975372314e-01 4.823529422283172607e-01 4.392156898975372314e-01 6.980392336845397949e-01
4.392156898975372314e-01 6.980392336845397949e-01 4.392156898975372314e-01 6.980392336845397949e-01
5.254902243614196777e-01 4.117647111415863037e-01 5.960784554481506348e-01 4.117647111415863037e-01
5.960784554481506348e-01 4.117647111415863037e-01 6.901960968971252441e-01 4.117647111415863037e-01
6.901960968971252441e-01 4.117647111415863037e-01 6.901960968971252441e-01 2.705882489681243896e-01
6.901960968971252441e-01 2.705882489681243896e-01 5.960784554481506348e-01 2.705882489681243896e-01
5.960784554481506348e-01 2.705882489681243896e-01 5.254902243614196777e-01 2.705882489681243896e-01
5.254902243614196777e-01 2.705882489681243896e-01 5.254902243614196777e-01 4.117647111415863037e-01
5.254902243614196777e-01 4.117647111415863037e-01 5.254902243614196777e-01 4.117647111415863037e-01
5.254902243614196777e-01 4.117647111415863037e-01 4.392156898975372314e-01 4.117647111415863037e-01
4.392156898975372314e-01 4.117647111415863037e-01 4.392156898975372314e-01 2.705882489681243896e-01
4.392156898975372314e-01 2.705882489681243896e-01 3.176470696926116943e-01 2.705882489681243896e-01
3.176470696926116943e-01 2.705882489681243896e-01 3.176470696926116943e-01 2.235294133424758911e-01
3.176470696926116943e-01 2.235294133424758911e-01 2.196078449487686157e-01 2.235294133424758911e-01
2.196078449487686157e-01 2.235294133424758911e-01 2.196078449487686157e-01 6.980392336845397949e-01
2.196078449487686157e-01 6.980392336845397949e-01 4.392156898975372314e-01 6.980392336845397949e-01
4.392156898975372314e-01 6.980392336845397949e-01 4.392156898975372314e-01 4.823529422283172607e-01
4.392156898975372314e-01 4.823529422283172607e-01 5.960784554481506348e-01 4.823529422283172607e-01
5.960784554481506348e-01 4.823529422283172607e-01 5.960784554481506348e-01 4.117647111415863037e-01
5.960784554481506348e-01 4.117647111415863037e-01 5.254902243614196777e-01 4.117647111415863037e-01
5.254902243614196777e-01 4.117647111415863037e-01 5.254902243614196777e-01 4.117647111415863037e-01
5.960784554481506348e-01 2.705882489681243896e-01 5.960784554481506348e-01 2.235294133424758911e-01
5.960784554481506348e-01 2.235294133424758911e-01 5.254902243614196777e-01 2.235294133424758911e-01
5.254902243614196777e-01 2.235294133424758911e-01 5.254902243614196777e-01 1.686274558305740356e-01
5.254902243614196777e-01 1.686274558305740356e-01 3.176470696926116943e-01 1.686274558305740356e-01
3.176470696926116943e-01 1.686274558305740356e-01 3.176470696926116943e-01 2.235294133424758911e-01
3.176470696926116943e-01 2.235294133424758911e-01 3.176470696926116943e-01 2.705882489681243896e-01
3.176470696926116943e-01 2.705882489681243896e-01 4.392156898975372314e-01 2.705882489681243896e-01
4.392156898975372314e-01 2.705882489681243896e-01 5.254902243614196777e-01 2.705882489681243896e-01
5.254902243614196777e-01 2.705882489681243896e-01 5.960784554481506348e-01 2.705882489681243896e-01
5.960784554481506348e-01 2.705882489681243896e-01 5.960784554481506348e-01 2.705882489681243896e-01
