3.843137323856353760e-01 5.372549295425415039e-01 2.705882489681243896e-01 5.372549295425415039e-01
2.705882489681243896e-01 5.372549295425415039e-01 2.705882489681243896e-01 6.392157077789306641e-01
2.705882489681243896e-01 6.392157077789306641e-01 3.843137323856353760e-01 6.392157077789306641e-01
3.843137323856353760e-01 6.392157077789306641e-01 3.843137323856353760e-01 5.372549295425415039e-01
3.843137323856353760e-01 5.372549295425415039e-01 3.843137323856353760e-01 5.372549295425415039e-01
4.392156898975372314e-01 5.372549295425415039e-01 3.843137323856353760e-01 5.372549295425415039e-01
3.843137323856353760e-01 5.372549295425415039e-01 3.843137323856353760e-01 6.392157077789306641e-01
3.843137323856353760e-01 6.392157077789306641e-01 4.392156898975372314e-01 6.392157077789306641e-01
4.392156898975372314e-01 6.392157077789306641e-01 4.392156898975372314e-01 5.372549295425415039e-01
4.392156898975372314e-01 5.372549295425415039e-01 4.392156898975372314e-01 5.372549295425415039e-01
2.705882489681243896e-01 5.372549295425415039e-01 3.843137323856353760e-01 5.372549295425415039e-01
3.843137323856353760e-01 5.372549295425415039e-01 4.392156898975372314e-01 5.372549295425415039e-01
4.392156898975372314e-01 5.372549295425415039e-01 4.392156898975372314e-01 4.823529422283172607e-01
4.392156898975372314e-01 4.823529422283172607e-01 4.392156898975372314e-01 3.019607961177825928e-01
4.392156898975372314e-01 3.019607961177825928e-01 2.705882489681243896e-01 3.019607961177825928e-01
2.705882489681243896e-01 3.019607961177825928e-01 2.705882489681243896e-01 5.372549295425415039e-01
2.705882489681243896e-01 5.372549295425415039e-01 2.705882489681243896e-01 5.372549295425415039e-01
4.392156898975372314e-01 3.019607961177825928e-01 4.392156898975372314e-01 4.823529422283172607e-01
4.392156898975372314e-01 4.823529422283172607e-01 6.235294342041015625e-01 4.823529422283172607e-01
6.235294342041015625e-01 4.823529422283172607e-01 6.235294342041015625e-01 3.019607961177825928e-01
6.235294342041015625e-01 3.019607961177825928e-01 4.392156898975372314e-01 3.019607961177825928e-01
4.392156898975372314e-01 3.019607961177825928e-01 4.392156898975372314e-01 3.019607961177825928e-01
2.705882489681243896e-01 2.274509817361831665e-01 2.705882489681243896e-01 3.019607961177825928e-01
2.705882489681243896e-01 3.019607961177825928e-01 4.392156898975372314e-01 3.019607961177825928e-01
4.392156898975372314e-01 3.019607961177825928e-01 4.392156898975372314e-01 2.274509817361831665e-01
4.392156898975372314e-01 2.274509817361831665e-01 2.705882489681243896e-01 2.274509817361831665e-01
2.705882489681243896e-01 2.274509817361831665e-01 2.705882489681243896e-01 2.274509817361831665e-01
4.392156898975372314e-01 4.823529422283172607e-01 4.392156898975372314e-01 5.372549295425415039e-01
4.392156898975372314e-01 5.372549295425415039e-01 4.392156898975372314e-01 6.392157077789306641e-01
4.392156898975372314e-01 6.392157077789306641e-01 4.392156898975372314e-01 7.725490331649780273e-01
4.392156898975372314e-01 7.725490331649780273e-01 7.294117808341979980e-01 7.725490331649780273e-01
7.294117808341979980e-01 7.725490331649780273e-01 7.294117808341979980e-01 4.823529422283172607e-01
7.294117808341979980e-01 4.823529422283172607e-01 6.235294342041015625e-01 4.823529422283172607e-01
6.235294342041015625e-01 4.823529422283172607e-01 4.392156898975372314e-01 4.823529422283172607e-01
4.392156898975372314e-01 4.823529422283172607e-01 4.392156898975372314e-01 4.823529422283172607e-01
7.294117808341979980e-01 3.019607961177825928e-01 6.235294342041015625e-01 3.019607961177825928e-01
6.235294342041015625e-01 3.019607961177825928e-01 6.235294342041015625e-01 4.823529422283172607e-01
6.235294342041015625e-01 4.823529422283172607e-01 7.294117808341979980e-01 4.823529422283172607e-01
7.294117808341979980e-01 4.823529422283172607e-01 7.294117808341979980e-01 3.019607961177825928e-01
7.294117808341979980e-01 3.019607961177825928e-01 7.294117808341979980e-01 3.019607961177825928e-01
6.235294342041015625e-01 3.019607961177825928e-01 7.294117808341979980e-01 3.019607961177825928e-01
7.294117808341979980e-01 3.019607961177825928e-01 7.294117808341979980e-01 2.274509817361831665e-01
7.294117808341979980e-01 2.274509817361831665e-01 6.235294342041015625e-01 2.274509817361831665e-01
6.235294342041015625e-01 2.274509817361831665e-01 6.235294342041015625e-01 3.019607961177825928e-01
6.235294342041015625e-01 3.019607961177825928e-01 6.235294342041015625e-01 3.019607961177825928e-01
