6.470588445663452148e-01 4.274509847164154053e-01 5.450980663299560547e-01 4.274509847164154053e-01
5.450980663299560547e-01 4.274509847164154053e-01 5.450980663299560547e-01 6.000000238418579102e-01
5.450980663299560547e-01 6.000000238418579102e-01 6.470588445663452148e-01 6.000000238418579102e-01
6.470588445663452148e-01 6.000000238418579102e-01 6.470588445663452148e-01 4.274509847164154053e-01
6.470588445663452148e-01 4.274509847164154053e-01 6.470588445663452148e-01 4.274509847164154053e-01
5.450980663299560547e-01 4.274509847164154053e-01 6.470588445663452148e-01 4.274509847164154053e-01
6.470588445663452148e-01 4.274509847164154053e-01 7.176470756530761719e-01 4.274509847164154053e-01
7.176470756530761719e-01 4.274509847164154053e-01 7.176470756530761719e-01 3.294117748737335205e-01
7.176470756530761719e-01 3.294117748737335205e-01 5.450980663299560547e-01 3.294117748737335205e-01
5.450980663299560547e-01 3.294117748737335205e-01 5.450980663299560547e-01 4.274509847164154053e-01
5.450980663299560547e-01 4.274509847164154053e-01 5.450980663299560547e-01 4.274509847164154053e-01
5.450980663299560547e-01 6.000000238418579102e-01 4.470588266849517822e-01 6.000000238418579102e-01
4.470588266849517822e-01 6.000000238418579102e-01 4.470588266849517822e-01 8.392156958580017090e-01
4.470588266849517822e-01 8.392156958580017090e-01 6.470588445663452148e-01 8.392156958580017090e-01
6.470588445663452148e-01 8.392156958580017090e-01 6.470588445663452148e-01 6.000000238418579102e-01
6.470588445663452148e-01 6.000000238418579102e-01 5.450980663299560547e-01 6.000000238418579102e-01
5.450980663299560547e-01 6.000000238418579102e-01 5.450980663299560547e-01 6.000000238418579102e-01
5.450980663299560547e-01 7.058823853731155396e-02 5.450980663299560547e-01 3.294117748737335205e-01
5.450980663299560547e-01 3.294117748737335205e-01 7.176470756530761719e-01 3.294117748737335205e-01
7.176470756530761719e-01 3.294117748737335205e-01 7.176470756530761719e-01 7.058823853731155396e-02
7.176470756530761719e-01 7.058823853731155396e-02 5.450980663299560547e-01 7.058823853731155396e-02
5.450980663299560547e-01 7.058823853731155396e-02 5.450980663299560547e-01 7.058823853731155396e-02
4.470588266849517822e-01 6.000000238418579102e-01 3.921568691730499268e-01 6.000000238418579102e-01
3.921568691730499268e-01 6.000000238418579102e-01 3.921568691730499268e-01 6.588235497474670410e-01
3.921568691730499268e-01 6.588235497474670410e-01 2.823529541492462158e-01 6.588235497474670410e-01
2.823529541492462158e-01 6.588235497474670410e-01 2.823529541492462158e-01 8.392156958580017090e-01
2.823529541492462158e-01 8.392156958580017090e-01 4.470588266849517822e-01 8.392156958580017090e-01
4.470588266849517822e-01 8.392156958580017090e-01 4.470588266849517822e-01 6.000000238418579102e-01
4.470588266849517822e-01 6.000000238418579102e-01 4.470588266849517822e-01 6.000000238418579102e-01
4.470588266849517822e-01 6.000000238418579102e-01 5.450980663299560547e-01 6.000000238418579102e-01
5.450980663299560547e-01 6.000000238418579102e-01 5.450980663299560547e-01 4.274509847164154053e-01
5.450980663299560547e-01 4.274509847164154053e-01 5.450980663299560547e-01 3.294117748737335205e-01
5.450980663299560547e-01 3.294117748737335205e-01 5.450980663299560547e-01 7.058823853731155396e-02
5.450980663299560547e-01 7.058823853731155396e-02 2.823529541492462158e-01 7.058823853731155396e-02
2.823529541492462158e-01 7.058823853731155396e-02 2.823529541492462158e-01 5.333333611488342285e-01
2.823529541492462158e-01 5.333333611488342285e-01 3.921568691730499268e-01 5.333333611488342285e-01
3.921568691730499268e-01 5.333333611488342285e-01 4.470588266849517822e-01 5.333333611488342285e-01
4.470588266849517822e-01 5.333333611488342285e-01 4.470588266849517822e-01 6.000000238418579102e-01
4.470588266849517822e-01 6.000000238418579102e-01 4.470588266849517822e-01 6.000000238418579102e-01
2.823529541492462158e-01 8.392156958580017090e-01 2.823529541492462158e-01 9.294117689132690430e-01
2.823529541492462158e-01 9.294117689132690430e-01 4.470588266849517822e-01 9.294117689132690430e-01
4.470588266849517822e-01 9.294117689132690430e-01 4.470588266849517822e-01 8.392156958580017090e-01
4.470588266849517822e-01 8.392156958580017090e-01 2.823529541492462158e-01 8.392156958580017090e-01
2.823529541492462158e-01 8.392156958580017090e-01 2.823529541492462158e-01 8.392156958580017090e-01
3.921568691730499268e-01 5.333333611488342285e-01 2.823529541492462158e-01 5.333333611488342285e-01
2.823529541492462158e-01 5.333333611488342285e-01 2.823529541492462158e-01 6.000000238418579102e-01
2.823529541492462158e-01 6.000000238418579102e-01 2.823529541492462158e-01 6.588235497474670410e-01
2.823529541492462158e-01 6.588235497474670410e-01 3.921568691730499268e-01 6.588235497474670410e-01
3.921568691730499268e-01 6.588235497474670410e-01 3.921568691730499268e-01 6.000000238418579102e-01
3.921568691730499268e-01 6.000000238418579102e-01 4.470588266849517822e-01 6.000000238418579102e-01
4.470588266849517822e-01 6.000000238418579102e-01 4.470588266849517822e-01 5.333333611488342285e-01
4.470588266849517822e-01 5.333333611488342285e-01 3.921568691730499268e-01 5.333333611488342285e-01
3.921568691730499268e-01 5.333333611488342285e-01 3.921568691730499268e-01 5.333333611488342285e-01
