3.294117748737335205e-01 5.450980663299560547e-01 1.921568661928176880e-01 5.450980663299560547e-01
1.921568661928176880e-01 5.450980663299560547e-01 1.921568661928176880e-01 6.627451181411743164e-01
1.921568661928176880e-01 6.627451181411743164e-01 2.313725501298904419e-01 6.627451181411743164e-01
2.313725501298904419e-01 6.627451181411743164e-01 3.294117748737335205e-01 6.627451181411743164e-01
3.294117748737335205e-01 6.627451181411743164e-01 3.294117748737335205e-01 5.450980663299560547e-01
3.294117748737335205e-01 5.450980663299560547e-01 3.294117748737335205e-01 5.450980663299560547e-01
4.705882370471954346e-01 6.627451181411743164e-01 5.176470875740051270e-01 6.627451181411743164e-01
5.176470875740051270e-01 6.627451181411743164e-01 5.176470875740051270e-01 5.686274766921997070e-01
5.176470875740051270e-01 5.686274766921997070e-01 4.705882370471954346e-01 5.686274766921997070e-01
4.705882370471954346e-01 5.686274766921997070e-01 4.705882370471954346e-01 6.627451181411743164e-01
4.705882370471954346e-01 6.627451181411743164e-01 4.705882370471954346e-01 6.627451181411743164e-01
5.176470875740051270e-01 6.627451181411743164e-01 5.529412031173706055e-01 6.627451181411743164e-01
5.529412031173706055e-01 6.627451181411743164e-01 6.235294342041015625e-01 6.627451181411743164e-01
6.235294342041015625e-01 6.627451181411743164e-01 6.235294342041015625e-01 5.686274766921997070e-01
6.235294342041015625e-01 5.686274766921997070e-01 5.176470875740051270e-01 5.686274766921997070e-01
5.176470875740051270e-01 5.686274766921997070e-01 5.176470875740051270e-01 6.627451181411743164e-01
5.176470875740051270e-01 6.627451181411743164e-01 5.176470875740051270e-01 6.627451181411743164e-01
7.176470756530761719e-01 6.627451181411743164e-01 7.176470756530761719e-01 5.686274766921997070e-01
7.176470756530761719e-01 5.686274766921997070e-01 6.235294342041015625e-01 5.686274766921997070e-01
6.235294342041015625e-01 5.686274766921997070e-01 6.235294342041015625e-01 6.627451181411743164e-01
6.235294342041015625e-01 6.627451181411743164e-01 6.235294342041015625e-01 8.470588326454162598e-01
6.235294342041015625e-01 8.470588326454162598e-01 7.176470756530761719e-01 8.470588326454162598e-01
7.176470756530761719e-01 8.470588326454162598e-01 7.176470756530761719e-01 6.627451181411743164e-01
7.176470756530761719e-01 6.627451181411743164e-01 7.176470756530761719e-01 6.627451181411743164e-01
1.921568661928176880e-01 5.450980663299560547e-01 3.294117748737335205e-01 5.450980663299560547e-01
3.294117748737335205e-01 5.450980663299560547e-01 3.960784375667572021e-01 5.450980663299560547e-01
3.960784375667572021e-01 5.450980663299560547e-01 3.960784375667572021e-01 2.980392277240753174e-01
3.960784375667572021e-01 2.980392277240753174e-01 3.294117748737335205e-01 2.980392277240753174e-01
3.294117748737335205e-01 2.980392277240753174e-01 1.921568661928176880e-01 2.980392277240753174e-01
1.921568661928176880e-01 2.980392277240753174e-01 1.921568661928176880e-01 5.450980663299560547e-01
1.921568661928176880e-01 5.450980663299560547e-01 1.921568661928176880e-01 5.450980663299560547e-01
3.294117748737335205e-01 6.627451181411743164e-01 2.313725501298904419e-01 6.627451181411743164e-01
2.313725501298904419e-01 6.627451181411743164e-01 2.313725501298904419e-01 8.470588326454162598e-01
2.313725501298904419e-01 8.470588326454162598e-01 4.000000059604644775e-01 8.470588326454162598e-01
4.000000059604644775e-01 8.470588326454162598e-01 4.000000059604644775e-01 6.627451181411743164e-01
4.000000059604644775e-01 6.627451181411743164e-01 3.294117748737335205e-01 6.627451181411743164e-01
3.294117748737335205e-01 6.627451181411743164e-01 3.294117748737335205e-01 6.627451181411743164e-01
4.705882370471954346e-01 6.627451181411743164e-01 4.000000059604644775e-01 6.627451181411743164e-01
4.000000059604644775e-01 6.627451181411743164e-01 4.000000059604644775e-01 8.470588326454162598e-01
4.000000059604644775e-01 8.470588326454162598e-01 5.529412031173706055e-01 8.470588326454162598e-01
5.529412031173706055e-01 8.470588326454162598e-01 5.529412031173706055e-01 6.627451181411743164e-01
5.529412031173706055e-01 6.627451181411743164e-01 5.176470875740051270e-01 6.627451181411743164e-01
5.176470875740051270e-01 6.627451181411743164e-01 4.705882370471954346e-01 6.627451181411743164e-01
4.705882370471954346e-01 6.627451181411743164e-01 4.705882370471954346e-01 6.627451181411743164e-01
3.960784375667572021e-01 5.450980663299560547e-01 3.294117748737335205e-01 5.450980663299560547e-01
3.294117748737335205e-01 5.450980663299560547e-01 3.294117748737335205e-01 6.627451181411743164e-01
3.294117748737335205e-01 6.627451181411743164e-01 4.000000059604644775e-01 6.627451181411743164e-01
4.000000059604644775e-01 6.627451181411743164e-01 4.705882370471954346e-01 6.627451181411743164e-01
4.705882370471954346e-01 6.627451181411743164e-01 4.705882370471954346e-01 5.686274766921997070e-01
4.705882370471954346e-01 5.686274766921997070e-01 5.176470875740051270e-01 5.686274766921997070e-01
5.176470875740051270e-01 5.686274766921997070e-01 6.235294342041015625e-01 5.686274766921997070e-01
6.235294342041015625e-01 5.686274766921997070e-01 7.176470756530761719e-01 5.686274766921997070e-01
7.176470756530761719e-01 5.686274766921997070e-01 7.176470756530761719e-01 6.627451181411743164e-01
7.176470756530761719e-01 6.627451181411743164e-01 7.960784435272216797e-01 6.627451181411743164e-01
7.960784435272216797e-01 6.627451181411743164e-01 7.960784435272216797e-01 2.980392277240753174e-01
7.960784435272216797e-01 2.980392277240753174e-01 7.176470756530761719e-01 2.980392277240753174e-01
7.176470756530761719e-01 2.980392277240753174e-01 4.823529422283172607e-01 2.980392277240753174e-01
4.823529422283172607e-01 2.980392277240753174e-01 3.960784375667572021e-01 2.980392277240753174e-01
3.960784375667572021e-01 2.980392277240753174e-01 3.960784375667572021e-01 5.450980663299560547e-01
3.960784375667572021e-01 5.450980663299560547e-01 3.960784375667572021e-01 5.450980663299560547e-01
4.823529422283172607e-01 2.980392277240753174e-01 7.176470756530761719e-01 2.980392277240753174e-01
7.176470756530761719e-01 2.980392277240753174e-01 7.176470756530761719e-01 2.039215713739395142e-01
7.176470756530761719e-01 2.039215713739395142e-01 4.823529422283172607e-01 2.039215713739395142e-01
4.823529422283172607e-01 2.039215713739395142e-01 4.823529422283172607e-01 2.980392277240753174e-01
4.823529422283172607e-01 2.980392277240753174e-01 4.823529422283172607e-01 2.980392277240753174e-01
1.921568661928176880e-01 2.039215713739395142e-01 1.921568661928176880e-01 2.980392277240753174e-01
1.921568661928176880e-01 2.980392277240753174e-01 3.294117748737335205e-01 2.980392277240753174e-01
3.294117748737335205e-01 2.980392277240753174e-01 3.960784375667572021e-01 2.980392277240753174e-01
3.960784375667572021e-01 2.980392277240753174e-01 3.960784375667572021e-01 2.039215713739395142e-01
3.960784375667572021e-01 2.039215713739395142e-01 1.921568661928176880e-01 2.039215713739395142e-01
1.921568661928176880e-01 2.039215713739395142e-01 1.921568661928176880e-01 2.039215713739395142e-01
6.235294342041015625e-01 6.627451181411743164e-01 5.529412031173706055e-01 6.627451181411743164e-01
5.529412031173706055e-01 6.627451181411743164e-01 5.529412031173706055e-01 8.470588326454162598e-01
5.529412031173706055e-01 8.470588326454162598e-01 6.235294342041015625e-01 8.470588326454162598e-01
6.235294342041015625e-01 8.470588326454162598e-01 6.235294342041015625e-01 6.627451181411743164e-01
6.235294342041015625e-01 6.627451181411743164e-01 6.235294342041015625e-01 6.627451181411743164e-01
7.176470756530761719e-01 2.980392277240753174e-01 7.960784435272216797e-01 2.980392277240753174e-01
7.960784435272216797e-01 2.980392277240753174e-01 8.666666746139526367e-01 2.980392277240753174e-01
8.666666746139526367e-01 2.980392277240753174e-01 8.666666746139526367e-01 1.529411822557449341e-01
8.666666746139526367e-01 1.529411822557449341e-01 7.176470756530761719e-01 1.529411822557449341e-01
7.176470756530761719e-01 1.529411822557449341e-01 7.176470756530761719e-01 2.039215713739395142e-01
7.176470756530761719e-01 2.039215713739395142e-01 7.176470756530761719e-01 2.980392277240753174e-01
7.176470756530761719e-01 2.980392277240753174e-01 7.176470756530761719e-01 2.980392277240753174e-01
