3.843137323856353760e-01 5.333333611488342285e-01 2.941176593303680420e-01 5.333333611488342285e-01
2.941176593303680420e-01 5.333333611488342285e-01 2.941176593303680420e-01 7.098039388656616211e-01
2.941176593303680420e-01 7.098039388656616211e-01 3.843137323856353760e-01 7.098039388656616211e-01
3.843137323856353760e-01 7.098039388656616211e-01 3.843137323856353760e-01 5.333333611488342285e-01
3.843137323856353760e-01 5.333333611488342285e-01 3.843137323856353760e-01 5.333333611488342285e-01
3.843137323856353760e-01 7.098039388656616211e-01 5.372549295425415039e-01 7.098039388656616211e-01
5.372549295425415039e-01 7.098039388656616211e-01 5.372549295425415039e-01 6.235294342041015625e-01
5.372549295425415039e-01 6.235294342041015625e-01 7.058823704719543457e-01 6.235294342041015625e-01
7.058823704719543457e-01 6.235294342041015625e-01 7.058823704719543457e-01 4.705882370471954346e-01
7.058823704719543457e-01 4.705882370471954346e-01 5.529412031173706055e-01 4.705882370471954346e-01
5.529412031173706055e-01 4.705882370471954346e-01 3.843137323856353760e-01 4.705882370471954346e-01
3.843137323856353760e-01 4.705882370471954346e-01 3.843137323856353760e-01 5.333333611488342285e-01
3.843137323856353760e-01 5.333333611488342285e-01 3.843137323856353760e-01 7.098039388656616211e-01
3.843137323856353760e-01 7.098039388656616211e-01 3.843137323856353760e-01 7.098039388656616211e-01
7.058823704719543457e-01 2.941176593303680420e-01 5.529412031173706055e-01 2.941176593303680420e-01
5.529412031173706055e-01 2.941176593303680420e-01 5.529412031173706055e-01 4.705882370471954346e-01
5.529412031173706055e-01 4.705882370471954346e-01 7.058823704719543457e-01 4.705882370471954346e-01
7.058823704719543457e-01 4.705882370471954346e-01 7.058823704719543457e-01 2.941176593303680420e-01
7.058823704719543457e-01 2.941176593303680420e-01 7.058823704719543457e-01 2.941176593303680420e-01
5.372549295425415039e-01 7.098039388656616211e-01 7.058823704719543457e-01 7.098039388656616211e-01
7.058823704719543457e-01 7.098039388656616211e-01 7.058823704719543457e-01 6.235294342041015625e-01
7.058823704719543457e-01 6.235294342041015625e-01 5.372549295425415039e-01 6.235294342041015625e-01
5.372549295425415039e-01 6.235294342041015625e-01 5.372549295425415039e-01 7.098039388656616211e-01
5.372549295425415039e-01 7.098039388656616211e-01 5.372549295425415039e-01 7.098039388656616211e-01
3.843137323856353760e-01 2.941176593303680420e-01 3.843137323856353760e-01 4.705882370471954346e-01
3.843137323856353760e-01 4.705882370471954346e-01 5.529412031173706055e-01 4.705882370471954346e-01
5.529412031173706055e-01 4.705882370471954346e-01 5.529412031173706055e-01 2.941176593303680420e-01
5.529412031173706055e-01 2.941176593303680420e-01 3.843137323856353760e-01 2.941176593303680420e-01
3.843137323856353760e-01 2.941176593303680420e-01 3.843137323856353760e-01 2.941176593303680420e-01
