3.725490272045135498e-01 5.960784554481506348e-01 5.411764979362487793e-01 5.960784554481506348e-01
5.411764979362487793e-01 5.960784554481506348e-01 5.411764979362487793e-01 7.490196228027343750e-01
5.411764979362487793e-01 7.490196228027343750e-01 7.294117808341979980e-01 7.490196228027343750e-01
7.294117808341979980e-01 7.490196228027343750e-01 7.294117808341979980e-01 2.823529541492462158e-01
7.294117808341979980e-01 2.823529541492462158e-01 5.411764979362487793e-01 2.823529541492462158e-01
5.411764979362487793e-01 2.823529541492462158e-01 5.411764979362487793e-01 3.294117748737335205e-01
5.411764979362487793e-01 3.294117748737335205e-01 4.745098054409027100e-01 3.294117748737335205e-01
4.745098054409027100e-01 3.294117748737335205e-01 4.745098054409027100e-01 5.098039507865905762e-01
4.745098054409027100e-01 5.098039507865905762e-01 3.725490272045135498e-01 5.098039507865905762e-01
3.725490272045135498e-01 5.098039507865905762e-01 3.725490272045135498e-01 5.960784554481506348e-01
3.725490272045135498e-01 5.960784554481506348e-01 3.725490272045135498e-01 5.960784554481506348e-01
3.019607961177825928e-01 5.960784554481506348e-01 3.725490272045135498e-01 5.960784554481506348e-01
3.725490272045135498e-01 5.960784554481506348e-01 3.725490272045135498e-01 5.098039507865905762e-01
3.725490272045135498e-01 5.098039507865905762e-01 3.019607961177825928e-01 5.098039507865905762e-01
3.019607961177825928e-01 5.098039507865905762e-01 3.019607961177825928e-01 5.960784554481506348e-01
3.019607961177825928e-01 5.960784554481506348e-01 3.019607961177825928e-01 5.960784554481506348e-01
5.411764979362487793e-01 5.960784554481506348e-01 3.725490272045135498e-01 5.960784554481506348e-01
3.725490272045135498e-01 5.960784554481506348e-01 3.725490272045135498e-01 7.490196228027343750e-01
3.725490272045135498e-01 7.490196228027343750e-01 5.411764979362487793e-01 7.490196228027343750e-01
5.411764979362487793e-01 7.490196228027343750e-01 5.411764979362487793e-01 5.960784554481506348e-01
5.411764979362487793e-01 5.960784554481506348e-01 5.411764979362487793e-01 5.960784554481506348e-01
3.725490272045135498e-01 2.274509817361831665e-01 3.725490272045135498e-01 2.823529541492462158e-01
3.725490272045135498e-01 2.823529541492462158e-01 3.725490272045135498e-01 3.294117748737335205e-01
3.725490272045135498e-01 3.294117748737335205e-01 4.745098054409027100e-01 3.294117748737335205e-01
4.745098054409027100e-01 3.294117748737335205e-01 5.411764979362487793e-01 3.294117748737335205e-01
5.411764979362487793e-01 3.294117748737335205e-01 5.411764979362487793e-01 2.823529541492462158e-01
5.411764979362487793e-01 2.823529541492462158e-01 5.411764979362487793e-01 2.274509817361831665e-01
5.411764979362487793e-01 2.274509817361831665e-01 3.725490272045135498e-01 2.274509817361831665e-01
3.725490272045135498e-01 2.274509817361831665e-01 3.725490272045135498e-01 2.274509817361831665e-01
3.725490272045135498e-01 5.098039507865905762e-01 4.745098054409027100e-01 5.098039507865905762e-01
4.745098054409027100e-01 5.098039507865905762e-01 4.745098054409027100e-01 3.294117748737335205e-01
4.745098054409027100e-01 3.294117748737335205e-01 3.725490272045135498e-01 3.294117748737335205e-01
3.725490272045135498e-01 3.294117748737335205e-01 3.019607961177825928e-01 3.294117748737335205e-01
3.019607961177825928e-01 3.294117748737335205e-01 3.019607961177825928e-01 5.098039507865905762e-01
3.019607961177825928e-01 5.098039507865905762e-01 3.725490272045135498e-01 5.098039507865905762e-01
3.725490272045135498e-01 5.098039507865905762e-01 3.725490272045135498e-01 5.098039507865905762e-01
