7.568627595901489258e-01 4.901960790157318115e-01 6.431372761726379395e-01 4.901960790157318115e-01
6.431372761726379395e-01 4.901960790157318115e-01 6.431372761726379395e-01 5.764706134796142578e-01
6.431372761726379395e-01 5.764706134796142578e-01 8.352941274642944336e-01 5.764706134796142578e-01
8.352941274642944336e-01 5.764706134796142578e-01 8.352941274642944336e-01 4.901960790157318115e-01
8.352941274642944336e-01 4.901960790157318115e-01 7.568627595901489258e-01 4.901960790157318115e-01
7.568627595901489258e-01 4.901960790157318115e-01 7.568627595901489258e-01 4.901960790157318115e-01
8.352941274642944336e-01 5.764706134796142578e-01 6.431372761726379395e-01 5.764706134796142578e-01
6.431372761726379395e-01 5.764706134796142578e-01 6.431372761726379395e-01 7.333333492279052734e-01
6.431372761726379395e-01 7.333333492279052734e-01 8.352941274642944336e-01 7.333333492279052734e-01
8.352941274642944336e-01 7.333333492279052734e-01 8.352941274642944336e-01 5.764706134796142578e-01
8.352941274642944336e-01 5.764706134796142578e-01 8.352941274642944336e-01 5.764706134796142578e-01
3.647058904170989990e-01 3.019607961177825928e-01 1.686274558305740356e-01 3.019607961177825928e-01
1.686274558305740356e-01 3.019607961177825928e-01 1.686274558305740356e-01 6.039215922355651855e-01
1.686274558305740356e-01 6.039215922355651855e-01 3.647058904170989990e-01 6.039215922355651855e-01
3.647058904170989990e-01 6.039215922355651855e-01 3.647058904170989990e-01 3.568627536296844482e-01
3.647058904170989990e-01 3.568627536296844482e-01 3.647058904170989990e-01 3.019607961177825928e-01
3.647058904170989990e-01 3.019607961177825928e-01 3.647058904170989990e-01 3.019607961177825928e-01
7.568627595901489258e-01 2.666666805744171143e-01 5.764706134796142578e-01 2.666666805744171143e-01
5.764706134796142578e-01 2.666666805744171143e-01 5.764706134796142578e-01 3.568627536296844482e-01
5.764706134796142578e-01 3.568627536296844482e-01 5.764706134796142578e-01 4.901960790157318115e-01
5.764706134796142578e-01 4.901960790157318115e-01 6.431372761726379395e-01 4.901960790157318115e-01
6.431372761726379395e-01 4.901960790157318115e-01 7.568627595901489258e-01 4.901960790157318115e-01
7.568627595901489258e-01 4.901960790157318115e-01 7.568627595901489258e-01 2.666666805744171143e-01
7.568627595901489258e-01 2.666666805744171143e-01 7.568627595901489258e-01 2.666666805744171143e-01
3.647058904170989990e-01 3.568627536296844482e-01 3.647058904170989990e-01 6.039215922355651855e-01
3.647058904170989990e-01 6.039215922355651855e-01 3.647058904170989990e-01 7.333333492279052734e-01
3.647058904170989990e-01 7.333333492279052734e-01 6.431372761726379395e-01 7.333333492279052734e-01
6.431372761726379395e-01 7.333333492279052734e-01 6.431372761726379395e-01 5.764706134796142578e-01
6.431372761726379395e-01 5.764706134796142578e-01 6.431372761726379395e-01 4.901960790157318115e-01
6.431372761726379395e-01 4.901960790157318115e-01 5.764706134796142578e-01 4.901960790157318115e-01
5.764706134796142578e-01 4.901960790157318115e-01 5.764706134796142578e-01 3.568627536296844482e-01
5.764706134796142578e-01 3.568627536296844482e-01 3.647058904170989990e-01 3.568627536296844482e-01
3.647058904170989990e-01 3.568627536296844482e-01 3.647058904170989990e-01 3.568627536296844482e-01
3.647058904170989990e-01 2.666666805744171143e-01 3.647058904170989990e-01 3.019607961177825928e-01
3.647058904170989990e-01 3.019607961177825928e-01 3.647058904170989990e-01 3.568627536296844482e-01
3.647058904170989990e-01 3.568627536296844482e-01 5.764706134796142578e-01 3.568627536296844482e-01
5.764706134796142578e-01 3.568627536296844482e-01 5.764706134796142578e-01 2.666666805744171143e-01
5.764706134796142578e-01 2.666666805744171143e-01 3.647058904170989990e-01 2.666666805744171143e-01
3.647058904170989990e-01 2.666666805744171143e-01 3.647058904170989990e-01 2.666666805744171143e-01
