5.647059082984924316e-01 1.803921610116958618e-01 4.980392158031463623e-01 1.803921610116958618e-01
4.980392158031463623e-01 1.803921610116958618e-01 4.980392158031463623e-01 2.509804069995880127e-01
4.980392158031463623e-01 2.509804069995880127e-01 4.980392158031463623e-01 3.254902064800262451e-01
4.980392158031463623e-01 3.254902064800262451e-01 5.647059082984924316e-01 3.254902064800262451e-01
5.647059082984924316e-01 3.254902064800262451e-01 6.156862974166870117e-01 3.254902064800262451e-01
6.156862974166870117e-01 3.254902064800262451e-01 6.156862974166870117e-01 1.803921610116958618e-01
6.156862974166870117e-01 1.803921610116958618e-01 5.647059082984924316e-01 1.803921610116958618e-01
5.647059082984924316e-01 1.803921610116958618e-01 5.647059082984924316e-01 1.803921610116958618e-01
7.176470756530761719e-01 3.882353007793426514e-01 5.647059082984924316e-01 3.882353007793426514e-01
5.647059082984924316e-01 3.882353007793426514e-01 5.647059082984924316e-01 4.901960790157318115e-01
5.647059082984924316e-01 4.901960790157318115e-01 7.176470756530761719e-01 4.901960790157318115e-01
7.176470756530761719e-01 4.901960790157318115e-01 7.176470756530761719e-01 3.882353007793426514e-01
7.176470756530761719e-01 3.882353007793426514e-01 7.176470756530761719e-01 3.882353007793426514e-01
2.313725501298904419e-01 8.196078538894653320e-01 2.313725501298904419e-01 5.882353186607360840e-01
2.313725501298904419e-01 5.882353186607360840e-01 1.568627506494522095e-01 5.882353186607360840e-01
1.568627506494522095e-01 5.882353186607360840e-01 1.568627506494522095e-01 8.196078538894653320e-01
1.568627506494522095e-01 8.196078538894653320e-01 2.313725501298904419e-01 8.196078538894653320e-01
2.313725501298904419e-01 8.196078538894653320e-01 2.313725501298904419e-01 8.196078538894653320e-01
8.509804010391235352e-01 1.803921610116958618e-01 6.156862974166870117e-01 1.803921610116958618e-01
6.156862974166870117e-01 1.803921610116958618e-01 6.156862974166870117e-01 3.254902064800262451e-01
6.156862974166870117e-01 3.254902064800262451e-01 5.647059082984924316e-01 3.254902064800262451e-01
5.647059082984924316e-01 3.254902064800262451e-01 5.647059082984924316e-01 3.882353007793426514e-01
5.647059082984924316e-01 3.882353007793426514e-01 7.176470756530761719e-01 3.882353007793426514e-01
7.176470756530761719e-01 3.882353007793426514e-01 8.509804010391235352e-01 3.882353007793426514e-01
8.509804010391235352e-01 3.882353007793426514e-01 8.509804010391235352e-01 1.803921610116958618e-01
8.509804010391235352e-01 1.803921610116958618e-01 8.509804010391235352e-01 1.803921610116958618e-01
4.980392158031463623e-01 2.509804069995880127e-01 2.313725501298904419e-01 2.509804069995880127e-01
2.313725501298904419e-01 2.509804069995880127e-01 2.313725501298904419e-01 3.254902064800262451e-01
2.313725501298904419e-01 3.254902064800262451e-01 2.313725501298904419e-01 4.235294163227081299e-01
2.313725501298904419e-01 4.235294163227081299e-01 4.980392158031463623e-01 4.235294163227081299e-01
4.980392158031463623e-01 4.235294163227081299e-01 4.980392158031463623e-01 3.254902064800262451e-01
4.980392158031463623e-01 3.254902064800262451e-01 4.980392158031463623e-01 2.509804069995880127e-01
4.980392158031463623e-01 2.509804069995880127e-01 4.980392158031463623e-01 2.509804069995880127e-01
4.980392158031463623e-01 4.235294163227081299e-01 2.313725501298904419e-01 4.235294163227081299e-01
2.313725501298904419e-01 4.235294163227081299e-01 2.313725501298904419e-01 5.882353186607360840e-01
2.313725501298904419e-01 5.882353186607360840e-01 4.980392158031463623e-01 5.882353186607360840e-01
4.980392158031463623e-01 5.882353186607360840e-01 4.980392158031463623e-01 4.235294163227081299e-01
4.980392158031463623e-01 4.235294163227081299e-01 4.980392158031463623e-01 4.235294163227081299e-01
5.647059082984924316e-01 3.882353007793426514e-01 5.647059082984924316e-01 3.254902064800262451e-01
5.647059082984924316e-01 3.254902064800262451e-01 4.980392158031463623e-01 3.254902064800262451e-01
4.980392158031463623e-01 3.254902064800262451e-01 4.980392158031463623e-01 4.235294163227081299e-01
4.980392158031463623e-01 4.235294163227081299e-01 4.980392158031463623e-01 5.882353186607360840e-01
4.980392158031463623e-01 5.882353186607360840e-01 2.313725501298904419e-01 5.882353186607360840e-01
2.313725501298904419e-01 5.882353186607360840e-01 2.313725501298904419e-01 8.196078538894653320e-01
2.313725501298904419e-01 8.196078538894653320e-01 7.176470756530761719e-01 8.196078538894653320e-01
7.176470756530761719e-01 8.196078538894653320e-01 7.176470756530761719e-01 7.333333492279052734e-01
7.176470756530761719e-01 7.333333492279052734e-01 5.647059082984924316e-01 7.333333492279052734e-01
5.647059082984924316e-01 7.333333492279052734e-01 5.647059082984924316e-01 6.392157077789306641e-01
5.647059082984924316e-01 6.392157077789306641e-01 7.176470756530761719e-01 6.392157077789306641e-01
7.176470756530761719e-01 6.392157077789306641e-01 7.176470756530761719e-01 4.901960790157318115e-01
7.176470756530761719e-01 4.901960790157318115e-01 5.647059082984924316e-01 4.901960790157318115e-01
5.647059082984924316e-01 4.901960790157318115e-01 5.647059082984924316e-01 3.882353007793426514e-01
5.647059082984924316e-01 3.882353007793426514e-01 5.647059082984924316e-01 3.882353007793426514e-01
7.176470756530761719e-01 7.333333492279052734e-01 7.176470756530761719e-01 6.392157077789306641e-01
7.176470756530761719e-01 6.392157077789306641e-01 5.647059082984924316e-01 6.392157077789306641e-01
5.647059082984924316e-01 6.392157077789306641e-01 5.647059082984924316e-01 7.333333492279052734e-01
5.647059082984924316e-01 7.333333492279052734e-01 7.176470756530761719e-01 7.333333492279052734e-01
7.176470756530761719e-01 7.333333492279052734e-01 7.176470756530761719e-01 7.333333492279052734e-01
7.176470756530761719e-01 6.392157077789306641e-01 7.176470756530761719e-01 7.333333492279052734e-01
7.176470756530761719e-01 7.333333492279052734e-01 7.882353067398071289e-01 7.333333492279052734e-01
7.882353067398071289e-01 7.333333492279052734e-01 7.882353067398071289e-01 6.392157077789306641e-01
7.882353067398071289e-01 6.392157077789306641e-01 7.176470756530761719e-01 6.392157077789306641e-01
7.176470756530761719e-01 6.392157077789306641e-01 7.176470756530761719e-01 6.392157077789306641e-01
