5.333333611488342285e-01 5.647059082984924316e-01 4.352941215038299561e-01 5.647059082984924316e-01
4.352941215038299561e-01 5.647059082984924316e-01 4.352941215038299561e-01 7.019608020782470703e-01
4.352941215038299561e-01 7.019608020782470703e-01 5.333333611488342285e-01 7.019608020782470703e-01
5.333333611488342285e-01 7.019608020782470703e-01 5.333333611488342285e-01 5.647059082984924316e-01
5.333333611488342285e-01 5.647059082984924316e-01 5.333333611488342285e-01 5.647059082984924316e-01
5.921568870544433594e-01 5.647059082984924316e-01 6.549019813537597656e-01 5.647059082984924316e-01
6.549019813537597656e-01 5.647059082984924316e-01 6.549019813537597656e-01 4.666666686534881592e-01
6.549019813537597656e-01 4.666666686534881592e-01 7.764706015586853027e-01 4.666666686534881592e-01
7.764706015586853027e-01 4.666666686534881592e-01 7.764706015586853027e-01 2.627451121807098389e-01
7.764706015586853027e-01 2.627451121807098389e-01 5.921568870544433594e-01 2.627451121807098389e-01
5.921568870544433594e-01 2.627451121807098389e-01 5.921568870544433594e-01 4.823529422283172607e-01
5.921568870544433594e-01 4.823529422283172607e-01 5.921568870544433594e-01 5.647059082984924316e-01
5.921568870544433594e-01 5.647059082984924316e-01 5.921568870544433594e-01 5.647059082984924316e-01
5.921568870544433594e-01 2.627451121807098389e-01 4.352941215038299561e-01 2.627451121807098389e-01
4.352941215038299561e-01 2.627451121807098389e-01 4.352941215038299561e-01 4.823529422283172607e-01
4.352941215038299561e-01 4.823529422283172607e-01 5.921568870544433594e-01 4.823529422283172607e-01
5.921568870544433594e-01 4.823529422283172607e-01 5.921568870544433594e-01 2.627451121807098389e-01
5.921568870544433594e-01 2.627451121807098389e-01 5.921568870544433594e-01 2.627451121807098389e-01
5.921568870544433594e-01 5.647059082984924316e-01 5.333333611488342285e-01 5.647059082984924316e-01
5.333333611488342285e-01 5.647059082984924316e-01 5.333333611488342285e-01 7.019608020782470703e-01
5.333333611488342285e-01 7.019608020782470703e-01 5.921568870544433594e-01 7.019608020782470703e-01
5.921568870544433594e-01 7.019608020782470703e-01 6.941176652908325195e-01 7.019608020782470703e-01
6.941176652908325195e-01 7.019608020782470703e-01 6.941176652908325195e-01 5.647059082984924316e-01
6.941176652908325195e-01 5.647059082984924316e-01 6.549019813537597656e-01 5.647059082984924316e-01
6.549019813537597656e-01 5.647059082984924316e-01 5.921568870544433594e-01 5.647059082984924316e-01
5.921568870544433594e-01 5.647059082984924316e-01 5.921568870544433594e-01 5.647059082984924316e-01
4.352941215038299561e-01 5.647059082984924316e-01 5.333333611488342285e-01 5.647059082984924316e-01
5.333333611488342285e-01 5.647059082984924316e-01 5.921568870544433594e-01 5.647059082984924316e-01
5.921568870544433594e-01 5.647059082984924316e-01 5.921568870544433594e-01 4.823529422283172607e-01
5.921568870544433594e-01 4.823529422283172607e-01 4.352941215038299561e-01 4.823529422283172607e-01
4.352941215038299561e-01 4.823529422283172607e-01 4.352941215038299561e-01 2.627451121807098389e-01
4.352941215038299561e-01 2.627451121807098389e-01 5.921568870544433594e-01 2.627451121807098389e-01
5.921568870544433594e-01 2.627451121807098389e-01 5.921568870544433594e-01 2.000000029802322388e-01
5.921568870544433594e-01 2.000000029802322388e-01 2.235294133424758911e-01 2.000000029802322388e-01
2.235294133424758911e-01 2.000000029802322388e-01 2.235294133424758911e-01 7.019608020782470703e-01
2.235294133424758911e-01 7.019608020782470703e-01 3.294117748737335205e-01 7.019608020782470703e-01
3.294117748737335205e-01 7.019608020782470703e-01 4.352941215038299561e-01 7.019608020782470703e-01
4.352941215038299561e-01 7.019608020782470703e-01 4.352941215038299561e-01 5.647059082984924316e-01
4.352941215038299561e-01 5.647059082984924316e-01 4.352941215038299561e-01 5.647059082984924316e-01
4.352941215038299561e-01 7.019608020782470703e-01 3.294117748737335205e-01 7.019608020782470703e-01
3.294117748737335205e-01 7.019608020782470703e-01 3.294117748737335205e-01 8.039215803146362305e-01
3.294117748737335205e-01 8.039215803146362305e-01 5.921568870544433594e-01 8.039215803146362305e-01
5.921568870544433594e-01 8.039215803146362305e-01 5.921568870544433594e-01 7.019608020782470703e-01
5.921568870544433594e-01 7.019608020782470703e-01 5.333333611488342285e-01 7.019608020782470703e-01
5.333333611488342285e-01 7.019608020782470703e-01 4.352941215038299561e-01 7.019608020782470703e-01
4.352941215038299561e-01 7.019608020782470703e-01 4.352941215038299561e-01 7.019608020782470703e-01
6.549019813537597656e-01 5.647059082984924316e-01 6.941176652908325195e-01 5.647059082984924316e-01
6.941176652908325195e-01 5.647059082984924316e-01 7.764706015586853027e-01 5.647059082984924316e-01
7.764706015586853027e-01 5.647059082984924316e-01 7.764706015586853027e-01 4.666666686534881592e-01
7.764706015586853027e-01 4.666666686534881592e-01 6.549019813537597656e-01 4.666666686534881592e-01
6.549019813537597656e-01 4.666666686534881592e-01 6.549019813537597656e-01 5.647059082984924316e-01
6.549019813537597656e-01 5.647059082984924316e-01 6.549019813537597656e-01 5.647059082984924316e-01
