4.627451002597808838e-01 1.333333402872085571e-01 3.686274588108062744e-01 1.333333402872085571e-01
3.686274588108062744e-01 1.333333402872085571e-01 3.686274588108062744e-01 1.882352977991104126e-01
3.686274588108062744e-01 1.882352977991104126e-01 3.686274588108062744e-01 2.862745225429534912e-01
3.686274588108062744e-01 2.862745225429534912e-01 4.627451002597808838e-01 2.862745225429534912e-01
4.627451002597808838e-01 2.862745225429534912e-01 5.176470875740051270e-01 2.862745225429534912e-01
5.176470875740051270e-01 2.862745225429534912e-01 5.176470875740051270e-01 1.333333402872085571e-01
5.176470875740051270e-01 1.333333402872085571e-01 4.627451002597808838e-01 1.333333402872085571e-01
4.627451002597808838e-01 1.333333402872085571e-01 4.627451002597808838e-01 1.333333402872085571e-01
2.392156869173049927e-01 4.392156898975372314e-01 3.686274588108062744e-01 4.392156898975372314e-01
3.686274588108062744e-01 4.392156898975372314e-01 3.686274588108062744e-01 3.411764800548553467e-01
3.686274588108062744e-01 3.411764800548553467e-01 2.392156869173049927e-01 3.411764800548553467e-01
2.392156869173049927e-01 3.411764800548553467e-01 2.392156869173049927e-01 4.392156898975372314e-01
2.392156869173049927e-01 4.392156898975372314e-01 2.392156869173049927e-01 4.392156898975372314e-01
7.607843279838562012e-01 3.411764800548553467e-01 6.941176652908325195e-01 3.411764800548553467e-01
6.941176652908325195e-01 3.411764800548553467e-01 6.941176652908325195e-01 5.607843399047851562e-01
6.941176652908325195e-01 5.607843399047851562e-01 8.000000119209289551e-01 5.607843399047851562e-01
8.000000119209289551e-01 5.607843399047851562e-01 8.000000119209289551e-01 3.411764800548553467e-01
8.000000119209289551e-01 3.411764800548553467e-01 7.607843279838562012e-01 3.411764800548553467e-01
7.607843279838562012e-01 3.411764800548553467e-01 7.607843279838562012e-01 3.411764800548553467e-01
7.607843279838562012e-01 1.333333402872085571e-01 5.176470875740051270e-01 1.333333402872085571e-01
5.176470875740051270e-01 1.333333402872085571e-01 5.176470875740051270e-01 2.862745225429534912e-01
5.176470875740051270e-01 2.862745225429534912e-01 4.627451002597808838e-01 2.862745225429534912e-01
4.627451002597808838e-01 2.862745225429534912e-01 4.627451002597808838e-01 3.411764800548553467e-01
4.627451002597808838e-01 3.411764800548553467e-01 6.941176652908325195e-01 3.411764800548553467e-01
6.941176652908325195e-01 3.411764800548553467e-01 7.607843279838562012e-01 3.411764800548553467e-01
7.607843279838562012e-01 3.411764800548553467e-01 7.607843279838562012e-01 1.333333402872085571e-01
7.607843279838562012e-01 1.333333402872085571e-01 7.607843279838562012e-01 1.333333402872085571e-01
3.686274588108062744e-01 4.392156898975372314e-01 2.392156869173049927e-01 4.392156898975372314e-01
2.392156869173049927e-01 4.392156898975372314e-01 2.392156869173049927e-01 6.156862974166870117e-01
2.392156869173049927e-01 6.156862974166870117e-01 3.686274588108062744e-01 6.156862974166870117e-01
3.686274588108062744e-01 6.156862974166870117e-01 4.588235318660736084e-01 6.156862974166870117e-01
4.588235318660736084e-01 6.156862974166870117e-01 4.588235318660736084e-01 4.392156898975372314e-01
4.588235318660736084e-01 4.392156898975372314e-01 3.686274588108062744e-01 4.392156898975372314e-01
3.686274588108062744e-01 4.392156898975372314e-01 3.686274588108062744e-01 4.392156898975372314e-01
3.686274588108062744e-01 1.882352977991104126e-01 2.000000029802322388e-01 1.882352977991104126e-01
2.000000029802322388e-01 1.882352977991104126e-01 2.000000029802322388e-01 3.411764800548553467e-01
2.000000029802322388e-01 3.411764800548553467e-01 2.392156869173049927e-01 3.411764800548553467e-01
2.392156869173049927e-01 3.411764800548553467e-01 3.686274588108062744e-01 3.411764800548553467e-01
3.686274588108062744e-01 3.411764800548553467e-01 3.686274588108062744e-01 2.862745225429534912e-01
3.686274588108062744e-01 2.862745225429534912e-01 3.686274588108062744e-01 1.882352977991104126e-01
3.686274588108062744e-01 1.882352977991104126e-01 3.686274588108062744e-01 1.882352977991104126e-01
6.941176652908325195e-01 3.411764800548553467e-01 4.627451002597808838e-01 3.411764800548553467e-01
4.627451002597808838e-01 3.411764800548553467e-01 4.627451002597808838e-01 2.862745225429534912e-01
4.627451002597808838e-01 2.862745225429534912e-01 3.686274588108062744e-01 2.862745225429534912e-01
3.686274588108062744e-01 2.862745225429534912e-01 3.686274588108062744e-01 3.411764800548553467e-01
3.686274588108062744e-01 3.411764800548553467e-01 3.686274588108062744e-01 4.392156898975372314e-01
3.686274588108062744e-01 4.392156898975372314e-01 4.588235318660736084e-01 4.392156898975372314e-01
4.588235318660736084e-01 4.392156898975372314e-01 4.588235318660736084e-01 6.156862974166870117e-01
4.588235318660736084e-01 6.156862974166870117e-01 3.686274588108062744e-01 6.156862974166870117e-01
3.686274588108062744e-01 6.156862974166870117e-01 3.686274588108062744e-01 7.450980544090270996e-01
3.686274588108062744e-01 7.450980544090270996e-01 4.078431427478790283e-01 7.450980544090270996e-01
4.078431427478790283e-01 7.450980544090270996e-01 6.078431606292724609e-01 7.450980544090270996e-01
6.078431606292724609e-01 7.450980544090270996e-01 6.941176652908325195e-01 7.450980544090270996e-01
6.941176652908325195e-01 7.450980544090270996e-01 6.941176652908325195e-01 5.607843399047851562e-01
6.941176652908325195e-01 5.607843399047851562e-01 6.941176652908325195e-01 3.411764800548553467e-01
6.941176652908325195e-01 3.411764800548553467e-01 6.941176652908325195e-01 3.411764800548553467e-01
6.078431606292724609e-01 7.450980544090270996e-01 4.078431427478790283e-01 7.450980544090270996e-01
4.078431427478790283e-01 7.450980544090270996e-01 4.078431427478790283e-01 8.666666746139526367e-01
4.078431427478790283e-01 8.666666746139526367e-01 6.078431606292724609e-01 8.666666746139526367e-01
6.078431606292724609e-01 8.666666746139526367e-01 6.078431606292724609e-01 7.450980544090270996e-01
6.078431606292724609e-01 7.450980544090270996e-01 6.078431606292724609e-01 7.450980544090270996e-01
