4.862745106220245361e-01 2.352941185235977173e-01 4.196078479290008545e-01 2.352941185235977173e-01
4.196078479290008545e-01 2.352941185235977173e-01 4.196078479290008545e-01 3.725490272045135498e-01
4.196078479290008545e-01 3.725490272045135498e-01 4.862745106220245361e-01 3.725490272045135498e-01
4.862745106220245361e-01 3.725490272045135498e-01 5.333333611488342285e-01 3.725490272045135498e-01
5.333333611488342285e-01 3.725490272045135498e-01 5.333333611488342285e-01 2.352941185235977173e-01
5.333333611488342285e-01 2.352941185235977173e-01 4.862745106220245361e-01 2.352941185235977173e-01
4.862745106220245361e-01 2.352941185235977173e-01 4.862745106220245361e-01 2.352941185235977173e-01
6.352941393852233887e-01 2.352941185235977173e-01 5.333333611488342285e-01 2.352941185235977173e-01
5.333333611488342285e-01 2.352941185235977173e-01 5.333333611488342285e-01 3.725490272045135498e-01
5.333333611488342285e-01 3.725490272045135498e-01 6.352941393852233887e-01 3.725490272045135498e-01
6.352941393852233887e-01 3.725490272045135498e-01 6.352941393852233887e-01 2.784313857555389404e-01
6.352941393852233887e-01 2.784313857555389404e-01 6.352941393852233887e-01 2.352941185235977173e-01
6.352941393852233887e-01 2.352941185235977173e-01 6.352941393852233887e-01 2.352941185235977173e-01
1.803921610116958618e-01 4.392156898975372314e-01 1.450980454683303833e-01 4.392156898975372314e-01
1.450980454683303833e-01 4.392156898975372314e-01 1.450980454683303833e-01 6.666666865348815918e-01
1.450980454683303833e-01 6.666666865348815918e-01 2.274509817361831665e-01 6.666666865348815918e-01
2.274509817361831665e-01 6.666666865348815918e-01 2.274509817361831665e-01 4.392156898975372314e-01
2.274509817361831665e-01 4.392156898975372314e-01 1.803921610116958618e-01 4.392156898975372314e-01
1.803921610116958618e-01 4.392156898975372314e-01 1.803921610116958618e-01 4.392156898975372314e-01
4.196078479290008545e-01 2.352941185235977173e-01 1.803921610116958618e-01 2.352941185235977173e-01
1.803921610116958618e-01 2.352941185235977173e-01 1.803921610116958618e-01 4.392156898975372314e-01
1.803921610116958618e-01 4.392156898975372314e-01 2.274509817361831665e-01 4.392156898975372314e-01
2.274509817361831665e-01 4.392156898975372314e-01 4.862745106220245361e-01 4.392156898975372314e-01
4.862745106220245361e-01 4.392156898975372314e-01 4.862745106220245361e-01 3.725490272045135498e-01
4.862745106220245361e-01 3.725490272045135498e-01 4.196078479290008545e-01 3.725490272045135498e-01
4.196078479290008545e-01 3.725490272045135498e-01 4.196078479290008545e-01 2.352941185235977173e-01
4.196078479290008545e-01 2.352941185235977173e-01 4.196078479290008545e-01 2.352941185235977173e-01
8.588235378265380859e-01 2.784313857555389404e-01 6.352941393852233887e-01 2.784313857555389404e-01
6.352941393852233887e-01 2.784313857555389404e-01 6.352941393852233887e-01 3.725490272045135498e-01
6.352941393852233887e-01 3.725490272045135498e-01 6.352941393852233887e-01 4.392156898975372314e-01
6.352941393852233887e-01 4.392156898975372314e-01 7.058823704719543457e-01 4.392156898975372314e-01
7.058823704719543457e-01 4.392156898975372314e-01 8.235294222831726074e-01 4.392156898975372314e-01
8.235294222831726074e-01 4.392156898975372314e-01 8.588235378265380859e-01 4.392156898975372314e-01
8.588235378265380859e-01 4.392156898975372314e-01 8.588235378265380859e-01 2.784313857555389404e-01
8.588235378265380859e-01 2.784313857555389404e-01 8.588235378265380859e-01 2.784313857555389404e-01
7.058823704719543457e-01 6.078431606292724609e-01 5.764706134796142578e-01 6.078431606292724609e-01
5.764706134796142578e-01 6.078431606292724609e-01 5.764706134796142578e-01 7.686274647712707520e-01
5.764706134796142578e-01 7.686274647712707520e-01 7.058823704719543457e-01 7.686274647712707520e-01
7.058823704719543457e-01 7.686274647712707520e-01 8.235294222831726074e-01 7.686274647712707520e-01
8.235294222831726074e-01 7.686274647712707520e-01 8.235294222831726074e-01 6.078431606292724609e-01
8.235294222831726074e-01 6.078431606292724609e-01 7.058823704719543457e-01 6.078431606292724609e-01
7.058823704719543457e-01 6.078431606292724609e-01 7.058823704719543457e-01 6.078431606292724609e-01
4.862745106220245361e-01 4.392156898975372314e-01 2.274509817361831665e-01 4.392156898975372314e-01
2.274509817361831665e-01 4.392156898975372314e-01 2.274509817361831665e-01 6.666666865348815918e-01
2.274509817361831665e-01 6.666666865348815918e-01 2.274509817361831665e-01 7.686274647712707520e-01
2.274509817361831665e-01 7.686274647712707520e-01 5.764706134796142578e-01 7.686274647712707520e-01
5.764706134796142578e-01 7.686274647712707520e-01 5.764706134796142578e-01 6.078431606292724609e-01
5.764706134796142578e-01 6.078431606292724609e-01 7.058823704719543457e-01 6.078431606292724609e-01
7.058823704719543457e-01 6.078431606292724609e-01 7.058823704719543457e-01 4.392156898975372314e-01
7.058823704719543457e-01 4.392156898975372314e-01 6.352941393852233887e-01 4.392156898975372314e-01
6.352941393852233887e-01 4.392156898975372314e-01 6.352941393852233887e-01 3.725490272045135498e-01
6.352941393852233887e-01 3.725490272045135498e-01 5.333333611488342285e-01 3.725490272045135498e-01
5.333333611488342285e-01 3.725490272045135498e-01 4.862745106220245361e-01 3.725490272045135498e-01
4.862745106220245361e-01 3.725490272045135498e-01 4.862745106220245361e-01 4.392156898975372314e-01
4.862745106220245361e-01 4.392156898975372314e-01 4.862745106220245361e-01 4.392156898975372314e-01
8.235294222831726074e-01 4.392156898975372314e-01 7.058823704719543457e-01 4.392156898975372314e-01
7.058823704719543457e-01 4.392156898975372314e-01 7.058823704719543457e-01 6.078431606292724609e-01
7.058823704719543457e-01 6.078431606292724609e-01 8.235294222831726074e-01 6.078431606292724609e-01
8.235294222831726074e-01 6.078431606292724609e-01 8.235294222831726074e-01 4.392156898975372314e-01
8.235294222831726074e-01 4.392156898975372314e-01 8.235294222831726074e-01 4.392156898975372314e-01
