5.921568870544433594e-01 6.784313917160034180e-01 4.588235318660736084e-01 6.784313917160034180e-01
4.588235318660736084e-01 6.784313917160034180e-01 4.588235318660736084e-01 7.725490331649780273e-01
4.588235318660736084e-01 7.725490331649780273e-01 5.921568870544433594e-01 7.725490331649780273e-01
5.921568870544433594e-01 7.725490331649780273e-01 5.921568870544433594e-01 6.784313917160034180e-01
5.921568870544433594e-01 6.784313917160034180e-01 5.921568870544433594e-01 6.784313917160034180e-01
3.137255012989044189e-01 3.294117748737335205e-01 5.137255191802978516e-01 3.294117748737335205e-01
5.137255191802978516e-01 3.294117748737335205e-01 5.137255191802978516e-01 2.274509817361831665e-01
5.137255191802978516e-01 2.274509817361831665e-01 3.137255012989044189e-01 2.274509817361831665e-01
3.137255012989044189e-01 2.274509817361831665e-01 3.137255012989044189e-01 3.294117748737335205e-01
3.137255012989044189e-01 3.294117748737335205e-01 3.137255012989044189e-01 3.294117748737335205e-01
5.921568870544433594e-01 5.019608139991760254e-01 6.941176652908325195e-01 5.019608139991760254e-01
6.941176652908325195e-01 5.019608139991760254e-01 6.941176652908325195e-01 3.294117748737335205e-01
6.941176652908325195e-01 3.294117748737335205e-01 5.921568870544433594e-01 3.294117748737335205e-01
5.921568870544433594e-01 3.294117748737335205e-01 5.137255191802978516e-01 3.294117748737335205e-01
5.137255191802978516e-01 3.294117748737335205e-01 5.137255191802978516e-01 5.019608139991760254e-01
5.137255191802978516e-01 5.019608139991760254e-01 5.921568870544433594e-01 5.019608139991760254e-01
5.921568870544433594e-01 5.019608139991760254e-01 5.921568870544433594e-01 5.019608139991760254e-01
5.921568870544433594e-01 7.725490331649780273e-01 7.725490331649780273e-01 7.725490331649780273e-01
7.725490331649780273e-01 7.725490331649780273e-01 7.725490331649780273e-01 6.235294342041015625e-01
7.725490331649780273e-01 6.235294342041015625e-01 6.941176652908325195e-01 6.235294342041015625e-01
6.941176652908325195e-01 6.235294342041015625e-01 5.921568870544433594e-01 6.235294342041015625e-01
5.921568870544433594e-01 6.235294342041015625e-01 5.921568870544433594e-01 6.784313917160034180e-01
5.921568870544433594e-01 6.784313917160034180e-01 5.921568870544433594e-01 7.725490331649780273e-01
5.921568870544433594e-01 7.725490331649780273e-01 5.921568870544433594e-01 7.725490331649780273e-01
4.588235318660736084e-01 6.784313917160034180e-01 5.921568870544433594e-01 6.784313917160034180e-01
5.921568870544433594e-01 6.784313917160034180e-01 5.921568870544433594e-01 6.235294342041015625e-01
5.921568870544433594e-01 6.235294342041015625e-01 5.137255191802978516e-01 6.235294342041015625e-01
5.137255191802978516e-01 6.235294342041015625e-01 5.137255191802978516e-01 5.019608139991760254e-01
5.137255191802978516e-01 5.019608139991760254e-01 5.137255191802978516e-01 3.294117748737335205e-01
5.137255191802978516e-01 3.294117748737335205e-01 3.137255012989044189e-01 3.294117748737335205e-01
3.137255012989044189e-01 3.294117748737335205e-01 3.137255012989044189e-01 4.117647111415863037e-01
3.137255012989044189e-01 4.117647111415863037e-01 3.137255012989044189e-01 5.882353186607360840e-01
3.137255012989044189e-01 5.882353186607360840e-01 2.313725501298904419e-01 5.882353186607360840e-01
2.313725501298904419e-01 5.882353186607360840e-01 2.313725501298904419e-01 7.725490331649780273e-01
2.313725501298904419e-01 7.725490331649780273e-01 4.588235318660736084e-01 7.725490331649780273e-01
4.588235318660736084e-01 7.725490331649780273e-01 4.588235318660736084e-01 6.784313917160034180e-01
4.588235318660736084e-01 6.784313917160034180e-01 4.588235318660736084e-01 6.784313917160034180e-01
2.313725501298904419e-01 4.117647111415863037e-01 2.313725501298904419e-01 5.882353186607360840e-01
2.313725501298904419e-01 5.882353186607360840e-01 3.137255012989044189e-01 5.882353186607360840e-01
3.137255012989044189e-01 5.882353186607360840e-01 3.137255012989044189e-01 4.117647111415863037e-01
3.137255012989044189e-01 4.117647111415863037e-01 2.313725501298904419e-01 4.117647111415863037e-01
2.313725501298904419e-01 4.117647111415863037e-01 2.313725501298904419e-01 4.117647111415863037e-01
3.137255012989044189e-01 3.294117748737335205e-01 2.313725501298904419e-01 3.294117748737335205e-01
2.313725501298904419e-01 3.294117748737335205e-01 2.313725501298904419e-01 4.117647111415863037e-01
2.313725501298904419e-01 4.117647111415863037e-01 3.137255012989044189e-01 4.117647111415863037e-01
3.137255012989044189e-01 4.117647111415863037e-01 3.137255012989044189e-01 3.294117748737335205e-01
3.137255012989044189e-01 3.294117748737335205e-01 3.137255012989044189e-01 3.294117748737335205e-01
5.921568870544433594e-01 6.235294342041015625e-01 6.941176652908325195e-01 6.235294342041015625e-01
6.941176652908325195e-01 6.235294342041015625e-01 6.941176652908325195e-01 5.019608139991760254e-01
6.941176652908325195e-01 5.019608139991760254e-01 5.921568870544433594e-01 5.019608139991760254e-01
5.921568870544433594e-01 5.019608139991760254e-01 5.137255191802978516e-01 5.019608139991760254e-01
5.137255191802978516e-01 5.019608139991760254e-01 5.137255191802978516e-01 6.235294342041015625e-01
5.137255191802978516e-01 6.235294342041015625e-01 5.921568870544433594e-01 6.235294342041015625e-01
5.921568870544433594e-01 6.235294342041015625e-01 5.921568870544433594e-01 6.235294342041015625e-01
