2.862745225429534912e-01 2.705882489681243896e-01 2.274509817361831665e-01 2.705882489681243896e-01
2.274509817361831665e-01 2.705882489681243896e-01 2.274509817361831665e-01 3.960784375667572021e-01
2.274509817361831665e-01 3.960784375667572021e-01 2.862745225429534912e-01 3.960784375667572021e-01
2.862745225429534912e-01 3.960784375667572021e-01 3.529411852359771729e-01 3.960784375667572021e-01
3.529411852359771729e-01 3.960784375667572021e-01 3.529411852359771729e-01 2.705882489681243896e-01
3.529411852359771729e-01 2.705882489681243896e-01 2.862745225429534912e-01 2.705882489681243896e-01
2.862745225429534912e-01 2.705882489681243896e-01 2.862745225429534912e-01 2.705882489681243896e-01
5.960784554481506348e-01 7.176470756530761719e-01 5.960784554481506348e-01 6.117647290229797363e-01
5.960784554481506348e-01 6.117647290229797363e-01 3.568627536296844482e-01 6.117647290229797363e-01
3.568627536296844482e-01 6.117647290229797363e-01 3.568627536296844482e-01 7.176470756530761719e-01
3.568627536296844482e-01 7.176470756530761719e-01 5.960784554481506348e-01 7.176470756530761719e-01
5.960784554481506348e-01 7.176470756530761719e-01 5.960784554481506348e-01 7.176470756530761719e-01
7.764706015586853027e-01 2.196078449487686157e-01 5.960784554481506348e-01 2.196078449487686157e-01
5.960784554481506348e-01 2.196078449487686157e-01 5.960784554481506348e-01 4.745098054409027100e-01
5.960784554481506348e-01 4.745098054409027100e-01 7.764706015586853027e-01 4.745098054409027100e-01
7.764706015586853027e-01 4.745098054409027100e-01 7.764706015586853027e-01 2.196078449487686157e-01
7.764706015586853027e-01 2.196078449487686157e-01 7.764706015586853027e-01 2.196078449487686157e-01
7.764706015586853027e-01 4.745098054409027100e-01 5.960784554481506348e-01 4.745098054409027100e-01
5.960784554481506348e-01 4.745098054409027100e-01 5.960784554481506348e-01 6.117647290229797363e-01
5.960784554481506348e-01 6.117647290229797363e-01 5.960784554481506348e-01 7.176470756530761719e-01
5.960784554481506348e-01 7.176470756530761719e-01 7.764706015586853027e-01 7.176470756530761719e-01
7.764706015586853027e-01 7.176470756530761719e-01 7.764706015586853027e-01 4.745098054409027100e-01
7.764706015586853027e-01 4.745098054409027100e-01 7.764706015586853027e-01 4.745098054409027100e-01
5.960784554481506348e-01 2.196078449487686157e-01 2.862745225429534912e-01 2.196078449487686157e-01
2.862745225429534912e-01 2.196078449487686157e-01 2.862745225429534912e-01 2.705882489681243896e-01
2.862745225429534912e-01 2.705882489681243896e-01 3.529411852359771729e-01 2.705882489681243896e-01
3.529411852359771729e-01 2.705882489681243896e-01 3.529411852359771729e-01 3.960784375667572021e-01
3.529411852359771729e-01 3.960784375667572021e-01 2.862745225429534912e-01 3.960784375667572021e-01
2.862745225429534912e-01 3.960784375667572021e-01 2.862745225429534912e-01 6.117647290229797363e-01
2.862745225429534912e-01 6.117647290229797363e-01 3.568627536296844482e-01 6.117647290229797363e-01
3.568627536296844482e-01 6.117647290229797363e-01 5.960784554481506348e-01 6.117647290229797363e-01
5.960784554481506348e-01 6.117647290229797363e-01 5.960784554481506348e-01 4.745098054409027100e-01
5.960784554481506348e-01 4.745098054409027100e-01 5.960784554481506348e-01 2.196078449487686157e-01
5.960784554481506348e-01 2.196078449487686157e-01 5.960784554481506348e-01 2.196078449487686157e-01
7.764706015586853027e-01 7.803921699523925781e-01 7.764706015586853027e-01 7.176470756530761719e-01
7.764706015586853027e-01 7.176470756530761719e-01 5.960784554481506348e-01 7.176470756530761719e-01
5.960784554481506348e-01 7.176470756530761719e-01 5.960784554481506348e-01 7.803921699523925781e-01
5.960784554481506348e-01 7.803921699523925781e-01 7.764706015586853027e-01 7.803921699523925781e-01
7.764706015586853027e-01 7.803921699523925781e-01 7.764706015586853027e-01 7.803921699523925781e-01
