4.352941215038299561e-01 4.588235318660736084e-01 3.098039329051971436e-01 4.588235318660736084e-01
3.098039329051971436e-01 4.588235318660736084e-01 3.098039329051971436e-01 5.607843399047851562e-01
3.098039329051971436e-01 5.607843399047851562e-01 4.352941215038299561e-01 5.607843399047851562e-01
4.352941215038299561e-01 5.607843399047851562e-01 4.352941215038299561e-01 4.588235318660736084e-01
4.352941215038299561e-01 4.588235318660736084e-01 4.352941215038299561e-01 4.588235318660736084e-01
4.901960790157318115e-01 4.588235318660736084e-01 4.352941215038299561e-01 4.588235318660736084e-01
4.352941215038299561e-01 4.588235318660736084e-01 4.352941215038299561e-01 5.607843399047851562e-01
4.352941215038299561e-01 5.607843399047851562e-01 4.901960790157318115e-01 5.607843399047851562e-01
4.901960790157318115e-01 5.607843399047851562e-01 4.901960790157318115e-01 7.764706015586853027e-01
4.901960790157318115e-01 7.764706015586853027e-01 6.901960968971252441e-01 7.764706015586853027e-01
6.901960968971252441e-01 7.764706015586853027e-01 6.901960968971252441e-01 2.823529541492462158e-01
6.901960968971252441e-01 2.823529541492462158e-01 6.117647290229797363e-01 2.823529541492462158e-01
6.117647290229797363e-01 2.823529541492462158e-01 6.117647290229797363e-01 3.529411852359771729e-01
6.117647290229797363e-01 3.529411852359771729e-01 4.901960790157318115e-01 3.529411852359771729e-01
4.901960790157318115e-01 3.529411852359771729e-01 4.901960790157318115e-01 4.588235318660736084e-01
4.901960790157318115e-01 4.588235318660736084e-01 4.901960790157318115e-01 4.588235318660736084e-01
3.098039329051971436e-01 4.588235318660736084e-01 4.352941215038299561e-01 4.588235318660736084e-01
4.352941215038299561e-01 4.588235318660736084e-01 4.901960790157318115e-01 4.588235318660736084e-01
4.901960790157318115e-01 4.588235318660736084e-01 4.901960790157318115e-01 3.529411852359771729e-01
4.901960790157318115e-01 3.529411852359771729e-01 4.352941215038299561e-01 3.529411852359771729e-01
4.352941215038299561e-01 3.529411852359771729e-01 4.352941215038299561e-01 2.823529541492462158e-01
4.352941215038299561e-01 2.823529541492462158e-01 3.960784375667572021e-01 2.823529541492462158e-01
3.960784375667572021e-01 2.823529541492462158e-01 3.098039329051971436e-01 2.823529541492462158e-01
3.098039329051971436e-01 2.823529541492462158e-01 3.098039329051971436e-01 4.588235318660736084e-01
3.098039329051971436e-01 4.588235318660736084e-01 3.098039329051971436e-01 4.588235318660736084e-01
4.352941215038299561e-01 5.607843399047851562e-01 3.098039329051971436e-01 5.607843399047851562e-01
3.098039329051971436e-01 5.607843399047851562e-01 3.098039329051971436e-01 7.764706015586853027e-01
3.098039329051971436e-01 7.764706015586853027e-01 4.352941215038299561e-01 7.764706015586853027e-01
4.352941215038299561e-01 7.764706015586853027e-01 4.901960790157318115e-01 7.764706015586853027e-01
4.901960790157318115e-01 7.764706015586853027e-01 4.901960790157318115e-01 5.607843399047851562e-01
4.901960790157318115e-01 5.607843399047851562e-01 4.352941215038299561e-01 5.607843399047851562e-01
4.352941215038299561e-01 5.607843399047851562e-01 4.352941215038299561e-01 5.607843399047851562e-01
4.352941215038299561e-01 2.823529541492462158e-01 4.352941215038299561e-01 3.529411852359771729e-01
4.352941215038299561e-01 3.529411852359771729e-01 4.901960790157318115e-01 3.529411852359771729e-01
4.901960790157318115e-01 3.529411852359771729e-01 6.117647290229797363e-01 3.529411852359771729e-01
6.117647290229797363e-01 3.529411852359771729e-01 6.117647290229797363e-01 2.823529541492462158e-01
6.117647290229797363e-01 2.823529541492462158e-01 6.117647290229797363e-01 2.274509817361831665e-01
6.117647290229797363e-01 2.274509817361831665e-01 3.960784375667572021e-01 2.274509817361831665e-01
3.960784375667572021e-01 2.274509817361831665e-01 3.960784375667572021e-01 2.823529541492462158e-01
3.960784375667572021e-01 2.823529541492462158e-01 4.352941215038299561e-01 2.823529541492462158e-01
4.352941215038299561e-01 2.823529541492462158e-01 4.352941215038299561e-01 2.823529541492462158e-01
