4.980392158031463623e-01 2.823529541492462158e-01 3.882353007793426514e-01 2.823529541492462158e-01
3.882353007793426514e-01 2.823529541492462158e-01 3.882353007793426514e-01 3.254902064800262451e-01
3.882353007793426514e-01 3.254902064800262451e-01 3.882353007793426514e-01 3.882353007793426514e-01
3.882353007793426514e-01 3.882353007793426514e-01 4.980392158031463623e-01 3.882353007793426514e-01
4.980392158031463623e-01 3.882353007793426514e-01 4.980392158031463623e-01 2.823529541492462158e-01
4.980392158031463623e-01 2.823529541492462158e-01 4.980392158031463623e-01 2.823529541492462158e-01
7.803921699523925781e-01 4.549019634723663330e-01 7.176470756530761719e-01 4.549019634723663330e-01
7.176470756530761719e-01 4.549019634723663330e-01 7.176470756530761719e-01 6.509804129600524902e-01
7.176470756530761719e-01 6.509804129600524902e-01 7.803921699523925781e-01 6.509804129600524902e-01
7.803921699523925781e-01 6.509804129600524902e-01 7.803921699523925781e-01 4.549019634723663330e-01
7.803921699523925781e-01 4.549019634723663330e-01 7.803921699523925781e-01 4.549019634723663330e-01
7.176470756530761719e-01 2.823529541492462158e-01 4.980392158031463623e-01 2.823529541492462158e-01
4.980392158031463623e-01 2.823529541492462158e-01 4.980392158031463623e-01 3.882353007793426514e-01
4.980392158031463623e-01 3.882353007793426514e-01 4.980392158031463623e-01 4.549019634723663330e-01
4.980392158031463623e-01 4.549019634723663330e-01 7.176470756530761719e-01 4.549019634723663330e-01
7.176470756530761719e-01 4.549019634723663330e-01 7.176470756530761719e-01 3.882353007793426514e-01
7.176470756530761719e-01 3.882353007793426514e-01 7.176470756530761719e-01 2.823529541492462158e-01
7.176470756530761719e-01 2.823529541492462158e-01 7.176470756530761719e-01 2.823529541492462158e-01
3.882353007793426514e-01 3.254902064800262451e-01 2.235294133424758911e-01 3.254902064800262451e-01
2.235294133424758911e-01 3.254902064800262451e-01 2.235294133424758911e-01 4.862745106220245361e-01
2.235294133424758911e-01 4.862745106220245361e-01 3.882353007793426514e-01 4.862745106220245361e-01
3.882353007793426514e-01 4.862745106220245361e-01 3.882353007793426514e-01 3.882353007793426514e-01
3.882353007793426514e-01 3.882353007793426514e-01 3.882353007793426514e-01 3.254902064800262451e-01
3.882353007793426514e-01 3.254902064800262451e-01 3.882353007793426514e-01 3.254902064800262451e-01
3.882353007793426514e-01 4.862745106220245361e-01 2.235294133424758911e-01 4.862745106220245361e-01
2.235294133424758911e-01 4.862745106220245361e-01 2.235294133424758911e-01 6.313725709915161133e-01
2.235294133424758911e-01 6.313725709915161133e-01 3.882353007793426514e-01 6.313725709915161133e-01
3.882353007793426514e-01 6.313725709915161133e-01 3.882353007793426514e-01 4.862745106220245361e-01
3.882353007793426514e-01 4.862745106220245361e-01 3.882353007793426514e-01 4.862745106220245361e-01
7.176470756530761719e-01 4.549019634723663330e-01 4.980392158031463623e-01 4.549019634723663330e-01
4.980392158031463623e-01 4.549019634723663330e-01 4.980392158031463623e-01 3.882353007793426514e-01
4.980392158031463623e-01 3.882353007793426514e-01 3.882353007793426514e-01 3.882353007793426514e-01
3.882353007793426514e-01 3.882353007793426514e-01 3.882353007793426514e-01 4.862745106220245361e-01
3.882353007793426514e-01 4.862745106220245361e-01 3.882353007793426514e-01 6.313725709915161133e-01
3.882353007793426514e-01 6.313725709915161133e-01 3.882353007793426514e-01 7.254902124404907227e-01
3.882353007793426514e-01 7.254902124404907227e-01 7.176470756530761719e-01 7.254902124404907227e-01
7.176470756530761719e-01 7.254902124404907227e-01 7.176470756530761719e-01 6.509804129600524902e-01
7.176470756530761719e-01 6.509804129600524902e-01 7.176470756530761719e-01 4.549019634723663330e-01
7.176470756530761719e-01 4.549019634723663330e-01 7.176470756530761719e-01 4.549019634723663330e-01
3.882353007793426514e-01 7.254902124404907227e-01 3.882353007793426514e-01 6.313725709915161133e-01
3.882353007793426514e-01 6.313725709915161133e-01 2.235294133424758911e-01 6.313725709915161133e-01
2.235294133424758911e-01 6.313725709915161133e-01 2.235294133424758911e-01 7.254902124404907227e-01
2.235294133424758911e-01 7.254902124404907227e-01 3.882353007793426514e-01 7.254902124404907227e-01
3.882353007793426514e-01 7.254902124404907227e-01 3.882353007793426514e-01 7.254902124404907227e-01
