5.921568870544433594e-01 5.176470875740051270e-01 5.019608139991760254e-01 5.176470875740051270e-01
5.019608139991760254e-01 5.176470875740051270e-01 5.019608139991760254e-01 4.470588266849517822e-01
5.019608139991760254e-01 4.470588266849517822e-01 3.176470696926116943e-01 4.470588266849517822e-01
3.176470696926116943e-01 4.470588266849517822e-01 3.176470696926116943e-01 6.980392336845397949e-01
3.176470696926116943e-01 6.980392336845397949e-01 5.921568870544433594e-01 6.980392336845397949e-01
5.921568870544433594e-01 6.980392336845397949e-01 5.921568870544433594e-01 6.274510025978088379e-01
5.921568870544433594e-01 6.274510025978088379e-01 5.921568870544433594e-01 5.176470875740051270e-01
5.921568870544433594e-01 5.176470875740051270e-01 5.921568870544433594e-01 5.176470875740051270e-01
5.019608139991760254e-01 5.176470875740051270e-01 5.921568870544433594e-01 5.176470875740051270e-01
5.921568870544433594e-01 5.176470875740051270e-01 6.823529601097106934e-01 5.176470875740051270e-01
6.823529601097106934e-01 5.176470875740051270e-01 6.823529601097106934e-01 3.058823645114898682e-01
6.823529601097106934e-01 3.058823645114898682e-01 5.019608139991760254e-01 3.058823645114898682e-01
5.019608139991760254e-01 3.058823645114898682e-01 5.019608139991760254e-01 4.470588266849517822e-01
5.019608139991760254e-01 4.470588266849517822e-01 5.019608139991760254e-01 5.176470875740051270e-01
5.019608139991760254e-01 5.176470875740051270e-01 5.019608139991760254e-01 5.176470875740051270e-01
6.823529601097106934e-01 5.176470875740051270e-01 5.921568870544433594e-01 5.176470875740051270e-01
5.921568870544433594e-01 5.176470875740051270e-01 5.921568870544433594e-01 6.274510025978088379e-01
5.921568870544433594e-01 6.274510025978088379e-01 6.823529601097106934e-01 6.274510025978088379e-01
6.823529601097106934e-01 6.274510025978088379e-01 6.823529601097106934e-01 5.176470875740051270e-01
6.823529601097106934e-01 5.176470875740051270e-01 6.823529601097106934e-01 5.176470875740051270e-01
