7.058823704719543457e-01 4.745098054409027100e-01 5.529412031173706055e-01 4.745098054409027100e-01
5.529412031173706055e-01 4.745098054409027100e-01 5.529412031173706055e-01 5.725490450859069824e-01
5.529412031173706055e-01 5.725490450859069824e-01 7.058823704719543457e-01 5.725490450859069824e-01
7.058823704719543457e-01 5.725490450859069824e-01 7.058823704719543457e-01 4.745098054409027100e-01
7.058823704719543457e-01 4.745098054409027100e-01 7.058823704719543457e-01 4.745098054409027100e-01
7.529411911964416504e-01 4.745098054409027100e-01 7.058823704719543457e-01 4.745098054409027100e-01
7.058823704719543457e-01 4.745098054409027100e-01 7.058823704719543457e-01 5.725490450859069824e-01
7.058823704719543457e-01 5.725490450859069824e-01 7.529411911964416504e-01 5.725490450859069824e-01
7.529411911964416504e-01 5.725490450859069824e-01 7.529411911964416504e-01 4.745098054409027100e-01
7.529411911964416504e-01 4.745098054409027100e-01 7.529411911964416504e-01 4.745098054409027100e-01
5.529412031173706055e-01 2.901960909366607666e-01 5.529412031173706055e-01 2.039215713739395142e-01
5.529412031173706055e-01 2.039215713739395142e-01 1.882352977991104126e-01 2.039215713739395142e-01
1.882352977991104126e-01 2.039215713739395142e-01 1.882352977991104126e-01 3.960784375667572021e-01
1.882352977991104126e-01 3.960784375667572021e-01 2.392156869173049927e-01 3.960784375667572021e-01
2.392156869173049927e-01 3.960784375667572021e-01 2.862745225429534912e-01 3.960784375667572021e-01
2.862745225429534912e-01 3.960784375667572021e-01 4.823529422283172607e-01 3.960784375667572021e-01
4.823529422283172607e-01 3.960784375667572021e-01 5.529412031173706055e-01 3.960784375667572021e-01
5.529412031173706055e-01 3.960784375667572021e-01 5.529412031173706055e-01 3.294117748737335205e-01
5.529412031173706055e-01 3.294117748737335205e-01 5.529412031173706055e-01 2.901960909366607666e-01
5.529412031173706055e-01 2.901960909366607666e-01 5.529412031173706055e-01 2.901960909366607666e-01
5.529412031173706055e-01 4.745098054409027100e-01 7.058823704719543457e-01 4.745098054409027100e-01
7.058823704719543457e-01 4.745098054409027100e-01 7.529411911964416504e-01 4.745098054409027100e-01
7.529411911964416504e-01 4.745098054409027100e-01 7.529411911964416504e-01 3.294117748737335205e-01
7.529411911964416504e-01 3.294117748737335205e-01 7.529411911964416504e-01 2.901960909366607666e-01
7.529411911964416504e-01 2.901960909366607666e-01 5.529412031173706055e-01 2.901960909366607666e-01
5.529412031173706055e-01 2.901960909366607666e-01 5.529412031173706055e-01 3.294117748737335205e-01
5.529412031173706055e-01 3.294117748737335205e-01 5.529412031173706055e-01 3.960784375667572021e-01
5.529412031173706055e-01 3.960784375667572021e-01 5.529412031173706055e-01 4.745098054409027100e-01
5.529412031173706055e-01 4.745098054409027100e-01 5.529412031173706055e-01 4.745098054409027100e-01
4.823529422283172607e-01 3.960784375667572021e-01 2.862745225429534912e-01 3.960784375667572021e-01
2.862745225429534912e-01 3.960784375667572021e-01 2.862745225429534912e-01 5.647059082984924316e-01
2.862745225429534912e-01 5.647059082984924316e-01 4.823529422283172607e-01 5.647059082984924316e-01
4.823529422283172607e-01 5.647059082984924316e-01 4.823529422283172607e-01 3.960784375667572021e-01
4.823529422283172607e-01 3.960784375667572021e-01 4.823529422283172607e-01 3.960784375667572021e-01
7.058823704719543457e-01 5.725490450859069824e-01 5.529412031173706055e-01 5.725490450859069824e-01
5.529412031173706055e-01 5.725490450859069824e-01 5.529412031173706055e-01 4.745098054409027100e-01
5.529412031173706055e-01 4.745098054409027100e-01 5.529412031173706055e-01 3.960784375667572021e-01
5.529412031173706055e-01 3.960784375667572021e-01 4.823529422283172607e-01 3.960784375667572021e-01
4.823529422283172607e-01 3.960784375667572021e-01 4.823529422283172607e-01 5.647059082984924316e-01
4.823529422283172607e-01 5.647059082984924316e-01 2.862745225429534912e-01 5.647059082984924316e-01
2.862745225429534912e-01 5.647059082984924316e-01 2.862745225429534912e-01 3.960784375667572021e-01
2.862745225429534912e-01 3.960784375667572021e-01 2.392156869173049927e-01 3.960784375667572021e-01
2.392156869173049927e-01 3.960784375667572021e-01 2.392156869173049927e-01 5.686274766921997070e-01
2.392156869173049927e-01 5.686274766921997070e-01 2.392156869173049927e-01 8.000000119209289551e-01
2.392156869173049927e-01 8.000000119209289551e-01 8.431372642517089844e-01 8.000000119209289551e-01
8.431372642517089844e-01 8.000000119209289551e-01 8.431372642517089844e-01 3.294117748737335205e-01
8.431372642517089844e-01 3.294117748737335205e-01 7.529411911964416504e-01 3.294117748737335205e-01
7.529411911964416504e-01 3.294117748737335205e-01 7.529411911964416504e-01 4.745098054409027100e-01
7.529411911964416504e-01 4.745098054409027100e-01 7.529411911964416504e-01 5.725490450859069824e-01
7.529411911964416504e-01 5.725490450859069824e-01 7.058823704719543457e-01 5.725490450859069824e-01
7.058823704719543457e-01 5.725490450859069824e-01 7.058823704719543457e-01 5.725490450859069824e-01
1.607843190431594849e-01 8.000000119209289551e-01 2.392156869173049927e-01 8.000000119209289551e-01
2.392156869173049927e-01 8.000000119209289551e-01 2.392156869173049927e-01 5.686274766921997070e-01
2.392156869173049927e-01 5.686274766921997070e-01 1.607843190431594849e-01 5.686274766921997070e-01
1.607843190431594849e-01 5.686274766921997070e-01 1.607843190431594849e-01 8.000000119209289551e-01
1.607843190431594849e-01 8.000000119209289551e-01 1.607843190431594849e-01 8.000000119209289551e-01
