2.980392277240753174e-01 5.960784554481506348e-01 1.764705926179885864e-01 5.960784554481506348e-01
1.764705926179885864e-01 5.960784554481506348e-01 1.764705926179885864e-01 7.098039388656616211e-01
1.764705926179885864e-01 7.098039388656616211e-01 2.980392277240753174e-01 7.098039388656616211e-01
2.980392277240753174e-01 7.098039388656616211e-01 2.980392277240753174e-01 5.960784554481506348e-01
2.980392277240753174e-01 5.960784554481506348e-01 2.980392277240753174e-01 5.960784554481506348e-01
8.235294222831726074e-01 3.764705955982208252e-01 7.254902124404907227e-01 3.764705955982208252e-01
7.254902124404907227e-01 3.764705955982208252e-01 7.254902124404907227e-01 5.764706134796142578e-01
7.254902124404907227e-01 5.764706134796142578e-01 8.235294222831726074e-01 5.764706134796142578e-01
8.235294222831726074e-01 5.764706134796142578e-01 8.235294222831726074e-01 3.764705955982208252e-01
8.235294222831726074e-01 3.764705955982208252e-01 8.235294222831726074e-01 3.764705955982208252e-01
2.980392277240753174e-01 3.764705955982208252e-01 1.764705926179885864e-01 3.764705955982208252e-01
1.764705926179885864e-01 3.764705955982208252e-01 1.764705926179885864e-01 5.960784554481506348e-01
1.764705926179885864e-01 5.960784554481506348e-01 2.980392277240753174e-01 5.960784554481506348e-01
2.980392277240753174e-01 5.960784554481506348e-01 3.607843220233917236e-01 5.960784554481506348e-01
3.607843220233917236e-01 5.960784554481506348e-01 3.607843220233917236e-01 3.764705955982208252e-01
3.607843220233917236e-01 3.764705955982208252e-01 2.980392277240753174e-01 3.764705955982208252e-01
2.980392277240753174e-01 3.764705955982208252e-01 2.980392277240753174e-01 3.764705955982208252e-01
5.098039507865905762e-01 3.764705955982208252e-01 3.607843220233917236e-01 3.764705955982208252e-01
3.607843220233917236e-01 3.764705955982208252e-01 3.607843220233917236e-01 5.960784554481506348e-01
3.607843220233917236e-01 5.960784554481506348e-01 5.098039507865905762e-01 5.960784554481506348e-01
5.098039507865905762e-01 5.960784554481506348e-01 5.098039507865905762e-01 3.764705955982208252e-01
5.098039507865905762e-01 3.764705955982208252e-01 5.098039507865905762e-01 3.764705955982208252e-01
7.254902124404907227e-01 3.764705955982208252e-01 5.098039507865905762e-01 3.764705955982208252e-01
5.098039507865905762e-01 3.764705955982208252e-01 5.098039507865905762e-01 5.960784554481506348e-01
5.098039507865905762e-01 5.960784554481506348e-01 3.607843220233917236e-01 5.960784554481506348e-01
3.607843220233917236e-01 5.960784554481506348e-01 2.980392277240753174e-01 5.960784554481506348e-01
2.980392277240753174e-01 5.960784554481506348e-01 2.980392277240753174e-01 7.098039388656616211e-01
2.980392277240753174e-01 7.098039388656616211e-01 8.235294222831726074e-01 7.098039388656616211e-01
8.235294222831726074e-01 7.098039388656616211e-01 8.235294222831726074e-01 5.764706134796142578e-01
8.235294222831726074e-01 5.764706134796142578e-01 7.254902124404907227e-01 5.764706134796142578e-01
7.254902124404907227e-01 5.764706134796142578e-01 7.254902124404907227e-01 3.764705955982208252e-01
7.254902124404907227e-01 3.764705955982208252e-01 7.254902124404907227e-01 3.764705955982208252e-01
5.098039507865905762e-01 3.764705955982208252e-01 7.254902124404907227e-01 3.764705955982208252e-01
7.254902124404907227e-01 3.764705955982208252e-01 7.254902124404907227e-01 2.901960909366607666e-01
7.254902124404907227e-01 2.901960909366607666e-01 5.098039507865905762e-01 2.901960909366607666e-01
5.098039507865905762e-01 2.901960909366607666e-01 5.098039507865905762e-01 3.764705955982208252e-01
5.098039507865905762e-01 3.764705955982208252e-01 5.098039507865905762e-01 3.764705955982208252e-01
