4.549019634723663330e-01 4.705882370471954346e-01 3.686274588108062744e-01 4.705882370471954346e-01
3.686274588108062744e-01 4.705882370471954346e-01 3.686274588108062744e-01 6.549019813537597656e-01
3.686274588108062744e-01 6.549019813537597656e-01 4.549019634723663330e-01 6.549019813537597656e-01
4.549019634723663330e-01 6.549019813537597656e-01 4.549019634723663330e-01 4.705882370471954346e-01
4.549019634723663330e-01 4.705882370471954346e-01 4.549019634723663330e-01 4.705882370471954346e-01
6.352941393852233887e-01 4.705882370471954346e-01 6.000000238418579102e-01 4.705882370471954346e-01
6.000000238418579102e-01 4.705882370471954346e-01 6.000000238418579102e-01 5.647059082984924316e-01
6.000000238418579102e-01 5.647059082984924316e-01 6.352941393852233887e-01 5.647059082984924316e-01
6.352941393852233887e-01 5.647059082984924316e-01 7.647058963775634766e-01 5.647059082984924316e-01
7.647058963775634766e-01 5.647059082984924316e-01 7.647058963775634766e-01 4.705882370471954346e-01
7.647058963775634766e-01 4.705882370471954346e-01 6.352941393852233887e-01 4.705882370471954346e-01
6.352941393852233887e-01 4.705882370471954346e-01 6.352941393852233887e-01 4.705882370471954346e-01
6.000000238418579102e-01 1.647058874368667603e-01 6.000000238418579102e-01 1.058823540806770325e-01
6.000000238418579102e-01 1.058823540806770325e-01 1.921568661928176880e-01 1.058823540806770325e-01
1.921568661928176880e-01 1.058823540806770325e-01 1.921568661928176880e-01 2.039215713739395142e-01
1.921568661928176880e-01 2.039215713739395142e-01 4.078431427478790283e-01 2.039215713739395142e-01
4.078431427478790283e-01 2.039215713739395142e-01 6.000000238418579102e-01 2.039215713739395142e-01
6.000000238418579102e-01 2.039215713739395142e-01 6.000000238418579102e-01 1.647058874368667603e-01
6.000000238418579102e-01 1.647058874368667603e-01 6.000000238418579102e-01 1.647058874368667603e-01
8.117647171020507812e-01 1.647058874368667603e-01 6.000000238418579102e-01 1.647058874368667603e-01
6.000000238418579102e-01 1.647058874368667603e-01 6.000000238418579102e-01 2.039215713739395142e-01
6.000000238418579102e-01 2.039215713739395142e-01 6.000000238418579102e-01 4.000000059604644775e-01
6.000000238418579102e-01 4.000000059604644775e-01 6.000000238418579102e-01 4.705882370471954346e-01
6.000000238418579102e-01 4.705882370471954346e-01 6.352941393852233887e-01 4.705882370471954346e-01
6.352941393852233887e-01 4.705882370471954346e-01 7.647058963775634766e-01 4.705882370471954346e-01
7.647058963775634766e-01 4.705882370471954346e-01 8.117647171020507812e-01 4.705882370471954346e-01
8.117647171020507812e-01 4.705882370471954346e-01 8.117647171020507812e-01 1.647058874368667603e-01
8.117647171020507812e-01 1.647058874368667603e-01 8.117647171020507812e-01 1.647058874368667603e-01
6.000000238418579102e-01 4.000000059604644775e-01 6.000000238418579102e-01 2.039215713739395142e-01
6.000000238418579102e-01 2.039215713739395142e-01 4.078431427478790283e-01 2.039215713739395142e-01
4.078431427478790283e-01 2.039215713739395142e-01 4.078431427478790283e-01 4.000000059604644775e-01
4.078431427478790283e-01 4.000000059604644775e-01 6.000000238418579102e-01 4.000000059604644775e-01
6.000000238418579102e-01 4.000000059604644775e-01 6.000000238418579102e-01 4.000000059604644775e-01
6.000000238418579102e-01 4.705882370471954346e-01 4.549019634723663330e-01 4.705882370471954346e-01
4.549019634723663330e-01 4.705882370471954346e-01 4.549019634723663330e-01 6.549019813537597656e-01
4.549019634723663330e-01 6.549019813537597656e-01 4.549019634723663330e-01 7.254902124404907227e-01
4.549019634723663330e-01 7.254902124404907227e-01 6.000000238418579102e-01 7.254902124404907227e-01
6.000000238418579102e-01 7.254902124404907227e-01 6.000000238418579102e-01 6.549019813537597656e-01
6.000000238418579102e-01 6.549019813537597656e-01 6.000000238418579102e-01 5.647059082984924316e-01
6.000000238418579102e-01 5.647059082984924316e-01 6.000000238418579102e-01 4.705882370471954346e-01
6.000000238418579102e-01 4.705882370471954346e-01 6.000000238418579102e-01 4.705882370471954346e-01
3.686274588108062744e-01 4.705882370471954346e-01 4.549019634723663330e-01 4.705882370471954346e-01
4.549019634723663330e-01 4.705882370471954346e-01 6.000000238418579102e-01 4.705882370471954346e-01
6.000000238418579102e-01 4.705882370471954346e-01 6.000000238418579102e-01 4.000000059604644775e-01
6.000000238418579102e-01 4.000000059604644775e-01 4.078431427478790283e-01 4.000000059604644775e-01
4.078431427478790283e-01 4.000000059604644775e-01 4.078431427478790283e-01 2.039215713739395142e-01
4.078431427478790283e-01 2.039215713739395142e-01 1.921568661928176880e-01 2.039215713739395142e-01
1.921568661928176880e-01 2.039215713739395142e-01 1.921568661928176880e-01 7.254902124404907227e-01
1.921568661928176880e-01 7.254902124404907227e-01 2.627451121807098389e-01 7.254902124404907227e-01
2.627451121807098389e-01 7.254902124404907227e-01 2.627451121807098389e-01 6.549019813537597656e-01
2.627451121807098389e-01 6.549019813537597656e-01 3.686274588108062744e-01 6.549019813537597656e-01
3.686274588108062744e-01 6.549019813537597656e-01 3.686274588108062744e-01 4.705882370471954346e-01
3.686274588108062744e-01 4.705882370471954346e-01 3.686274588108062744e-01 4.705882370471954346e-01
3.686274588108062744e-01 6.549019813537597656e-01 2.627451121807098389e-01 6.549019813537597656e-01
2.627451121807098389e-01 6.549019813537597656e-01 2.627451121807098389e-01 7.254902124404907227e-01
2.627451121807098389e-01 7.254902124404907227e-01 2.627451121807098389e-01 8.941176533699035645e-01
2.627451121807098389e-01 8.941176533699035645e-01 3.686274588108062744e-01 8.941176533699035645e-01
3.686274588108062744e-01 8.941176533699035645e-01 3.686274588108062744e-01 7.803921699523925781e-01
3.686274588108062744e-01 7.803921699523925781e-01 3.686274588108062744e-01 7.254902124404907227e-01
3.686274588108062744e-01 7.254902124404907227e-01 3.686274588108062744e-01 6.549019813537597656e-01
3.686274588108062744e-01 6.549019813537597656e-01 3.686274588108062744e-01 6.549019813537597656e-01
4.549019634723663330e-01 6.549019813537597656e-01 3.686274588108062744e-01 6.549019813537597656e-01
3.686274588108062744e-01 6.549019813537597656e-01 3.686274588108062744e-01 7.254902124404907227e-01
3.686274588108062744e-01 7.254902124404907227e-01 3.686274588108062744e-01 7.803921699523925781e-01
3.686274588108062744e-01 7.803921699523925781e-01 4.549019634723663330e-01 7.803921699523925781e-01
4.549019634723663330e-01 7.803921699523925781e-01 4.549019634723663330e-01 7.254902124404907227e-01
4.549019634723663330e-01 7.254902124404907227e-01 4.549019634723663330e-01 6.549019813537597656e-01
4.549019634723663330e-01 6.549019813537597656e-01 4.549019634723663330e-01 6.549019813537597656e-01
