4.392156898975372314e-01 2.549019753932952881e-01 3.098039329051971436e-01 2.549019753932952881e-01
3.098039329051971436e-01 2.549019753932952881e-01 3.098039329051971436e-01 3.529411852359771729e-01
3.098039329051971436e-01 3.529411852359771729e-01 3.098039329051971436e-01 4.078431427478790283e-01
3.098039329051971436e-01 4.078431427478790283e-01 4.392156898975372314e-01 4.078431427478790283e-01
4.392156898975372314e-01 4.078431427478790283e-01 4.392156898975372314e-01 3.529411852359771729e-01
4.392156898975372314e-01 3.529411852359771729e-01 4.392156898975372314e-01 2.549019753932952881e-01
4.392156898975372314e-01 2.549019753932952881e-01 4.392156898975372314e-01 2.549019753932952881e-01
3.098039329051971436e-01 2.549019753932952881e-01 2.352941185235977173e-01 2.549019753932952881e-01
2.352941185235977173e-01 2.549019753932952881e-01 2.352941185235977173e-01 3.529411852359771729e-01
2.352941185235977173e-01 3.529411852359771729e-01 2.352941185235977173e-01 4.078431427478790283e-01
2.352941185235977173e-01 4.078431427478790283e-01 3.098039329051971436e-01 4.078431427478790283e-01
3.098039329051971436e-01 4.078431427478790283e-01 3.098039329051971436e-01 3.529411852359771729e-01
3.098039329051971436e-01 3.529411852359771729e-01 3.098039329051971436e-01 2.549019753932952881e-01
3.098039329051971436e-01 2.549019753932952881e-01 3.098039329051971436e-01 2.549019753932952881e-01
7.137255072593688965e-01 5.137255191802978516e-01 5.098039507865905762e-01 5.137255191802978516e-01
5.098039507865905762e-01 5.137255191802978516e-01 5.098039507865905762e-01 7.450980544090270996e-01
5.098039507865905762e-01 7.450980544090270996e-01 7.686274647712707520e-01 7.450980544090270996e-01
7.686274647712707520e-01 7.450980544090270996e-01 7.686274647712707520e-01 5.137255191802978516e-01
7.686274647712707520e-01 5.137255191802978516e-01 7.137255072593688965e-01 5.137255191802978516e-01
7.137255072593688965e-01 5.137255191802978516e-01 7.137255072593688965e-01 5.137255191802978516e-01
5.098039507865905762e-01 5.137255191802978516e-01 7.137255072593688965e-01 5.137255191802978516e-01
7.137255072593688965e-01 5.137255191802978516e-01 7.137255072593688965e-01 3.529411852359771729e-01
7.137255072593688965e-01 3.529411852359771729e-01 5.098039507865905762e-01 3.529411852359771729e-01
5.098039507865905762e-01 3.529411852359771729e-01 5.098039507865905762e-01 5.137255191802978516e-01
5.098039507865905762e-01 5.137255191802978516e-01 5.098039507865905762e-01 5.137255191802978516e-01
7.137255072593688965e-01 5.137255191802978516e-01 7.686274647712707520e-01 5.137255191802978516e-01
7.686274647712707520e-01 5.137255191802978516e-01 7.686274647712707520e-01 3.529411852359771729e-01
7.686274647712707520e-01 3.529411852359771729e-01 7.137255072593688965e-01 3.529411852359771729e-01
7.137255072593688965e-01 3.529411852359771729e-01 7.137255072593688965e-01 5.137255191802978516e-01
7.137255072593688965e-01 5.137255191802978516e-01 7.137255072593688965e-01 5.137255191802978516e-01
3.098039329051971436e-01 4.078431427478790283e-01 2.352941185235977173e-01 4.078431427478790283e-01
2.352941185235977173e-01 4.078431427478790283e-01 2.352941185235977173e-01 7.450980544090270996e-01
2.352941185235977173e-01 7.450980544090270996e-01 5.098039507865905762e-01 7.450980544090270996e-01
5.098039507865905762e-01 7.450980544090270996e-01 5.098039507865905762e-01 5.137255191802978516e-01
5.098039507865905762e-01 5.137255191802978516e-01 5.098039507865905762e-01 3.529411852359771729e-01
5.098039507865905762e-01 3.529411852359771729e-01 4.392156898975372314e-01 3.529411852359771729e-01
4.392156898975372314e-01 3.529411852359771729e-01 4.392156898975372314e-01 4.078431427478790283e-01
4.392156898975372314e-01 4.078431427478790283e-01 3.098039329051971436e-01 4.078431427478790283e-01
3.098039329051971436e-01 4.078431427478790283e-01 3.098039329051971436e-01 4.078431427478790283e-01
7.137255072593688965e-01 2.549019753932952881e-01 4.392156898975372314e-01 2.549019753932952881e-01
4.392156898975372314e-01 2.549019753932952881e-01 4.392156898975372314e-01 3.529411852359771729e-01
4.392156898975372314e-01 3.529411852359771729e-01 5.098039507865905762e-01 3.529411852359771729e-01
5.098039507865905762e-01 3.529411852359771729e-01 7.137255072593688965e-01 3.529411852359771729e-01
7.137255072593688965e-01 3.529411852359771729e-01 7.137255072593688965e-01 2.549019753932952881e-01
7.137255072593688965e-01 2.549019753932952881e-01 7.137255072593688965e-01 2.549019753932952881e-01
