3.294117748737335205e-01 5.960784554481506348e-01 2.549019753932952881e-01 5.960784554481506348e-01
2.549019753932952881e-01 5.960784554481506348e-01 2.549019753932952881e-01 6.352941393852233887e-01
2.549019753932952881e-01 6.352941393852233887e-01 2.549019753932952881e-01 6.980392336845397949e-01
2.549019753932952881e-01 6.980392336845397949e-01 3.294117748737335205e-01 6.980392336845397949e-01
3.294117748737335205e-01 6.980392336845397949e-01 4.156862795352935791e-01 6.980392336845397949e-01
4.156862795352935791e-01 6.980392336845397949e-01 4.156862795352935791e-01 5.960784554481506348e-01
4.156862795352935791e-01 5.960784554481506348e-01 3.294117748737335205e-01 5.960784554481506348e-01
3.294117748737335205e-01 5.960784554481506348e-01 3.294117748737335205e-01 5.960784554481506348e-01
4.901960790157318115e-01 3.254902064800262451e-01 7.254902124404907227e-01 3.254902064800262451e-01
7.254902124404907227e-01 3.254902064800262451e-01 7.254902124404907227e-01 2.117647081613540649e-01
7.254902124404907227e-01 2.117647081613540649e-01 4.901960790157318115e-01 2.117647081613540649e-01
4.901960790157318115e-01 2.117647081613540649e-01 4.901960790157318115e-01 2.901960909366607666e-01
4.901960790157318115e-01 2.901960909366607666e-01 4.901960790157318115e-01 3.254902064800262451e-01
4.901960790157318115e-01 3.254902064800262451e-01 4.901960790157318115e-01 3.254902064800262451e-01
2.549019753932952881e-01 5.960784554481506348e-01 3.294117748737335205e-01 5.960784554481506348e-01
3.294117748737335205e-01 5.960784554481506348e-01 4.156862795352935791e-01 5.960784554481506348e-01
4.156862795352935791e-01 5.960784554481506348e-01 4.901960790157318115e-01 5.960784554481506348e-01
4.901960790157318115e-01 5.960784554481506348e-01 4.901960790157318115e-01 3.254902064800262451e-01
4.901960790157318115e-01 3.254902064800262451e-01 4.901960790157318115e-01 2.901960909366607666e-01
4.901960790157318115e-01 2.901960909366607666e-01 3.294117748737335205e-01 2.901960909366607666e-01
3.294117748737335205e-01 2.901960909366607666e-01 1.254902034997940063e-01 2.901960909366607666e-01
1.254902034997940063e-01 2.901960909366607666e-01 1.254902034997940063e-01 5.294117927551269531e-01
1.254902034997940063e-01 5.294117927551269531e-01 2.549019753932952881e-01 5.294117927551269531e-01
2.549019753932952881e-01 5.294117927551269531e-01 2.549019753932952881e-01 5.960784554481506348e-01
2.549019753932952881e-01 5.960784554481506348e-01 2.549019753932952881e-01 5.960784554481506348e-01
7.254902124404907227e-01 3.254902064800262451e-01 4.901960790157318115e-01 3.254902064800262451e-01
4.901960790157318115e-01 3.254902064800262451e-01 4.901960790157318115e-01 5.960784554481506348e-01
4.901960790157318115e-01 5.960784554481506348e-01 4.901960790157318115e-01 7.882353067398071289e-01
4.901960790157318115e-01 7.882353067398071289e-01 8.745098114013671875e-01 7.882353067398071289e-01
8.745098114013671875e-01 7.882353067398071289e-01 8.745098114013671875e-01 3.254902064800262451e-01
8.745098114013671875e-01 3.254902064800262451e-01 7.254902124404907227e-01 3.254902064800262451e-01
7.254902124404907227e-01 3.254902064800262451e-01 7.254902124404907227e-01 3.254902064800262451e-01
4.901960790157318115e-01 5.960784554481506348e-01 4.156862795352935791e-01 5.960784554481506348e-01
4.156862795352935791e-01 5.960784554481506348e-01 4.156862795352935791e-01 6.980392336845397949e-01
4.156862795352935791e-01 6.980392336845397949e-01 3.294117748737335205e-01 6.980392336845397949e-01
3.294117748737335205e-01 6.980392336845397949e-01 2.549019753932952881e-01 6.980392336845397949e-01
2.549019753932952881e-01 6.980392336845397949e-01 2.549019753932952881e-01 7.882353067398071289e-01
2.549019753932952881e-01 7.882353067398071289e-01 3.294117748737335205e-01 7.882353067398071289e-01
3.294117748737335205e-01 7.882353067398071289e-01 4.901960790157318115e-01 7.882353067398071289e-01
4.901960790157318115e-01 7.882353067398071289e-01 4.901960790157318115e-01 5.960784554481506348e-01
4.901960790157318115e-01 5.960784554481506348e-01 4.901960790157318115e-01 5.960784554481506348e-01
2.549019753932952881e-01 5.960784554481506348e-01 2.549019753932952881e-01 5.294117927551269531e-01
2.549019753932952881e-01 5.294117927551269531e-01 1.254902034997940063e-01 5.294117927551269531e-01
1.254902034997940063e-01 5.294117927551269531e-01 1.254902034997940063e-01 5.960784554481506348e-01
1.254902034997940063e-01 5.960784554481506348e-01 1.254902034997940063e-01 6.352941393852233887e-01
1.254902034997940063e-01 6.352941393852233887e-01 2.549019753932952881e-01 6.352941393852233887e-01
2.549019753932952881e-01 6.352941393852233887e-01 2.549019753932952881e-01 5.960784554481506348e-01
2.549019753932952881e-01 5.960784554481506348e-01 2.549019753932952881e-01 5.960784554481506348e-01
