4.431372582912445068e-01 5.725490450859069824e-01 5.372549295425415039e-01 5.725490450859069824e-01
5.372549295425415039e-01 5.725490450859069824e-01 5.372549295425415039e-01 6.078431606292724609e-01
5.372549295425415039e-01 6.078431606292724609e-01 6.823529601097106934e-01 6.078431606292724609e-01
6.823529601097106934e-01 6.078431606292724609e-01 6.823529601097106934e-01 3.647058904170989990e-01
6.823529601097106934e-01 3.647058904170989990e-01 4.980392158031463623e-01 3.647058904170989990e-01
4.980392158031463623e-01 3.647058904170989990e-01 4.980392158031463623e-01 5.019608139991760254e-01
4.980392158031463623e-01 5.019608139991760254e-01 3.176470696926116943e-01 5.019608139991760254e-01
3.176470696926116943e-01 5.019608139991760254e-01 3.176470696926116943e-01 6.078431606292724609e-01
3.176470696926116943e-01 6.078431606292724609e-01 4.431372582912445068e-01 6.078431606292724609e-01
4.431372582912445068e-01 6.078431606292724609e-01 4.431372582912445068e-01 5.725490450859069824e-01
4.431372582912445068e-01 5.725490450859069824e-01 4.431372582912445068e-01 5.725490450859069824e-01
5.372549295425415039e-01 5.725490450859069824e-01 4.431372582912445068e-01 5.725490450859069824e-01
4.431372582912445068e-01 5.725490450859069824e-01 4.431372582912445068e-01 6.078431606292724609e-01
4.431372582912445068e-01 6.078431606292724609e-01 4.431372582912445068e-01 7.215686440467834473e-01
4.431372582912445068e-01 7.215686440467834473e-01 5.372549295425415039e-01 7.215686440467834473e-01
5.372549295425415039e-01 7.215686440467834473e-01 5.372549295425415039e-01 6.078431606292724609e-01
5.372549295425415039e-01 6.078431606292724609e-01 5.372549295425415039e-01 5.725490450859069824e-01
5.372549295425415039e-01 5.725490450859069824e-01 5.372549295425415039e-01 5.725490450859069824e-01
4.980392158031463623e-01 2.823529541492462158e-01 3.176470696926116943e-01 2.823529541492462158e-01
3.176470696926116943e-01 2.823529541492462158e-01 3.176470696926116943e-01 3.647058904170989990e-01
3.176470696926116943e-01 3.647058904170989990e-01 3.176470696926116943e-01 5.019608139991760254e-01
3.176470696926116943e-01 5.019608139991760254e-01 4.980392158031463623e-01 5.019608139991760254e-01
4.980392158031463623e-01 5.019608139991760254e-01 4.980392158031463623e-01 3.647058904170989990e-01
4.980392158031463623e-01 3.647058904170989990e-01 4.980392158031463623e-01 2.823529541492462158e-01
4.980392158031463623e-01 2.823529541492462158e-01 4.980392158031463623e-01 2.823529541492462158e-01
6.823529601097106934e-01 2.823529541492462158e-01 4.980392158031463623e-01 2.823529541492462158e-01
4.980392158031463623e-01 2.823529541492462158e-01 4.980392158031463623e-01 3.647058904170989990e-01
4.980392158031463623e-01 3.647058904170989990e-01 6.823529601097106934e-01 3.647058904170989990e-01
6.823529601097106934e-01 3.647058904170989990e-01 6.823529601097106934e-01 2.823529541492462158e-01
6.823529601097106934e-01 2.823529541492462158e-01 6.823529601097106934e-01 2.823529541492462158e-01
