6.235294342041015625e-01 2.509804069995880127e-01 4.862745106220245361e-01 2.509804069995880127e-01
4.862745106220245361e-01 2.509804069995880127e-01 4.862745106220245361e-01 3.843137323856353760e-01
4.862745106220245361e-01 3.843137323856353760e-01 6.235294342041015625e-01 3.843137323856353760e-01
6.235294342041015625e-01 3.843137323856353760e-01 6.235294342041015625e-01 2.980392277240753174e-01
6.235294342041015625e-01 2.980392277240753174e-01 6.235294342041015625e-01 2.509804069995880127e-01
6.235294342041015625e-01 2.509804069995880127e-01 6.235294342041015625e-01 2.509804069995880127e-01
7.450980544090270996e-01 6.470588445663452148e-01 7.450980544090270996e-01 6.000000238418579102e-01
7.450980544090270996e-01 6.000000238418579102e-01 6.235294342041015625e-01 6.000000238418579102e-01
6.235294342041015625e-01 6.000000238418579102e-01 6.235294342041015625e-01 6.470588445663452148e-01
6.235294342041015625e-01 6.470588445663452148e-01 6.235294342041015625e-01 7.490196228027343750e-01
6.235294342041015625e-01 7.490196228027343750e-01 7.450980544090270996e-01 7.490196228027343750e-01
7.450980544090270996e-01 7.490196228027343750e-01 7.450980544090270996e-01 6.470588445663452148e-01
7.450980544090270996e-01 6.470588445663452148e-01 7.450980544090270996e-01 6.470588445663452148e-01
4.862745106220245361e-01 2.509804069995880127e-01 2.549019753932952881e-01 2.509804069995880127e-01
2.549019753932952881e-01 2.509804069995880127e-01 2.549019753932952881e-01 3.843137323856353760e-01
2.549019753932952881e-01 3.843137323856353760e-01 2.549019753932952881e-01 4.509803950786590576e-01
2.549019753932952881e-01 4.509803950786590576e-01 2.901960909366607666e-01 4.509803950786590576e-01
2.901960909366607666e-01 4.509803950786590576e-01 4.862745106220245361e-01 4.509803950786590576e-01
4.862745106220245361e-01 4.509803950786590576e-01 4.862745106220245361e-01 3.843137323856353760e-01
4.862745106220245361e-01 3.843137323856353760e-01 4.862745106220245361e-01 2.509804069995880127e-01
4.862745106220245361e-01 2.509804069995880127e-01 4.862745106220245361e-01 2.509804069995880127e-01
8.156862854957580566e-01 2.980392277240753174e-01 6.235294342041015625e-01 2.980392277240753174e-01
6.235294342041015625e-01 2.980392277240753174e-01 6.235294342041015625e-01 3.843137323856353760e-01
6.235294342041015625e-01 3.843137323856353760e-01 6.235294342041015625e-01 4.509803950786590576e-01
6.235294342041015625e-01 4.509803950786590576e-01 8.156862854957580566e-01 4.509803950786590576e-01
8.156862854957580566e-01 4.509803950786590576e-01 8.156862854957580566e-01 3.843137323856353760e-01
8.156862854957580566e-01 3.843137323856353760e-01 8.156862854957580566e-01 2.980392277240753174e-01
8.156862854957580566e-01 2.980392277240753174e-01 8.156862854957580566e-01 2.980392277240753174e-01
4.862745106220245361e-01 4.509803950786590576e-01 2.901960909366607666e-01 4.509803950786590576e-01
2.901960909366607666e-01 4.509803950786590576e-01 2.901960909366607666e-01 6.470588445663452148e-01
2.901960909366607666e-01 6.470588445663452148e-01 6.235294342041015625e-01 6.470588445663452148e-01
6.235294342041015625e-01 6.470588445663452148e-01 6.235294342041015625e-01 6.000000238418579102e-01
6.235294342041015625e-01 6.000000238418579102e-01 7.450980544090270996e-01 6.000000238418579102e-01
7.450980544090270996e-01 6.000000238418579102e-01 7.450980544090270996e-01 6.470588445663452148e-01
7.450980544090270996e-01 6.470588445663452148e-01 8.156862854957580566e-01 6.470588445663452148e-01
8.156862854957580566e-01 6.470588445663452148e-01 8.156862854957580566e-01 4.509803950786590576e-01
8.156862854957580566e-01 4.509803950786590576e-01 6.235294342041015625e-01 4.509803950786590576e-01
6.235294342041015625e-01 4.509803950786590576e-01 6.235294342041015625e-01 3.843137323856353760e-01
6.235294342041015625e-01 3.843137323856353760e-01 4.862745106220245361e-01 3.843137323856353760e-01
4.862745106220245361e-01 3.843137323856353760e-01 4.862745106220245361e-01 4.509803950786590576e-01
4.862745106220245361e-01 4.509803950786590576e-01 4.862745106220245361e-01 4.509803950786590576e-01
2.549019753932952881e-01 4.509803950786590576e-01 1.882352977991104126e-01 4.509803950786590576e-01
1.882352977991104126e-01 4.509803950786590576e-01 1.882352977991104126e-01 6.470588445663452148e-01
1.882352977991104126e-01 6.470588445663452148e-01 2.549019753932952881e-01 6.470588445663452148e-01
2.549019753932952881e-01 6.470588445663452148e-01 2.901960909366607666e-01 6.470588445663452148e-01
2.901960909366607666e-01 6.470588445663452148e-01 2.901960909366607666e-01 4.509803950786590576e-01
2.901960909366607666e-01 4.509803950786590576e-01 2.549019753932952881e-01 4.509803950786590576e-01
2.549019753932952881e-01 4.509803950786590576e-01 2.549019753932952881e-01 4.509803950786590576e-01
