3.176470696926116943e-01 1.137254908680915833e-01 1.882352977991104126e-01 1.137254908680915833e-01
1.882352977991104126e-01 1.137254908680915833e-01 1.882352977991104126e-01 3.019607961177825928e-01
1.882352977991104126e-01 3.019607961177825928e-01 3.176470696926116943e-01 3.019607961177825928e-01
3.176470696926116943e-01 3.019607961177825928e-01 3.176470696926116943e-01 2.274509817361831665e-01
3.176470696926116943e-01 2.274509817361831665e-01 3.176470696926116943e-01 1.137254908680915833e-01
3.176470696926116943e-01 1.137254908680915833e-01 3.176470696926116943e-01 1.137254908680915833e-01
3.176470696926116943e-01 3.019607961177825928e-01 1.882352977991104126e-01 3.019607961177825928e-01
1.882352977991104126e-01 3.019607961177825928e-01 1.882352977991104126e-01 3.764705955982208252e-01
1.882352977991104126e-01 3.764705955982208252e-01 3.176470696926116943e-01 3.764705955982208252e-01
3.176470696926116943e-01 3.764705955982208252e-01 3.176470696926116943e-01 3.019607961177825928e-01
3.176470696926116943e-01 3.019607961177825928e-01 3.176470696926116943e-01 3.019607961177825928e-01
5.568627715110778809e-01 6.823529601097106934e-01 5.568627715110778809e-01 6.470588445663452148e-01
5.568627715110778809e-01 6.470588445663452148e-01 4.745098054409027100e-01 6.470588445663452148e-01
4.745098054409027100e-01 6.470588445663452148e-01 4.745098054409027100e-01 6.823529601097106934e-01
4.745098054409027100e-01 6.823529601097106934e-01 4.745098054409027100e-01 8.862745165824890137e-01
4.745098054409027100e-01 8.862745165824890137e-01 6.705882549285888672e-01 8.862745165824890137e-01
6.705882549285888672e-01 8.862745165824890137e-01 6.705882549285888672e-01 6.823529601097106934e-01
6.705882549285888672e-01 6.823529601097106934e-01 5.568627715110778809e-01 6.823529601097106934e-01
5.568627715110778809e-01 6.823529601097106934e-01 5.568627715110778809e-01 6.823529601097106934e-01
6.862745285034179688e-01 1.137254908680915833e-01 4.745098054409027100e-01 1.137254908680915833e-01
4.745098054409027100e-01 1.137254908680915833e-01 4.745098054409027100e-01 2.274509817361831665e-01
4.745098054409027100e-01 2.274509817361831665e-01 4.745098054409027100e-01 3.098039329051971436e-01
4.745098054409027100e-01 3.098039329051971436e-01 6.862745285034179688e-01 3.098039329051971436e-01
6.862745285034179688e-01 3.098039329051971436e-01 6.862745285034179688e-01 2.274509817361831665e-01
6.862745285034179688e-01 2.274509817361831665e-01 6.862745285034179688e-01 1.137254908680915833e-01
6.862745285034179688e-01 1.137254908680915833e-01 6.862745285034179688e-01 1.137254908680915833e-01
5.568627715110778809e-01 6.823529601097106934e-01 6.705882549285888672e-01 6.823529601097106934e-01
6.705882549285888672e-01 6.823529601097106934e-01 8.156862854957580566e-01 6.823529601097106934e-01
8.156862854957580566e-01 6.823529601097106934e-01 8.156862854957580566e-01 6.470588445663452148e-01
8.156862854957580566e-01 6.470588445663452148e-01 8.156862854957580566e-01 5.411764979362487793e-01
8.156862854957580566e-01 5.411764979362487793e-01 5.568627715110778809e-01 5.411764979362487793e-01
5.568627715110778809e-01 5.411764979362487793e-01 5.568627715110778809e-01 6.470588445663452148e-01
5.568627715110778809e-01 6.470588445663452148e-01 5.568627715110778809e-01 6.823529601097106934e-01
5.568627715110778809e-01 6.823529601097106934e-01 5.568627715110778809e-01 6.823529601097106934e-01
3.176470696926116943e-01 2.274509817361831665e-01 3.176470696926116943e-01 3.019607961177825928e-01
3.176470696926116943e-01 3.019607961177825928e-01 3.176470696926116943e-01 3.764705955982208252e-01
3.176470696926116943e-01 3.764705955982208252e-01 3.176470696926116943e-01 6.470588445663452148e-01
3.176470696926116943e-01 6.470588445663452148e-01 4.745098054409027100e-01 6.470588445663452148e-01
4.745098054409027100e-01 6.470588445663452148e-01 5.568627715110778809e-01 6.470588445663452148e-01
5.568627715110778809e-01 6.470588445663452148e-01 5.568627715110778809e-01 5.411764979362487793e-01
5.568627715110778809e-01 5.411764979362487793e-01 8.156862854957580566e-01 5.411764979362487793e-01
8.156862854957580566e-01 5.411764979362487793e-01 8.156862854957580566e-01 2.274509817361831665e-01
8.156862854957580566e-01 2.274509817361831665e-01 6.862745285034179688e-01 2.274509817361831665e-01
6.862745285034179688e-01 2.274509817361831665e-01 6.862745285034179688e-01 3.098039329051971436e-01
6.862745285034179688e-01 3.098039329051971436e-01 4.745098054409027100e-01 3.098039329051971436e-01
4.745098054409027100e-01 3.098039329051971436e-01 4.745098054409027100e-01 2.274509817361831665e-01
4.745098054409027100e-01 2.274509817361831665e-01 3.176470696926116943e-01 2.274509817361831665e-01
3.176470696926116943e-01 2.274509817361831665e-01 3.176470696926116943e-01 2.274509817361831665e-01
4.745098054409027100e-01 1.137254908680915833e-01 3.176470696926116943e-01 1.137254908680915833e-01
3.176470696926116943e-01 1.137254908680915833e-01 3.176470696926116943e-01 2.274509817361831665e-01
3.176470696926116943e-01 2.274509817361831665e-01 4.745098054409027100e-01 2.274509817361831665e-01
4.745098054409027100e-01 2.274509817361831665e-01 4.745098054409027100e-01 1.137254908680915833e-01
4.745098054409027100e-01 1.137254908680915833e-01 4.745098054409027100e-01 1.137254908680915833e-01
