4.509803950786590576e-01 7.098039388656616211e-01 4.980392158031463623e-01 7.098039388656616211e-01
4.980392158031463623e-01 7.098039388656616211e-01 4.980392158031463623e-01 7.607843279838562012e-01
4.980392158031463623e-01 7.607843279838562012e-01 5.450980663299560547e-01 7.607843279838562012e-01
5.450980663299560547e-01 7.607843279838562012e-01 5.450980663299560547e-01 7.098039388656616211e-01
5.450980663299560547e-01 7.098039388656616211e-01 5.450980663299560547e-01 5.960784554481506348e-01
5.450980663299560547e-01 5.960784554481506348e-01 4.509803950786590576e-01 5.960784554481506348e-01
4.509803950786590576e-01 5.960784554481506348e-01 4.509803950786590576e-01 6.745098233222961426e-01
4.509803950786590576e-01 6.745098233222961426e-01 4.509803950786590576e-01 7.098039388656616211e-01
4.509803950786590576e-01 7.098039388656616211e-01 4.509803950786590576e-01 7.098039388656616211e-01
5.450980663299560547e-01 5.333333611488342285e-01 4.509803950786590576e-01 5.333333611488342285e-01
4.509803950786590576e-01 5.333333611488342285e-01 4.509803950786590576e-01 5.960784554481506348e-01
4.509803950786590576e-01 5.960784554481506348e-01 5.450980663299560547e-01 5.960784554481506348e-01
5.450980663299560547e-01 5.960784554481506348e-01 5.450980663299560547e-01 5.333333611488342285e-01
5.450980663299560547e-01 5.333333611488342285e-01 5.450980663299560547e-01 5.333333611488342285e-01
4.705882370471954346e-01 1.803921610116958618e-01 2.745098173618316650e-01 1.803921610116958618e-01
2.745098173618316650e-01 1.803921610116958618e-01 2.745098173618316650e-01 2.627451121807098389e-01
2.745098173618316650e-01 2.627451121807098389e-01 4.705882370471954346e-01 2.627451121807098389e-01
4.705882370471954346e-01 2.627451121807098389e-01 4.705882370471954346e-01 1.803921610116958618e-01
4.705882370471954346e-01 1.803921610116958618e-01 4.705882370471954346e-01 1.803921610116958618e-01
6.509804129600524902e-01 1.803921610116958618e-01 4.705882370471954346e-01 1.803921610116958618e-01
4.705882370471954346e-01 1.803921610116958618e-01 4.705882370471954346e-01 2.627451121807098389e-01
4.705882370471954346e-01 2.627451121807098389e-01 4.705882370471954346e-01 4.235294163227081299e-01
4.705882370471954346e-01 4.235294163227081299e-01 5.450980663299560547e-01 4.235294163227081299e-01
5.450980663299560547e-01 4.235294163227081299e-01 5.450980663299560547e-01 3.843137323856353760e-01
5.450980663299560547e-01 3.843137323856353760e-01 6.509804129600524902e-01 3.843137323856353760e-01
6.509804129600524902e-01 3.843137323856353760e-01 6.509804129600524902e-01 1.803921610116958618e-01
6.509804129600524902e-01 1.803921610116958618e-01 6.509804129600524902e-01 1.803921610116958618e-01
7.254902124404907227e-01 5.333333611488342285e-01 5.450980663299560547e-01 5.333333611488342285e-01
5.450980663299560547e-01 5.333333611488342285e-01 5.450980663299560547e-01 5.960784554481506348e-01
5.450980663299560547e-01 5.960784554481506348e-01 5.450980663299560547e-01 7.098039388656616211e-01
5.450980663299560547e-01 7.098039388656616211e-01 7.254902124404907227e-01 7.098039388656616211e-01
7.254902124404907227e-01 7.098039388656616211e-01 7.254902124404907227e-01 5.333333611488342285e-01
7.254902124404907227e-01 5.333333611488342285e-01 7.254902124404907227e-01 5.333333611488342285e-01
6.509804129600524902e-01 3.843137323856353760e-01 5.450980663299560547e-01 3.843137323856353760e-01
5.450980663299560547e-01 3.843137323856353760e-01 5.450980663299560547e-01 4.235294163227081299e-01
5.450980663299560547e-01 4.235294163227081299e-01 5.450980663299560547e-01 5.333333611488342285e-01
5.450980663299560547e-01 5.333333611488342285e-01 7.254902124404907227e-01 5.333333611488342285e-01
7.254902124404907227e-01 5.333333611488342285e-01 7.254902124404907227e-01 3.843137323856353760e-01
7.254902124404907227e-01 3.843137323856353760e-01 6.509804129600524902e-01 3.843137323856353760e-01
6.509804129600524902e-01 3.843137323856353760e-01 6.509804129600524902e-01 3.843137323856353760e-01
5.450980663299560547e-01 4.235294163227081299e-01 4.705882370471954346e-01 4.235294163227081299e-01
4.705882370471954346e-01 4.235294163227081299e-01 4.705882370471954346e-01 2.627451121807098389e-01
4.705882370471954346e-01 2.627451121807098389e-01 2.745098173618316650e-01 2.627451121807098389e-01
2.745098173618316650e-01 2.627451121807098389e-01 2.745098173618316650e-01 7.607843279838562012e-01
2.745098173618316650e-01 7.607843279838562012e-01 3.490196168422698975e-01 7.607843279838562012e-01
3.490196168422698975e-01 7.607843279838562012e-01 3.490196168422698975e-01 6.745098233222961426e-01
3.490196168422698975e-01 6.745098233222961426e-01 4.509803950786590576e-01 6.745098233222961426e-01
4.509803950786590576e-01 6.745098233222961426e-01 4.509803950786590576e-01 5.960784554481506348e-01
4.509803950786590576e-01 5.960784554481506348e-01 4.509803950786590576e-01 5.333333611488342285e-01
4.509803950786590576e-01 5.333333611488342285e-01 5.450980663299560547e-01 5.333333611488342285e-01
5.450980663299560547e-01 5.333333611488342285e-01 5.450980663299560547e-01 4.235294163227081299e-01
5.450980663299560547e-01 4.235294163227081299e-01 5.450980663299560547e-01 4.235294163227081299e-01
4.980392158031463623e-01 7.098039388656616211e-01 4.509803950786590576e-01 7.098039388656616211e-01
4.509803950786590576e-01 7.098039388656616211e-01 4.509803950786590576e-01 6.745098233222961426e-01
4.509803950786590576e-01 6.745098233222961426e-01 3.490196168422698975e-01 6.745098233222961426e-01
3.490196168422698975e-01 6.745098233222961426e-01 3.490196168422698975e-01 7.607843279838562012e-01
3.490196168422698975e-01 7.607843279838562012e-01 3.490196168422698975e-01 8.235294222831726074e-01
3.490196168422698975e-01 8.235294222831726074e-01 4.980392158031463623e-01 8.235294222831726074e-01
4.980392158031463623e-01 8.235294222831726074e-01 4.980392158031463623e-01 7.607843279838562012e-01
4.980392158031463623e-01 7.607843279838562012e-01 4.980392158031463623e-01 7.098039388656616211e-01
4.980392158031463623e-01 7.098039388656616211e-01 4.980392158031463623e-01 7.098039388656616211e-01
