6.784313917160034180e-01 4.431372582912445068e-01 6.784313917160034180e-01 3.450980484485626221e-01
6.784313917160034180e-01 3.450980484485626221e-01 5.843137502670288086e-01 3.450980484485626221e-01
5.843137502670288086e-01 3.450980484485626221e-01 5.843137502670288086e-01 3.882353007793426514e-01
5.843137502670288086e-01 3.882353007793426514e-01 5.843137502670288086e-01 4.431372582912445068e-01
5.843137502670288086e-01 4.431372582912445068e-01 6.784313917160034180e-01 4.431372582912445068e-01
6.784313917160034180e-01 4.431372582912445068e-01 6.784313917160034180e-01 4.431372582912445068e-01
5.843137502670288086e-01 3.450980484485626221e-01 5.843137502670288086e-01 2.705882489681243896e-01
5.843137502670288086e-01 2.705882489681243896e-01 4.980392158031463623e-01 2.705882489681243896e-01
4.980392158031463623e-01 2.705882489681243896e-01 4.980392158031463623e-01 3.882353007793426514e-01
4.980392158031463623e-01 3.882353007793426514e-01 5.843137502670288086e-01 3.882353007793426514e-01
5.843137502670288086e-01 3.882353007793426514e-01 5.843137502670288086e-01 3.450980484485626221e-01
5.843137502670288086e-01 3.450980484485626221e-01 5.843137502670288086e-01 3.450980484485626221e-01
5.843137502670288086e-01 5.764706134796142578e-01 4.980392158031463623e-01 5.764706134796142578e-01
4.980392158031463623e-01 5.764706134796142578e-01 4.980392158031463623e-01 6.274510025978088379e-01
4.980392158031463623e-01 6.274510025978088379e-01 4.980392158031463623e-01 7.294117808341979980e-01
4.980392158031463623e-01 7.294117808341979980e-01 6.784313917160034180e-01 7.294117808341979980e-01
6.784313917160034180e-01 7.294117808341979980e-01 6.784313917160034180e-01 5.764706134796142578e-01
6.784313917160034180e-01 5.764706134796142578e-01 5.843137502670288086e-01 5.764706134796142578e-01
5.843137502670288086e-01 5.764706134796142578e-01 5.843137502670288086e-01 5.764706134796142578e-01
4.980392158031463623e-01 5.764706134796142578e-01 5.843137502670288086e-01 5.764706134796142578e-01
5.843137502670288086e-01 5.764706134796142578e-01 6.784313917160034180e-01 5.764706134796142578e-01
6.784313917160034180e-01 5.764706134796142578e-01 6.784313917160034180e-01 4.431372582912445068e-01
6.784313917160034180e-01 4.431372582912445068e-01 5.843137502670288086e-01 4.431372582912445068e-01
5.843137502670288086e-01 4.431372582912445068e-01 4.980392158031463623e-01 4.431372582912445068e-01
4.980392158031463623e-01 4.431372582912445068e-01 4.980392158031463623e-01 5.764706134796142578e-01
4.980392158031463623e-01 5.764706134796142578e-01 4.980392158031463623e-01 5.764706134796142578e-01
4.980392158031463623e-01 5.764706134796142578e-01 4.980392158031463623e-01 4.431372582912445068e-01
4.980392158031463623e-01 4.431372582912445068e-01 5.843137502670288086e-01 4.431372582912445068e-01
5.843137502670288086e-01 4.431372582912445068e-01 5.843137502670288086e-01 3.882353007793426514e-01
5.843137502670288086e-01 3.882353007793426514e-01 4.980392158031463623e-01 3.882353007793426514e-01
4.980392158031463623e-01 3.882353007793426514e-01 4.980392158031463623e-01 2.705882489681243896e-01
4.980392158031463623e-01 2.705882489681243896e-01 3.215686380863189697e-01 2.705882489681243896e-01
3.215686380863189697e-01 2.705882489681243896e-01 3.215686380863189697e-01 6.274510025978088379e-01
3.215686380863189697e-01 6.274510025978088379e-01 4.980392158031463623e-01 6.274510025978088379e-01
4.980392158031463623e-01 6.274510025978088379e-01 4.980392158031463623e-01 5.764706134796142578e-01
4.980392158031463623e-01 5.764706134796142578e-01 4.980392158031463623e-01 5.764706134796142578e-01
3.215686380863189697e-01 7.294117808341979980e-01 4.980392158031463623e-01 7.294117808341979980e-01
4.980392158031463623e-01 7.294117808341979980e-01 4.980392158031463623e-01 6.274510025978088379e-01
4.980392158031463623e-01 6.274510025978088379e-01 3.215686380863189697e-01 6.274510025978088379e-01
3.215686380863189697e-01 6.274510025978088379e-01 3.215686380863189697e-01 7.294117808341979980e-01
3.215686380863189697e-01 7.294117808341979980e-01 3.215686380863189697e-01 7.294117808341979980e-01
