4.666666686534881592e-01 2.666666805744171143e-01 4.117647111415863037e-01 2.666666805744171143e-01
4.117647111415863037e-01 2.666666805744171143e-01 4.117647111415863037e-01 4.274509847164154053e-01
4.117647111415863037e-01 4.274509847164154053e-01 5.215686559677124023e-01 4.274509847164154053e-01
5.215686559677124023e-01 4.274509847164154053e-01 5.215686559677124023e-01 2.666666805744171143e-01
5.215686559677124023e-01 2.666666805744171143e-01 4.666666686534881592e-01 2.666666805744171143e-01
4.666666686534881592e-01 2.666666805744171143e-01 4.666666686534881592e-01 2.666666805744171143e-01
7.333333492279052734e-01 4.274509847164154053e-01 6.627451181411743164e-01 4.274509847164154053e-01
6.627451181411743164e-01 4.274509847164154053e-01 6.627451181411743164e-01 5.333333611488342285e-01
6.627451181411743164e-01 5.333333611488342285e-01 8.039215803146362305e-01 5.333333611488342285e-01
8.039215803146362305e-01 5.333333611488342285e-01 8.039215803146362305e-01 4.274509847164154053e-01
8.039215803146362305e-01 4.274509847164154053e-01 7.333333492279052734e-01 4.274509847164154053e-01
7.333333492279052734e-01 4.274509847164154053e-01 7.333333492279052734e-01 4.274509847164154053e-01
2.901960909366607666e-01 2.666666805744171143e-01 4.117647111415863037e-01 2.666666805744171143e-01
4.117647111415863037e-01 2.666666805744171143e-01 4.666666686534881592e-01 2.666666805744171143e-01
4.666666686534881592e-01 2.666666805744171143e-01 4.666666686534881592e-01 1.529411822557449341e-01
4.666666686534881592e-01 1.529411822557449341e-01 2.901960909366607666e-01 1.529411822557449341e-01
2.901960909366607666e-01 1.529411822557449341e-01 2.901960909366607666e-01 2.666666805744171143e-01
2.901960909366607666e-01 2.666666805744171143e-01 2.901960909366607666e-01 2.666666805744171143e-01
6.627451181411743164e-01 4.274509847164154053e-01 6.000000238418579102e-01 4.274509847164154053e-01
6.000000238418579102e-01 4.274509847164154053e-01 6.000000238418579102e-01 5.058823823928833008e-01
6.000000238418579102e-01 5.058823823928833008e-01 6.000000238418579102e-01 5.882353186607360840e-01
6.000000238418579102e-01 5.882353186607360840e-01 6.000000238418579102e-01 7.490196228027343750e-01
6.000000238418579102e-01 7.490196228027343750e-01 8.039215803146362305e-01 7.490196228027343750e-01
8.039215803146362305e-01 7.490196228027343750e-01 8.039215803146362305e-01 5.333333611488342285e-01
8.039215803146362305e-01 5.333333611488342285e-01 6.627451181411743164e-01 5.333333611488342285e-01
6.627451181411743164e-01 5.333333611488342285e-01 6.627451181411743164e-01 4.274509847164154053e-01
6.627451181411743164e-01 4.274509847164154053e-01 6.627451181411743164e-01 4.274509847164154053e-01
4.313725531101226807e-01 7.490196228027343750e-01 6.000000238418579102e-01 7.490196228027343750e-01
6.000000238418579102e-01 7.490196228027343750e-01 6.000000238418579102e-01 5.882353186607360840e-01
6.000000238418579102e-01 5.882353186607360840e-01 5.058823823928833008e-01 5.882353186607360840e-01
5.058823823928833008e-01 5.882353186607360840e-01 5.058823823928833008e-01 5.058823823928833008e-01
5.058823823928833008e-01 5.058823823928833008e-01 4.313725531101226807e-01 5.058823823928833008e-01
4.313725531101226807e-01 5.058823823928833008e-01 4.313725531101226807e-01 7.490196228027343750e-01
4.313725531101226807e-01 7.490196228027343750e-01 4.313725531101226807e-01 7.490196228027343750e-01
4.117647111415863037e-01 2.666666805744171143e-01 2.901960909366607666e-01 2.666666805744171143e-01
2.901960909366607666e-01 2.666666805744171143e-01 2.901960909366607666e-01 1.529411822557449341e-01
2.901960909366607666e-01 1.529411822557449341e-01 1.960784345865249634e-01 1.529411822557449341e-01
1.960784345865249634e-01 1.529411822557449341e-01 1.960784345865249634e-01 7.490196228027343750e-01
1.960784345865249634e-01 7.490196228027343750e-01 4.313725531101226807e-01 7.490196228027343750e-01
4.313725531101226807e-01 7.490196228027343750e-01 4.313725531101226807e-01 5.058823823928833008e-01
4.313725531101226807e-01 5.058823823928833008e-01 5.058823823928833008e-01 5.058823823928833008e-01
5.058823823928833008e-01 5.058823823928833008e-01 6.000000238418579102e-01 5.058823823928833008e-01
6.000000238418579102e-01 5.058823823928833008e-01 6.000000238418579102e-01 4.274509847164154053e-01
6.000000238418579102e-01 4.274509847164154053e-01 5.215686559677124023e-01 4.274509847164154053e-01
5.215686559677124023e-01 4.274509847164154053e-01 4.117647111415863037e-01 4.274509847164154053e-01
4.117647111415863037e-01 4.274509847164154053e-01 4.117647111415863037e-01 2.666666805744171143e-01
4.117647111415863037e-01 2.666666805744171143e-01 4.117647111415863037e-01 2.666666805744171143e-01
4.313725531101226807e-01 7.490196228027343750e-01 1.960784345865249634e-01 7.490196228027343750e-01
1.960784345865249634e-01 7.490196228027343750e-01 1.960784345865249634e-01 8.470588326454162598e-01
1.960784345865249634e-01 8.470588326454162598e-01 4.313725531101226807e-01 8.470588326454162598e-01
4.313725531101226807e-01 8.470588326454162598e-01 4.313725531101226807e-01 7.490196228027343750e-01
4.313725531101226807e-01 7.490196228027343750e-01 4.313725531101226807e-01 7.490196228027343750e-01
4.666666686534881592e-01 2.666666805744171143e-01 5.215686559677124023e-01 2.666666805744171143e-01
5.215686559677124023e-01 2.666666805744171143e-01 6.000000238418579102e-01 2.666666805744171143e-01
6.000000238418579102e-01 2.666666805744171143e-01 6.000000238418579102e-01 1.529411822557449341e-01
6.000000238418579102e-01 1.529411822557449341e-01 4.666666686534881592e-01 1.529411822557449341e-01
4.666666686534881592e-01 1.529411822557449341e-01 4.666666686534881592e-01 2.666666805744171143e-01
4.666666686534881592e-01 2.666666805744171143e-01 4.666666686534881592e-01 2.666666805744171143e-01
6.000000238418579102e-01 5.882353186607360840e-01 6.000000238418579102e-01 5.058823823928833008e-01
6.000000238418579102e-01 5.058823823928833008e-01 5.058823823928833008e-01 5.058823823928833008e-01
5.058823823928833008e-01 5.058823823928833008e-01 5.058823823928833008e-01 5.882353186607360840e-01
5.058823823928833008e-01 5.882353186607360840e-01 6.000000238418579102e-01 5.882353186607360840e-01
6.000000238418579102e-01 5.882353186607360840e-01 6.000000238418579102e-01 5.882353186607360840e-01
6.000000238418579102e-01 2.666666805744171143e-01 5.215686559677124023e-01 2.666666805744171143e-01
5.215686559677124023e-01 2.666666805744171143e-01 5.215686559677124023e-01 4.274509847164154053e-01
5.215686559677124023e-01 4.274509847164154053e-01 6.000000238418579102e-01 4.274509847164154053e-01
6.000000238418579102e-01 4.274509847164154053e-01 6.627451181411743164e-01 4.274509847164154053e-01
6.627451181411743164e-01 4.274509847164154053e-01 7.333333492279052734e-01 4.274509847164154053e-01
7.333333492279052734e-01 4.274509847164154053e-01 7.333333492279052734e-01 2.666666805744171143e-01
7.333333492279052734e-01 2.666666805744171143e-01 6.000000238418579102e-01 2.666666805744171143e-01
6.000000238418579102e-01 2.666666805744171143e-01 6.000000238418579102e-01 2.666666805744171143e-01
