3.215686380863189697e-01 3.411764800548553467e-01 2.078431397676467896e-01 3.411764800548553467e-01
2.078431397676467896e-01 3.411764800548553467e-01 2.078431397676467896e-01 4.784313738346099854e-01
2.078431397676467896e-01 4.784313738346099854e-01 3.215686380863189697e-01 4.784313738346099854e-01
3.215686380863189697e-01 4.784313738346099854e-01 3.215686380863189697e-01 3.411764800548553467e-01
3.215686380863189697e-01 3.411764800548553467e-01 3.215686380863189697e-01 3.411764800548553467e-01
3.215686380863189697e-01 4.784313738346099854e-01 2.078431397676467896e-01 4.784313738346099854e-01
2.078431397676467896e-01 4.784313738346099854e-01 2.078431397676467896e-01 5.647059082984924316e-01
2.078431397676467896e-01 5.647059082984924316e-01 3.215686380863189697e-01 5.647059082984924316e-01
3.215686380863189697e-01 5.647059082984924316e-01 3.215686380863189697e-01 4.784313738346099854e-01
3.215686380863189697e-01 4.784313738346099854e-01 3.215686380863189697e-01 4.784313738346099854e-01
6.431372761726379395e-01 2.431372553110122681e-01 5.450980663299560547e-01 2.431372553110122681e-01
5.450980663299560547e-01 2.431372553110122681e-01 5.450980663299560547e-01 4.039215743541717529e-01
5.450980663299560547e-01 4.039215743541717529e-01 6.431372761726379395e-01 4.039215743541717529e-01
6.431372761726379395e-01 4.039215743541717529e-01 6.431372761726379395e-01 2.431372553110122681e-01
6.431372761726379395e-01 2.431372553110122681e-01 6.431372761726379395e-01 2.431372553110122681e-01
4.078431427478790283e-01 4.784313738346099854e-01 3.215686380863189697e-01 4.784313738346099854e-01
3.215686380863189697e-01 4.784313738346099854e-01 3.215686380863189697e-01 5.647059082984924316e-01
3.215686380863189697e-01 5.647059082984924316e-01 2.078431397676467896e-01 5.647059082984924316e-01
2.078431397676467896e-01 5.647059082984924316e-01 2.078431397676467896e-01 8.039215803146362305e-01
2.078431397676467896e-01 8.039215803146362305e-01 4.078431427478790283e-01 8.039215803146362305e-01
4.078431427478790283e-01 8.039215803146362305e-01 4.078431427478790283e-01 7.372549176216125488e-01
4.078431427478790283e-01 7.372549176216125488e-01 4.078431427478790283e-01 4.784313738346099854e-01
4.078431427478790283e-01 4.784313738346099854e-01 4.078431427478790283e-01 4.784313738346099854e-01
4.823529422283172607e-01 4.784313738346099854e-01 4.078431427478790283e-01 4.784313738346099854e-01
4.078431427478790283e-01 4.784313738346099854e-01 4.078431427478790283e-01 7.372549176216125488e-01
4.078431427478790283e-01 7.372549176216125488e-01 4.078431427478790283e-01 8.039215803146362305e-01
4.078431427478790283e-01 8.039215803146362305e-01 4.823529422283172607e-01 8.039215803146362305e-01
4.823529422283172607e-01 8.039215803146362305e-01 5.725490450859069824e-01 8.039215803146362305e-01
5.725490450859069824e-01 8.039215803146362305e-01 5.725490450859069824e-01 7.372549176216125488e-01
5.725490450859069824e-01 7.372549176216125488e-01 5.725490450859069824e-01 4.784313738346099854e-01
5.725490450859069824e-01 4.784313738346099854e-01 4.823529422283172607e-01 4.784313738346099854e-01
4.823529422283172607e-01 4.784313738346099854e-01 4.823529422283172607e-01 4.784313738346099854e-01
2.078431397676467896e-01 3.411764800548553467e-01 3.215686380863189697e-01 3.411764800548553467e-01
3.215686380863189697e-01 3.411764800548553467e-01 3.882353007793426514e-01 3.411764800548553467e-01
3.882353007793426514e-01 3.411764800548553467e-01 3.882353007793426514e-01 2.431372553110122681e-01
3.882353007793426514e-01 2.431372553110122681e-01 3.882353007793426514e-01 1.764705926179885864e-01
3.882353007793426514e-01 1.764705926179885864e-01 2.078431397676467896e-01 1.764705926179885864e-01
2.078431397676467896e-01 1.764705926179885864e-01 2.078431397676467896e-01 3.411764800548553467e-01
2.078431397676467896e-01 3.411764800548553467e-01 2.078431397676467896e-01 3.411764800548553467e-01
3.882353007793426514e-01 3.411764800548553467e-01 3.215686380863189697e-01 3.411764800548553467e-01
3.215686380863189697e-01 3.411764800548553467e-01 3.215686380863189697e-01 4.784313738346099854e-01
3.215686380863189697e-01 4.784313738346099854e-01 4.078431427478790283e-01 4.784313738346099854e-01
4.078431427478790283e-01 4.784313738346099854e-01 4.823529422283172607e-01 4.784313738346099854e-01
4.823529422283172607e-01 4.784313738346099854e-01 5.725490450859069824e-01 4.784313738346099854e-01
5.725490450859069824e-01 4.784313738346099854e-01 5.725490450859069824e-01 7.372549176216125488e-01
5.725490450859069824e-01 7.372549176216125488e-01 7.921568751335144043e-01 7.372549176216125488e-01
7.921568751335144043e-01 7.372549176216125488e-01 7.921568751335144043e-01 2.431372553110122681e-01
7.921568751335144043e-01 2.431372553110122681e-01 6.431372761726379395e-01 2.431372553110122681e-01
6.431372761726379395e-01 2.431372553110122681e-01 6.431372761726379395e-01 4.039215743541717529e-01
6.431372761726379395e-01 4.039215743541717529e-01 5.450980663299560547e-01 4.039215743541717529e-01
5.450980663299560547e-01 4.039215743541717529e-01 3.882353007793426514e-01 4.039215743541717529e-01
3.882353007793426514e-01 4.039215743541717529e-01 3.882353007793426514e-01 3.411764800548553467e-01
3.882353007793426514e-01 3.411764800548553467e-01 3.882353007793426514e-01 3.411764800548553467e-01
7.921568751335144043e-01 7.372549176216125488e-01 5.725490450859069824e-01 7.372549176216125488e-01
5.725490450859069824e-01 7.372549176216125488e-01 5.725490450859069824e-01 8.039215803146362305e-01
5.725490450859069824e-01 8.039215803146362305e-01 7.921568751335144043e-01 8.039215803146362305e-01
7.921568751335144043e-01 8.039215803146362305e-01 7.921568751335144043e-01 7.372549176216125488e-01
7.921568751335144043e-01 7.372549176216125488e-01 7.921568751335144043e-01 7.372549176216125488e-01
6.431372761726379395e-01 2.431372553110122681e-01 7.921568751335144043e-01 2.431372553110122681e-01
7.921568751335144043e-01 2.431372553110122681e-01 7.921568751335144043e-01 1.764705926179885864e-01
7.921568751335144043e-01 1.764705926179885864e-01 6.431372761726379395e-01 1.764705926179885864e-01
6.431372761726379395e-01 1.764705926179885864e-01 6.431372761726379395e-01 2.431372553110122681e-01
6.431372761726379395e-01 2.431372553110122681e-01 6.431372761726379395e-01 2.431372553110122681e-01
5.450980663299560547e-01 2.431372553110122681e-01 3.882353007793426514e-01 2.431372553110122681e-01
3.882353007793426514e-01 2.431372553110122681e-01 3.882353007793426514e-01 3.411764800548553467e-01
3.882353007793426514e-01 3.411764800548553467e-01 3.882353007793426514e-01 4.039215743541717529e-01
3.882353007793426514e-01 4.039215743541717529e-01 5.450980663299560547e-01 4.039215743541717529e-01
5.450980663299560547e-01 4.039215743541717529e-01 5.450980663299560547e-01 2.431372553110122681e-01
5.450980663299560547e-01 2.431372553110122681e-01 5.450980663299560547e-01 2.431372553110122681e-01
