5.294117927551269531e-01 2.274509817361831665e-01 3.843137323856353760e-01 2.274509817361831665e-01
3.843137323856353760e-01 2.274509817361831665e-01 3.843137323856353760e-01 3.529411852359771729e-01
3.843137323856353760e-01 3.529411852359771729e-01 5.294117927551269531e-01 3.529411852359771729e-01
5.294117927551269531e-01 3.529411852359771729e-01 5.294117927551269531e-01 2.274509817361831665e-01
5.294117927551269531e-01 2.274509817361831665e-01 5.294117927551269531e-01 2.274509817361831665e-01
8.666666746139526367e-01 2.274509817361831665e-01 7.843137383460998535e-01 2.274509817361831665e-01
7.843137383460998535e-01 2.274509817361831665e-01 7.843137383460998535e-01 4.784313738346099854e-01
7.843137383460998535e-01 4.784313738346099854e-01 8.666666746139526367e-01 4.784313738346099854e-01
8.666666746139526367e-01 4.784313738346099854e-01 8.666666746139526367e-01 2.274509817361831665e-01
8.666666746139526367e-01 2.274509817361831665e-01 8.666666746139526367e-01 2.274509817361831665e-01
7.843137383460998535e-01 2.274509817361831665e-01 5.294117927551269531e-01 2.274509817361831665e-01
5.294117927551269531e-01 2.274509817361831665e-01 5.294117927551269531e-01 3.529411852359771729e-01
5.294117927551269531e-01 3.529411852359771729e-01 5.294117927551269531e-01 4.784313738346099854e-01
5.294117927551269531e-01 4.784313738346099854e-01 7.843137383460998535e-01 4.784313738346099854e-01
7.843137383460998535e-01 4.784313738346099854e-01 7.843137383460998535e-01 2.274509817361831665e-01
7.843137383460998535e-01 2.274509817361831665e-01 7.843137383460998535e-01 2.274509817361831665e-01
3.843137323856353760e-01 2.274509817361831665e-01 1.529411822557449341e-01 2.274509817361831665e-01
1.529411822557449341e-01 2.274509817361831665e-01 1.529411822557449341e-01 4.117647111415863037e-01
1.529411822557449341e-01 4.117647111415863037e-01 3.843137323856353760e-01 4.117647111415863037e-01
3.843137323856353760e-01 4.117647111415863037e-01 3.843137323856353760e-01 3.529411852359771729e-01
3.843137323856353760e-01 3.529411852359771729e-01 3.843137323856353760e-01 2.274509817361831665e-01
3.843137323856353760e-01 2.274509817361831665e-01 3.843137323856353760e-01 2.274509817361831665e-01
5.294117927551269531e-01 4.784313738346099854e-01 5.294117927551269531e-01 7.098039388656616211e-01
5.294117927551269531e-01 7.098039388656616211e-01 5.294117927551269531e-01 7.803921699523925781e-01
5.294117927551269531e-01 7.803921699523925781e-01 7.843137383460998535e-01 7.803921699523925781e-01
7.843137383460998535e-01 7.803921699523925781e-01 7.843137383460998535e-01 4.784313738346099854e-01
7.843137383460998535e-01 4.784313738346099854e-01 5.294117927551269531e-01 4.784313738346099854e-01
5.294117927551269531e-01 4.784313738346099854e-01 5.294117927551269531e-01 4.784313738346099854e-01
3.843137323856353760e-01 5.450980663299560547e-01 3.843137323856353760e-01 4.117647111415863037e-01
3.843137323856353760e-01 4.117647111415863037e-01 1.529411822557449341e-01 4.117647111415863037e-01
1.529411822557449341e-01 4.117647111415863037e-01 1.529411822557449341e-01 5.450980663299560547e-01
1.529411822557449341e-01 5.450980663299560547e-01 2.549019753932952881e-01 5.450980663299560547e-01
2.549019753932952881e-01 5.450980663299560547e-01 3.843137323856353760e-01 5.450980663299560547e-01
3.843137323856353760e-01 5.450980663299560547e-01 3.843137323856353760e-01 5.450980663299560547e-01
5.294117927551269531e-01 3.529411852359771729e-01 3.843137323856353760e-01 3.529411852359771729e-01
3.843137323856353760e-01 3.529411852359771729e-01 3.843137323856353760e-01 4.117647111415863037e-01
3.843137323856353760e-01 4.117647111415863037e-01 3.843137323856353760e-01 5.450980663299560547e-01
3.843137323856353760e-01 5.450980663299560547e-01 4.627451002597808838e-01 5.450980663299560547e-01
4.627451002597808838e-01 5.450980663299560547e-01 4.627451002597808838e-01 7.098039388656616211e-01
4.627451002597808838e-01 7.098039388656616211e-01 5.294117927551269531e-01 7.098039388656616211e-01
5.294117927551269531e-01 7.098039388656616211e-01 5.294117927551269531e-01 4.784313738346099854e-01
5.294117927551269531e-01 4.784313738346099854e-01 5.294117927551269531e-01 3.529411852359771729e-01
5.294117927551269531e-01 3.529411852359771729e-01 5.294117927551269531e-01 3.529411852359771729e-01
3.843137323856353760e-01 7.098039388656616211e-01 4.627451002597808838e-01 7.098039388656616211e-01
4.627451002597808838e-01 7.098039388656616211e-01 4.627451002597808838e-01 5.450980663299560547e-01
4.627451002597808838e-01 5.450980663299560547e-01 3.843137323856353760e-01 5.450980663299560547e-01
3.843137323856353760e-01 5.450980663299560547e-01 2.549019753932952881e-01 5.450980663299560547e-01
2.549019753932952881e-01 5.450980663299560547e-01 2.549019753932952881e-01 7.098039388656616211e-01
2.549019753932952881e-01 7.098039388656616211e-01 3.843137323856353760e-01 7.098039388656616211e-01
3.843137323856353760e-01 7.098039388656616211e-01 3.843137323856353760e-01 7.098039388656616211e-01
