3.333333432674407959e-01 7.843137532472610474e-02 1.921568661928176880e-01 7.843137532472610474e-02
1.921568661928176880e-01 7.843137532472610474e-02 1.921568661928176880e-01 6.509804129600524902e-01
1.921568661928176880e-01 6.509804129600524902e-01 4.627451002597808838e-01 6.509804129600524902e-01
4.627451002597808838e-01 6.509804129600524902e-01 7.137255072593688965e-01 6.509804129600524902e-01
7.137255072593688965e-01 6.509804129600524902e-01 8.078431487083435059e-01 6.509804129600524902e-01
8.078431487083435059e-01 6.509804129600524902e-01 8.078431487083435059e-01 7.843137532472610474e-02
8.078431487083435059e-01 7.843137532472610474e-02 4.784313738346099854e-01 7.843137532472610474e-02
4.784313738346099854e-01 7.843137532472610474e-02 4.784313738346099854e-01 1.686274558305740356e-01
4.784313738346099854e-01 1.686274558305740356e-01 7.137255072593688965e-01 1.686274558305740356e-01
7.137255072593688965e-01 1.686274558305740356e-01 7.137255072593688965e-01 3.921568691730499268e-01
7.137255072593688965e-01 3.921568691730499268e-01 4.784313738346099854e-01 3.921568691730499268e-01
4.784313738346099854e-01 3.921568691730499268e-01 4.784313738346099854e-01 3.215686380863189697e-01
4.784313738346099854e-01 3.215686380863189697e-01 3.333333432674407959e-01 3.215686380863189697e-01
3.333333432674407959e-01 3.215686380863189697e-01 3.333333432674407959e-01 7.843137532472610474e-02
3.333333432674407959e-01 7.843137532472610474e-02 3.333333432674407959e-01 7.843137532472610474e-02
4.784313738346099854e-01 7.843137532472610474e-02 3.333333432674407959e-01 7.843137532472610474e-02
3.333333432674407959e-01 7.843137532472610474e-02 3.333333432674407959e-01 3.215686380863189697e-01
3.333333432674407959e-01 3.215686380863189697e-01 4.784313738346099854e-01 3.215686380863189697e-01
4.784313738346099854e-01 3.215686380863189697e-01 4.784313738346099854e-01 1.686274558305740356e-01
4.784313738346099854e-01 1.686274558305740356e-01 4.784313738346099854e-01 7.843137532472610474e-02
4.784313738346099854e-01 7.843137532472610474e-02 4.784313738346099854e-01 7.843137532472610474e-02
4.784313738346099854e-01 1.686274558305740356e-01 4.784313738346099854e-01 3.215686380863189697e-01
4.784313738346099854e-01 3.215686380863189697e-01 4.784313738346099854e-01 3.921568691730499268e-01
4.784313738346099854e-01 3.921568691730499268e-01 7.137255072593688965e-01 3.921568691730499268e-01
7.137255072593688965e-01 3.921568691730499268e-01 7.137255072593688965e-01 1.686274558305740356e-01
7.137255072593688965e-01 1.686274558305740356e-01 4.784313738346099854e-01 1.686274558305740356e-01
4.784313738346099854e-01 1.686274558305740356e-01 4.784313738346099854e-01 1.686274558305740356e-01
7.137255072593688965e-01 6.509804129600524902e-01 4.627451002597808838e-01 6.509804129600524902e-01
4.627451002597808838e-01 6.509804129600524902e-01 4.627451002597808838e-01 9.254902005195617676e-01
4.627451002597808838e-01 9.254902005195617676e-01 7.137255072593688965e-01 9.254902005195617676e-01
7.137255072593688965e-01 9.254902005195617676e-01 7.137255072593688965e-01 6.509804129600524902e-01
7.137255072593688965e-01 6.509804129600524902e-01 7.137255072593688965e-01 6.509804129600524902e-01
