3.686274588108062744e-01 4.509803950786590576e-01 2.784313857555389404e-01 4.509803950786590576e-01
2.784313857555389404e-01 4.509803950786590576e-01 2.784313857555389404e-01 5.411764979362487793e-01
2.784313857555389404e-01 5.411764979362487793e-01 3.686274588108062744e-01 5.411764979362487793e-01
3.686274588108062744e-01 5.411764979362487793e-01 4.274509847164154053e-01 5.411764979362487793e-01
4.274509847164154053e-01 5.411764979362487793e-01 4.274509847164154053e-01 4.509803950786590576e-01
4.274509847164154053e-01 4.509803950786590576e-01 3.686274588108062744e-01 4.509803950786590576e-01
3.686274588108062744e-01 4.509803950786590576e-01 3.686274588108062744e-01 4.509803950786590576e-01
2.784313857555389404e-01 4.509803950786590576e-01 3.686274588108062744e-01 4.509803950786590576e-01
3.686274588108062744e-01 4.509803950786590576e-01 4.274509847164154053e-01 4.509803950786590576e-01
4.274509847164154053e-01 4.509803950786590576e-01 5.019608139991760254e-01 4.509803950786590576e-01
5.019608139991760254e-01 4.509803950786590576e-01 5.019608139991760254e-01 2.705882489681243896e-01
5.019608139991760254e-01 2.705882489681243896e-01 2.784313857555389404e-01 2.705882489681243896e-01
2.784313857555389404e-01 2.705882489681243896e-01 2.784313857555389404e-01 4.509803950786590576e-01
2.784313857555389404e-01 4.509803950786590576e-01 2.784313857555389404e-01 4.509803950786590576e-01
5.019608139991760254e-01 4.509803950786590576e-01 7.215686440467834473e-01 4.509803950786590576e-01
7.215686440467834473e-01 4.509803950786590576e-01 7.215686440467834473e-01 2.705882489681243896e-01
7.215686440467834473e-01 2.705882489681243896e-01 5.019608139991760254e-01 2.705882489681243896e-01
5.019608139991760254e-01 2.705882489681243896e-01 5.019608139991760254e-01 4.509803950786590576e-01
5.019608139991760254e-01 4.509803950786590576e-01 5.019608139991760254e-01 4.509803950786590576e-01
5.019608139991760254e-01 4.509803950786590576e-01 4.274509847164154053e-01 4.509803950786590576e-01
4.274509847164154053e-01 4.509803950786590576e-01 4.274509847164154053e-01 5.411764979362487793e-01
4.274509847164154053e-01 5.411764979362487793e-01 3.686274588108062744e-01 5.411764979362487793e-01
3.686274588108062744e-01 5.411764979362487793e-01 3.686274588108062744e-01 7.333333492279052734e-01
3.686274588108062744e-01 7.333333492279052734e-01 7.215686440467834473e-01 7.333333492279052734e-01
7.215686440467834473e-01 7.333333492279052734e-01 7.215686440467834473e-01 4.509803950786590576e-01
7.215686440467834473e-01 4.509803950786590576e-01 5.019608139991760254e-01 4.509803950786590576e-01
5.019608139991760254e-01 4.509803950786590576e-01 5.019608139991760254e-01 4.509803950786590576e-01
3.686274588108062744e-01 5.411764979362487793e-01 2.784313857555389404e-01 5.411764979362487793e-01
2.784313857555389404e-01 5.411764979362487793e-01 2.784313857555389404e-01 7.333333492279052734e-01
2.784313857555389404e-01 7.333333492279052734e-01 3.686274588108062744e-01 7.333333492279052734e-01
3.686274588108062744e-01 7.333333492279052734e-01 3.686274588108062744e-01 5.411764979362487793e-01
3.686274588108062744e-01 5.411764979362487793e-01 3.686274588108062744e-01 5.411764979362487793e-01
