3.686274588108062744e-01 2.666666805744171143e-01 4.549019634723663330e-01 2.666666805744171143e-01
4.549019634723663330e-01 2.666666805744171143e-01 4.549019634723663330e-01 3.921568691730499268e-01
4.549019634723663330e-01 3.921568691730499268e-01 3.686274588108062744e-01 3.921568691730499268e-01
3.686274588108062744e-01 3.921568691730499268e-01 3.686274588108062744e-01 5.960784554481506348e-01
3.686274588108062744e-01 5.960784554481506348e-01 5.529412031173706055e-01 5.960784554481506348e-01
5.529412031173706055e-01 5.960784554481506348e-01 6.352941393852233887e-01 5.960784554481506348e-01
6.352941393852233887e-01 5.960784554481506348e-01 6.352941393852233887e-01 2.235294133424758911e-01
6.352941393852233887e-01 2.235294133424758911e-01 3.686274588108062744e-01 2.235294133424758911e-01
3.686274588108062744e-01 2.235294133424758911e-01 3.686274588108062744e-01 2.666666805744171143e-01
3.686274588108062744e-01 2.666666805744171143e-01 3.686274588108062744e-01 2.666666805744171143e-01
4.549019634723663330e-01 2.666666805744171143e-01 3.686274588108062744e-01 2.666666805744171143e-01
3.686274588108062744e-01 2.666666805744171143e-01 3.686274588108062744e-01 3.921568691730499268e-01
3.686274588108062744e-01 3.921568691730499268e-01 4.549019634723663330e-01 3.921568691730499268e-01
4.549019634723663330e-01 3.921568691730499268e-01 4.549019634723663330e-01 2.666666805744171143e-01
4.549019634723663330e-01 2.666666805744171143e-01 4.549019634723663330e-01 2.666666805744171143e-01
6.352941393852233887e-01 5.960784554481506348e-01 5.529412031173706055e-01 5.960784554481506348e-01
5.529412031173706055e-01 5.960784554481506348e-01 5.529412031173706055e-01 7.137255072593688965e-01
5.529412031173706055e-01 7.137255072593688965e-01 6.352941393852233887e-01 7.137255072593688965e-01
6.352941393852233887e-01 7.137255072593688965e-01 6.352941393852233887e-01 5.960784554481506348e-01
6.352941393852233887e-01 5.960784554481506348e-01 6.352941393852233887e-01 5.960784554481506348e-01
3.686274588108062744e-01 5.960784554481506348e-01 3.686274588108062744e-01 7.843137383460998535e-01
3.686274588108062744e-01 7.843137383460998535e-01 5.529412031173706055e-01 7.843137383460998535e-01
5.529412031173706055e-01 7.843137383460998535e-01 5.529412031173706055e-01 7.137255072593688965e-01
5.529412031173706055e-01 7.137255072593688965e-01 5.529412031173706055e-01 5.960784554481506348e-01
5.529412031173706055e-01 5.960784554481506348e-01 3.686274588108062744e-01 5.960784554481506348e-01
3.686274588108062744e-01 5.960784554481506348e-01 3.686274588108062744e-01 5.960784554481506348e-01
