8.000000119209289551e-01 3.019607961177825928e-01 8.000000119209289551e-01 2.549019753932952881e-01
8.000000119209289551e-01 2.549019753932952881e-01 6.588235497474670410e-01 2.549019753932952881e-01
6.588235497474670410e-01 2.549019753932952881e-01 6.588235497474670410e-01 3.019607961177825928e-01
6.588235497474670410e-01 3.019607961177825928e-01 6.588235497474670410e-01 3.529411852359771729e-01
6.588235497474670410e-01 3.529411852359771729e-01 6.588235497474670410e-01 4.039215743541717529e-01
6.588235497474670410e-01 4.039215743541717529e-01 8.000000119209289551e-01 4.039215743541717529e-01
8.000000119209289551e-01 4.039215743541717529e-01 8.000000119209289551e-01 3.019607961177825928e-01
8.000000119209289551e-01 3.019607961177825928e-01 8.000000119209289551e-01 3.019607961177825928e-01
2.039215713739395142e-01 4.627451002597808838e-01 2.392156869173049927e-01 4.627451002597808838e-01
2.392156869173049927e-01 4.627451002597808838e-01 2.901960909366607666e-01 4.627451002597808838e-01
2.901960909366607666e-01 4.627451002597808838e-01 2.901960909366607666e-01 2.549019753932952881e-01
2.901960909366607666e-01 2.549019753932952881e-01 2.039215713739395142e-01 2.549019753932952881e-01
2.039215713739395142e-01 2.549019753932952881e-01 2.039215713739395142e-01 4.627451002597808838e-01
2.039215713739395142e-01 4.627451002597808838e-01 2.039215713739395142e-01 4.627451002597808838e-01
2.901960909366607666e-01 4.627451002597808838e-01 2.392156869173049927e-01 4.627451002597808838e-01
2.392156869173049927e-01 4.627451002597808838e-01 2.392156869173049927e-01 6.470588445663452148e-01
2.392156869173049927e-01 6.470588445663452148e-01 4.549019634723663330e-01 6.470588445663452148e-01
4.549019634723663330e-01 6.470588445663452148e-01 4.549019634723663330e-01 5.647059082984924316e-01
4.549019634723663330e-01 5.647059082984924316e-01 4.549019634723663330e-01 4.627451002597808838e-01
4.549019634723663330e-01 4.627451002597808838e-01 2.901960909366607666e-01 4.627451002597808838e-01
2.901960909366607666e-01 4.627451002597808838e-01 2.901960909366607666e-01 4.627451002597808838e-01
4.549019634723663330e-01 5.647059082984924316e-01 4.549019634723663330e-01 6.470588445663452148e-01
4.549019634723663330e-01 6.470588445663452148e-01 4.549019634723663330e-01 7.450980544090270996e-01
4.549019634723663330e-01 7.450980544090270996e-01 6.509804129600524902e-01 7.450980544090270996e-01
6.509804129600524902e-01 7.450980544090270996e-01 6.509804129600524902e-01 5.647059082984924316e-01
6.509804129600524902e-01 5.647059082984924316e-01 4.549019634723663330e-01 5.647059082984924316e-01
4.549019634723663330e-01 5.647059082984924316e-01 4.549019634723663330e-01 5.647059082984924316e-01
2.901960909366607666e-01 4.627451002597808838e-01 4.549019634723663330e-01 4.627451002597808838e-01
4.549019634723663330e-01 4.627451002597808838e-01 4.549019634723663330e-01 5.647059082984924316e-01
4.549019634723663330e-01 5.647059082984924316e-01 6.509804129600524902e-01 5.647059082984924316e-01
6.509804129600524902e-01 5.647059082984924316e-01 8.000000119209289551e-01 5.647059082984924316e-01
8.000000119209289551e-01 5.647059082984924316e-01 8.000000119209289551e-01 4.039215743541717529e-01
8.000000119209289551e-01 4.039215743541717529e-01 6.588235497474670410e-01 4.039215743541717529e-01
6.588235497474670410e-01 4.039215743541717529e-01 6.588235497474670410e-01 3.529411852359771729e-01
6.588235497474670410e-01 3.529411852359771729e-01 5.019608139991760254e-01 3.529411852359771729e-01
5.019608139991760254e-01 3.529411852359771729e-01 5.019608139991760254e-01 2.549019753932952881e-01
5.019608139991760254e-01 2.549019753932952881e-01 2.901960909366607666e-01 2.549019753932952881e-01
2.901960909366607666e-01 2.549019753932952881e-01 2.901960909366607666e-01 4.627451002597808838e-01
2.901960909366607666e-01 4.627451002597808838e-01 2.901960909366607666e-01 4.627451002597808838e-01
6.588235497474670410e-01 3.019607961177825928e-01 6.588235497474670410e-01 2.549019753932952881e-01
6.588235497474670410e-01 2.549019753932952881e-01 5.019608139991760254e-01 2.549019753932952881e-01
5.019608139991760254e-01 2.549019753932952881e-01 5.019608139991760254e-01 3.529411852359771729e-01
5.019608139991760254e-01 3.529411852359771729e-01 6.588235497474670410e-01 3.529411852359771729e-01
6.588235497474670410e-01 3.529411852359771729e-01 6.588235497474670410e-01 3.019607961177825928e-01
6.588235497474670410e-01 3.019607961177825928e-01 6.588235497474670410e-01 3.019607961177825928e-01
