4.666666686534881592e-01 2.941176593303680420e-01 3.372549116611480713e-01 2.941176593303680420e-01
3.372549116611480713e-01 2.941176593303680420e-01 3.372549116611480713e-01 4.352941215038299561e-01
3.372549116611480713e-01 4.352941215038299561e-01 4.666666686534881592e-01 4.352941215038299561e-01
4.666666686534881592e-01 4.352941215038299561e-01 4.666666686534881592e-01 2.941176593303680420e-01
4.666666686534881592e-01 2.941176593303680420e-01 4.666666686534881592e-01 2.941176593303680420e-01
4.666666686534881592e-01 2.941176593303680420e-01 6.705882549285888672e-01 2.941176593303680420e-01
6.705882549285888672e-01 2.941176593303680420e-01 6.705882549285888672e-01 1.882352977991104126e-01
6.705882549285888672e-01 1.882352977991104126e-01 4.666666686534881592e-01 1.882352977991104126e-01
4.666666686534881592e-01 1.882352977991104126e-01 4.666666686534881592e-01 2.235294133424758911e-01
4.666666686534881592e-01 2.235294133424758911e-01 4.666666686534881592e-01 2.941176593303680420e-01
4.666666686534881592e-01 2.941176593303680420e-01 4.666666686534881592e-01 2.941176593303680420e-01
3.372549116611480713e-01 7.215686440467834473e-01 4.039215743541717529e-01 7.215686440467834473e-01
4.039215743541717529e-01 7.215686440467834473e-01 4.039215743541717529e-01 5.176470875740051270e-01
4.039215743541717529e-01 5.176470875740051270e-01 3.372549116611480713e-01 5.176470875740051270e-01
3.372549116611480713e-01 5.176470875740051270e-01 2.000000029802322388e-01 5.176470875740051270e-01
2.000000029802322388e-01 5.176470875740051270e-01 2.000000029802322388e-01 7.215686440467834473e-01
2.000000029802322388e-01 7.215686440467834473e-01 3.372549116611480713e-01 7.215686440467834473e-01
3.372549116611480713e-01 7.215686440467834473e-01 3.372549116611480713e-01 7.215686440467834473e-01
6.313725709915161133e-01 7.215686440467834473e-01 7.333333492279052734e-01 7.215686440467834473e-01
7.333333492279052734e-01 7.215686440467834473e-01 8.000000119209289551e-01 7.215686440467834473e-01
8.000000119209289551e-01 7.215686440467834473e-01 8.000000119209289551e-01 5.411764979362487793e-01
8.000000119209289551e-01 5.411764979362487793e-01 7.333333492279052734e-01 5.411764979362487793e-01
7.333333492279052734e-01 5.411764979362487793e-01 6.313725709915161133e-01 5.411764979362487793e-01
6.313725709915161133e-01 5.411764979362487793e-01 6.313725709915161133e-01 7.215686440467834473e-01
6.313725709915161133e-01 7.215686440467834473e-01 6.313725709915161133e-01 7.215686440467834473e-01
6.705882549285888672e-01 2.941176593303680420e-01 4.666666686534881592e-01 2.941176593303680420e-01
4.666666686534881592e-01 2.941176593303680420e-01 4.666666686534881592e-01 4.352941215038299561e-01
4.666666686534881592e-01 4.352941215038299561e-01 3.372549116611480713e-01 4.352941215038299561e-01
3.372549116611480713e-01 4.352941215038299561e-01 3.372549116611480713e-01 5.176470875740051270e-01
3.372549116611480713e-01 5.176470875740051270e-01 4.039215743541717529e-01 5.176470875740051270e-01
4.039215743541717529e-01 5.176470875740051270e-01 4.039215743541717529e-01 7.215686440467834473e-01
4.039215743541717529e-01 7.215686440467834473e-01 6.313725709915161133e-01 7.215686440467834473e-01
6.313725709915161133e-01 7.215686440467834473e-01 6.313725709915161133e-01 5.411764979362487793e-01
6.313725709915161133e-01 5.411764979362487793e-01 7.333333492279052734e-01 5.411764979362487793e-01
7.333333492279052734e-01 5.411764979362487793e-01 7.333333492279052734e-01 2.941176593303680420e-01
7.333333492279052734e-01 2.941176593303680420e-01 6.705882549285888672e-01 2.941176593303680420e-01
6.705882549285888672e-01 2.941176593303680420e-01 6.705882549285888672e-01 2.941176593303680420e-01
6.313725709915161133e-01 7.215686440467834473e-01 4.039215743541717529e-01 7.215686440467834473e-01
4.039215743541717529e-01 7.215686440467834473e-01 4.039215743541717529e-01 8.156862854957580566e-01
4.039215743541717529e-01 8.156862854957580566e-01 6.313725709915161133e-01 8.156862854957580566e-01
6.313725709915161133e-01 8.156862854957580566e-01 6.313725709915161133e-01 7.215686440467834473e-01
6.313725709915161133e-01 7.215686440467834473e-01 6.313725709915161133e-01 7.215686440467834473e-01
3.372549116611480713e-01 2.941176593303680420e-01 4.666666686534881592e-01 2.941176593303680420e-01
4.666666686534881592e-01 2.941176593303680420e-01 4.666666686534881592e-01 2.235294133424758911e-01
4.666666686534881592e-01 2.235294133424758911e-01 3.372549116611480713e-01 2.235294133424758911e-01
3.372549116611480713e-01 2.235294133424758911e-01 3.372549116611480713e-01 2.941176593303680420e-01
3.372549116611480713e-01 2.941176593303680420e-01 3.372549116611480713e-01 2.941176593303680420e-01
3.372549116611480713e-01 2.941176593303680420e-01 2.000000029802322388e-01 2.941176593303680420e-01
2.000000029802322388e-01 2.941176593303680420e-01 2.000000029802322388e-01 5.176470875740051270e-01
2.000000029802322388e-01 5.176470875740051270e-01 3.372549116611480713e-01 5.176470875740051270e-01
3.372549116611480713e-01 5.176470875740051270e-01 3.372549116611480713e-01 4.352941215038299561e-01
3.372549116611480713e-01 4.352941215038299561e-01 3.372549116611480713e-01 2.941176593303680420e-01
3.372549116611480713e-01 2.941176593303680420e-01 3.372549116611480713e-01 2.941176593303680420e-01
