3.019607961177825928e-01 5.411764979362487793e-01 4.196078479290008545e-01 5.411764979362487793e-01
4.196078479290008545e-01 5.411764979362487793e-01 4.196078479290008545e-01 4.352941215038299561e-01
4.196078479290008545e-01 4.352941215038299561e-01 3.019607961177825928e-01 4.352941215038299561e-01
3.019607961177825928e-01 4.352941215038299561e-01 3.019607961177825928e-01 5.411764979362487793e-01
3.019607961177825928e-01 5.411764979362487793e-01 3.019607961177825928e-01 5.411764979362487793e-01
6.980392336845397949e-01 7.529411911964416504e-01 4.823529422283172607e-01 7.529411911964416504e-01
4.823529422283172607e-01 7.529411911964416504e-01 4.823529422283172607e-01 8.313725590705871582e-01
4.823529422283172607e-01 8.313725590705871582e-01 6.980392336845397949e-01 8.313725590705871582e-01
6.980392336845397949e-01 8.313725590705871582e-01 6.980392336845397949e-01 7.529411911964416504e-01
6.980392336845397949e-01 7.529411911964416504e-01 6.980392336845397949e-01 7.529411911964416504e-01
4.196078479290008545e-01 5.411764979362487793e-01 3.019607961177825928e-01 5.411764979362487793e-01
3.019607961177825928e-01 5.411764979362487793e-01 3.019607961177825928e-01 7.529411911964416504e-01
3.019607961177825928e-01 7.529411911964416504e-01 4.196078479290008545e-01 7.529411911964416504e-01
4.196078479290008545e-01 7.529411911964416504e-01 4.823529422283172607e-01 7.529411911964416504e-01
4.823529422283172607e-01 7.529411911964416504e-01 4.823529422283172607e-01 5.411764979362487793e-01
4.823529422283172607e-01 5.411764979362487793e-01 4.196078479290008545e-01 5.411764979362487793e-01
4.196078479290008545e-01 5.411764979362487793e-01 4.196078479290008545e-01 5.411764979362487793e-01
3.019607961177825928e-01 2.901960909366607666e-01 3.019607961177825928e-01 4.352941215038299561e-01
3.019607961177825928e-01 4.352941215038299561e-01 4.196078479290008545e-01 4.352941215038299561e-01
4.196078479290008545e-01 4.352941215038299561e-01 4.823529422283172607e-01 4.352941215038299561e-01
4.823529422283172607e-01 4.352941215038299561e-01 4.823529422283172607e-01 2.901960909366607666e-01
4.823529422283172607e-01 2.901960909366607666e-01 4.196078479290008545e-01 2.901960909366607666e-01
4.196078479290008545e-01 2.901960909366607666e-01 3.019607961177825928e-01 2.901960909366607666e-01
3.019607961177825928e-01 2.901960909366607666e-01 3.019607961177825928e-01 2.901960909366607666e-01
4.196078479290008545e-01 5.411764979362487793e-01 4.823529422283172607e-01 5.411764979362487793e-01
4.823529422283172607e-01 5.411764979362487793e-01 4.823529422283172607e-01 7.529411911964416504e-01
4.823529422283172607e-01 7.529411911964416504e-01 6.980392336845397949e-01 7.529411911964416504e-01
6.980392336845397949e-01 7.529411911964416504e-01 6.980392336845397949e-01 1.725490242242813110e-01
6.980392336845397949e-01 1.725490242242813110e-01 6.117647290229797363e-01 1.725490242242813110e-01
6.117647290229797363e-01 1.725490242242813110e-01 6.117647290229797363e-01 2.901960909366607666e-01
6.117647290229797363e-01 2.901960909366607666e-01 4.823529422283172607e-01 2.901960909366607666e-01
4.823529422283172607e-01 2.901960909366607666e-01 4.823529422283172607e-01 4.352941215038299561e-01
4.823529422283172607e-01 4.352941215038299561e-01 4.196078479290008545e-01 4.352941215038299561e-01
4.196078479290008545e-01 4.352941215038299561e-01 4.196078479290008545e-01 5.411764979362487793e-01
4.196078479290008545e-01 5.411764979362487793e-01 4.196078479290008545e-01 5.411764979362487793e-01
4.823529422283172607e-01 2.901960909366607666e-01 6.117647290229797363e-01 2.901960909366607666e-01
6.117647290229797363e-01 2.901960909366607666e-01 6.117647290229797363e-01 1.725490242242813110e-01
6.117647290229797363e-01 1.725490242242813110e-01 4.823529422283172607e-01 1.725490242242813110e-01
4.823529422283172607e-01 1.725490242242813110e-01 4.823529422283172607e-01 2.901960909366607666e-01
4.823529422283172607e-01 2.901960909366607666e-01 4.823529422283172607e-01 2.901960909366607666e-01
4.196078479290008545e-01 2.901960909366607666e-01 4.823529422283172607e-01 2.901960909366607666e-01
4.823529422283172607e-01 2.901960909366607666e-01 4.823529422283172607e-01 1.725490242242813110e-01
4.823529422283172607e-01 1.725490242242813110e-01 4.196078479290008545e-01 1.725490242242813110e-01
4.196078479290008545e-01 1.725490242242813110e-01 4.196078479290008545e-01 2.901960909366607666e-01
4.196078479290008545e-01 2.901960909366607666e-01 4.196078479290008545e-01 2.901960909366607666e-01
