5.686274766921997070e-01 2.549019753932952881e-01 5.686274766921997070e-01 2.156862765550613403e-01
5.686274766921997070e-01 2.156862765550613403e-01 4.627451002597808838e-01 2.156862765550613403e-01
4.627451002597808838e-01 2.156862765550613403e-01 4.627451002597808838e-01 3.921568691730499268e-01
4.627451002597808838e-01 3.921568691730499268e-01 5.058823823928833008e-01 3.921568691730499268e-01
5.058823823928833008e-01 3.921568691730499268e-01 5.686274766921997070e-01 3.921568691730499268e-01
5.686274766921997070e-01 3.921568691730499268e-01 5.686274766921997070e-01 2.549019753932952881e-01
5.686274766921997070e-01 2.549019753932952881e-01 5.686274766921997070e-01 2.549019753932952881e-01
3.607843220233917236e-01 2.156862765550613403e-01 3.607843220233917236e-01 2.549019753932952881e-01
3.607843220233917236e-01 2.549019753932952881e-01 3.607843220233917236e-01 3.921568691730499268e-01
3.607843220233917236e-01 3.921568691730499268e-01 4.627451002597808838e-01 3.921568691730499268e-01
4.627451002597808838e-01 3.921568691730499268e-01 4.627451002597808838e-01 2.156862765550613403e-01
4.627451002597808838e-01 2.156862765550613403e-01 3.607843220233917236e-01 2.156862765550613403e-01
3.607843220233917236e-01 2.156862765550613403e-01 3.607843220233917236e-01 2.156862765550613403e-01
2.745098173618316650e-01 4.509803950786590576e-01 1.568627506494522095e-01 4.509803950786590576e-01
1.568627506494522095e-01 4.509803950786590576e-01 1.568627506494522095e-01 6.235294342041015625e-01
1.568627506494522095e-01 6.235294342041015625e-01 2.745098173618316650e-01 6.235294342041015625e-01
2.745098173618316650e-01 6.235294342041015625e-01 2.745098173618316650e-01 4.509803950786590576e-01
2.745098173618316650e-01 4.509803950786590576e-01 2.745098173618316650e-01 4.509803950786590576e-01
8.431372642517089844e-01 2.549019753932952881e-01 5.686274766921997070e-01 2.549019753932952881e-01
5.686274766921997070e-01 2.549019753932952881e-01 5.686274766921997070e-01 3.921568691730499268e-01
5.686274766921997070e-01 3.921568691730499268e-01 5.058823823928833008e-01 3.921568691730499268e-01
5.058823823928833008e-01 3.921568691730499268e-01 5.058823823928833008e-01 4.509803950786590576e-01
5.058823823928833008e-01 4.509803950786590576e-01 7.176470756530761719e-01 4.509803950786590576e-01
7.176470756530761719e-01 4.509803950786590576e-01 8.039215803146362305e-01 4.509803950786590576e-01
8.039215803146362305e-01 4.509803950786590576e-01 8.431372642517089844e-01 4.509803950786590576e-01
8.431372642517089844e-01 4.509803950786590576e-01 8.431372642517089844e-01 2.549019753932952881e-01
8.431372642517089844e-01 2.549019753932952881e-01 8.431372642517089844e-01 2.549019753932952881e-01
3.607843220233917236e-01 2.549019753932952881e-01 1.568627506494522095e-01 2.549019753932952881e-01
1.568627506494522095e-01 2.549019753932952881e-01 1.568627506494522095e-01 4.509803950786590576e-01
1.568627506494522095e-01 4.509803950786590576e-01 2.745098173618316650e-01 4.509803950786590576e-01
2.745098173618316650e-01 4.509803950786590576e-01 3.607843220233917236e-01 4.509803950786590576e-01
3.607843220233917236e-01 4.509803950786590576e-01 3.607843220233917236e-01 3.921568691730499268e-01
3.607843220233917236e-01 3.921568691730499268e-01 3.607843220233917236e-01 2.549019753932952881e-01
3.607843220233917236e-01 2.549019753932952881e-01 3.607843220233917236e-01 2.549019753932952881e-01
1.568627506494522095e-01 6.235294342041015625e-01 1.568627506494522095e-01 7.843137383460998535e-01
1.568627506494522095e-01 7.843137383460998535e-01 2.745098173618316650e-01 7.843137383460998535e-01
2.745098173618316650e-01 7.843137383460998535e-01 4.156862795352935791e-01 7.843137383460998535e-01
4.156862795352935791e-01 7.843137383460998535e-01 4.156862795352935791e-01 6.235294342041015625e-01
4.156862795352935791e-01 6.235294342041015625e-01 2.745098173618316650e-01 6.235294342041015625e-01
2.745098173618316650e-01 6.235294342041015625e-01 1.568627506494522095e-01 6.235294342041015625e-01
1.568627506494522095e-01 6.235294342041015625e-01 1.568627506494522095e-01 6.235294342041015625e-01
7.176470756530761719e-01 4.509803950786590576e-01 5.058823823928833008e-01 4.509803950786590576e-01
5.058823823928833008e-01 4.509803950786590576e-01 5.058823823928833008e-01 3.921568691730499268e-01
5.058823823928833008e-01 3.921568691730499268e-01 4.627451002597808838e-01 3.921568691730499268e-01
4.627451002597808838e-01 3.921568691730499268e-01 3.607843220233917236e-01 3.921568691730499268e-01
3.607843220233917236e-01 3.921568691730499268e-01 3.607843220233917236e-01 4.509803950786590576e-01
3.607843220233917236e-01 4.509803950786590576e-01 2.745098173618316650e-01 4.509803950786590576e-01
2.745098173618316650e-01 4.509803950786590576e-01 2.745098173618316650e-01 6.235294342041015625e-01
2.745098173618316650e-01 6.235294342041015625e-01 4.156862795352935791e-01 6.235294342041015625e-01
4.156862795352935791e-01 6.235294342041015625e-01 4.156862795352935791e-01 7.843137383460998535e-01
4.156862795352935791e-01 7.843137383460998535e-01 7.176470756530761719e-01 7.843137383460998535e-01
7.176470756530761719e-01 7.843137383460998535e-01 7.176470756530761719e-01 6.862745285034179688e-01
7.176470756530761719e-01 6.862745285034179688e-01 7.176470756530761719e-01 4.509803950786590576e-01
7.176470756530761719e-01 4.509803950786590576e-01 7.176470756530761719e-01 4.509803950786590576e-01
8.039215803146362305e-01 4.509803950786590576e-01 7.176470756530761719e-01 4.509803950786590576e-01
7.176470756530761719e-01 4.509803950786590576e-01 7.176470756530761719e-01 6.862745285034179688e-01
7.176470756530761719e-01 6.862745285034179688e-01 8.039215803146362305e-01 6.862745285034179688e-01
8.039215803146362305e-01 6.862745285034179688e-01 8.039215803146362305e-01 4.509803950786590576e-01
8.039215803146362305e-01 4.509803950786590576e-01 8.039215803146362305e-01 4.509803950786590576e-01
