4.039215743541717529e-01 4.392156898975372314e-01 4.823529422283172607e-01 4.392156898975372314e-01
4.823529422283172607e-01 4.392156898975372314e-01 4.823529422283172607e-01 2.941176593303680420e-01
4.823529422283172607e-01 2.941176593303680420e-01 4.039215743541717529e-01 2.941176593303680420e-01
4.039215743541717529e-01 2.941176593303680420e-01 3.411764800548553467e-01 2.941176593303680420e-01
3.411764800548553467e-01 2.941176593303680420e-01 3.411764800548553467e-01 4.392156898975372314e-01
3.411764800548553467e-01 4.392156898975372314e-01 4.039215743541717529e-01 4.392156898975372314e-01
4.039215743541717529e-01 4.392156898975372314e-01 4.039215743541717529e-01 4.392156898975372314e-01
3.411764800548553467e-01 5.098039507865905762e-01 2.039215713739395142e-01 5.098039507865905762e-01
2.039215713739395142e-01 5.098039507865905762e-01 2.039215713739395142e-01 7.333333492279052734e-01
2.039215713739395142e-01 7.333333492279052734e-01 3.411764800548553467e-01 7.333333492279052734e-01
3.411764800548553467e-01 7.333333492279052734e-01 4.039215743541717529e-01 7.333333492279052734e-01
4.039215743541717529e-01 7.333333492279052734e-01 4.039215743541717529e-01 5.098039507865905762e-01
4.039215743541717529e-01 5.098039507865905762e-01 3.411764800548553467e-01 5.098039507865905762e-01
3.411764800548553467e-01 5.098039507865905762e-01 3.411764800548553467e-01 5.098039507865905762e-01
5.882353186607360840e-01 5.098039507865905762e-01 4.039215743541717529e-01 5.098039507865905762e-01
4.039215743541717529e-01 5.098039507865905762e-01 4.039215743541717529e-01 7.333333492279052734e-01
4.039215743541717529e-01 7.333333492279052734e-01 5.882353186607360840e-01 7.333333492279052734e-01
5.882353186607360840e-01 7.333333492279052734e-01 5.882353186607360840e-01 5.098039507865905762e-01
5.882353186607360840e-01 5.098039507865905762e-01 5.882353186607360840e-01 5.098039507865905762e-01
2.039215713739395142e-01 5.098039507865905762e-01 3.411764800548553467e-01 5.098039507865905762e-01
3.411764800548553467e-01 5.098039507865905762e-01 4.039215743541717529e-01 5.098039507865905762e-01
4.039215743541717529e-01 5.098039507865905762e-01 4.039215743541717529e-01 4.392156898975372314e-01
4.039215743541717529e-01 4.392156898975372314e-01 3.411764800548553467e-01 4.392156898975372314e-01
3.411764800548553467e-01 4.392156898975372314e-01 3.411764800548553467e-01 2.941176593303680420e-01
3.411764800548553467e-01 2.941176593303680420e-01 2.039215713739395142e-01 2.941176593303680420e-01
2.039215713739395142e-01 2.941176593303680420e-01 2.039215713739395142e-01 5.098039507865905762e-01
2.039215713739395142e-01 5.098039507865905762e-01 2.039215713739395142e-01 5.098039507865905762e-01
4.039215743541717529e-01 5.098039507865905762e-01 5.882353186607360840e-01 5.098039507865905762e-01
5.882353186607360840e-01 5.098039507865905762e-01 5.882353186607360840e-01 7.333333492279052734e-01
5.882353186607360840e-01 7.333333492279052734e-01 8.000000119209289551e-01 7.333333492279052734e-01
8.000000119209289551e-01 7.333333492279052734e-01 8.000000119209289551e-01 1.882352977991104126e-01
8.000000119209289551e-01 1.882352977991104126e-01 3.411764800548553467e-01 1.882352977991104126e-01
3.411764800548553467e-01 1.882352977991104126e-01 3.411764800548553467e-01 2.941176593303680420e-01
3.411764800548553467e-01 2.941176593303680420e-01 4.039215743541717529e-01 2.941176593303680420e-01
4.039215743541717529e-01 2.941176593303680420e-01 4.823529422283172607e-01 2.941176593303680420e-01
4.823529422283172607e-01 2.941176593303680420e-01 5.882353186607360840e-01 2.941176593303680420e-01
5.882353186607360840e-01 2.941176593303680420e-01 5.882353186607360840e-01 4.392156898975372314e-01
5.882353186607360840e-01 4.392156898975372314e-01 4.823529422283172607e-01 4.392156898975372314e-01
4.823529422283172607e-01 4.392156898975372314e-01 4.039215743541717529e-01 4.392156898975372314e-01
4.039215743541717529e-01 4.392156898975372314e-01 4.039215743541717529e-01 5.098039507865905762e-01
4.039215743541717529e-01 5.098039507865905762e-01 4.039215743541717529e-01 5.098039507865905762e-01
5.882353186607360840e-01 2.941176593303680420e-01 4.823529422283172607e-01 2.941176593303680420e-01
4.823529422283172607e-01 2.941176593303680420e-01 4.823529422283172607e-01 4.392156898975372314e-01
4.823529422283172607e-01 4.392156898975372314e-01 5.882353186607360840e-01 4.392156898975372314e-01
5.882353186607360840e-01 4.392156898975372314e-01 5.882353186607360840e-01 2.941176593303680420e-01
5.882353186607360840e-01 2.941176593303680420e-01 5.882353186607360840e-01 2.941176593303680420e-01
8.000000119209289551e-01 7.333333492279052734e-01 5.882353186607360840e-01 7.333333492279052734e-01
5.882353186607360840e-01 7.333333492279052734e-01 5.882353186607360840e-01 8.117647171020507812e-01
5.882353186607360840e-01 8.117647171020507812e-01 8.000000119209289551e-01 8.117647171020507812e-01
8.000000119209289551e-01 8.117647171020507812e-01 8.000000119209289551e-01 7.333333492279052734e-01
8.000000119209289551e-01 7.333333492279052734e-01 8.000000119209289551e-01 7.333333492279052734e-01
