4.078431427478790283e-01 4.431372582912445068e-01 2.627451121807098389e-01 4.431372582912445068e-01
2.627451121807098389e-01 4.431372582912445068e-01 2.627451121807098389e-01 5.529412031173706055e-01
2.627451121807098389e-01 5.529412031173706055e-01 4.078431427478790283e-01 5.529412031173706055e-01
4.078431427478790283e-01 5.529412031173706055e-01 4.078431427478790283e-01 4.431372582912445068e-01
4.078431427478790283e-01 4.431372582912445068e-01 4.078431427478790283e-01 4.431372582912445068e-01
4.078431427478790283e-01 7.529411911964416504e-01 4.078431427478790283e-01 8.588235378265380859e-01
4.078431427478790283e-01 8.588235378265380859e-01 5.137255191802978516e-01 8.588235378265380859e-01
5.137255191802978516e-01 8.588235378265380859e-01 5.137255191802978516e-01 7.529411911964416504e-01
5.137255191802978516e-01 7.529411911964416504e-01 4.078431427478790283e-01 7.529411911964416504e-01
4.078431427478790283e-01 7.529411911964416504e-01 4.078431427478790283e-01 7.529411911964416504e-01
3.960784375667572021e-01 1.411764770746231079e-01 1.960784345865249634e-01 1.411764770746231079e-01
1.960784345865249634e-01 1.411764770746231079e-01 1.960784345865249634e-01 2.666666805744171143e-01
1.960784345865249634e-01 2.666666805744171143e-01 3.960784375667572021e-01 2.666666805744171143e-01
3.960784375667572021e-01 2.666666805744171143e-01 3.960784375667572021e-01 1.411764770746231079e-01
3.960784375667572021e-01 1.411764770746231079e-01 3.960784375667572021e-01 1.411764770746231079e-01
4.078431427478790283e-01 6.627451181411743164e-01 4.078431427478790283e-01 7.529411911964416504e-01
4.078431427478790283e-01 7.529411911964416504e-01 5.137255191802978516e-01 7.529411911964416504e-01
5.137255191802978516e-01 7.529411911964416504e-01 5.137255191802978516e-01 8.588235378265380859e-01
5.137255191802978516e-01 8.588235378265380859e-01 8.039215803146362305e-01 8.588235378265380859e-01
8.039215803146362305e-01 8.588235378265380859e-01 8.039215803146362305e-01 6.627451181411743164e-01
8.039215803146362305e-01 6.627451181411743164e-01 7.568627595901489258e-01 6.627451181411743164e-01
7.568627595901489258e-01 6.627451181411743164e-01 7.058823704719543457e-01 6.627451181411743164e-01
7.058823704719543457e-01 6.627451181411743164e-01 5.725490450859069824e-01 6.627451181411743164e-01
5.725490450859069824e-01 6.627451181411743164e-01 4.862745106220245361e-01 6.627451181411743164e-01
4.862745106220245361e-01 6.627451181411743164e-01 4.078431427478790283e-01 6.627451181411743164e-01
4.078431427478790283e-01 6.627451181411743164e-01 4.078431427478790283e-01 6.627451181411743164e-01
2.627451121807098389e-01 5.529412031173706055e-01 1.960784345865249634e-01 5.529412031173706055e-01
1.960784345865249634e-01 5.529412031173706055e-01 1.960784345865249634e-01 6.627451181411743164e-01
1.960784345865249634e-01 6.627451181411743164e-01 1.960784345865249634e-01 7.529411911964416504e-01
1.960784345865249634e-01 7.529411911964416504e-01 4.078431427478790283e-01 7.529411911964416504e-01
4.078431427478790283e-01 7.529411911964416504e-01 4.078431427478790283e-01 6.627451181411743164e-01
4.078431427478790283e-01 6.627451181411743164e-01 4.078431427478790283e-01 5.529412031173706055e-01
4.078431427478790283e-01 5.529412031173706055e-01 2.627451121807098389e-01 5.529412031173706055e-01
2.627451121807098389e-01 5.529412031173706055e-01 2.627451121807098389e-01 5.529412031173706055e-01
5.725490450859069824e-01 6.627451181411743164e-01 7.058823704719543457e-01 6.627451181411743164e-01
7.058823704719543457e-01 6.627451181411743164e-01 7.568627595901489258e-01 6.627451181411743164e-01
7.568627595901489258e-01 6.627451181411743164e-01 7.568627595901489258e-01 4.980392158031463623e-01
7.568627595901489258e-01 4.980392158031463623e-01 7.058823704719543457e-01 4.980392158031463623e-01
7.058823704719543457e-01 4.980392158031463623e-01 4.862745106220245361e-01 4.980392158031463623e-01
4.862745106220245361e-01 4.980392158031463623e-01 4.862745106220245361e-01 5.764706134796142578e-01
4.862745106220245361e-01 5.764706134796142578e-01 5.725490450859069824e-01 5.764706134796142578e-01
5.725490450859069824e-01 5.764706134796142578e-01 5.725490450859069824e-01 6.627451181411743164e-01
5.725490450859069824e-01 6.627451181411743164e-01 5.725490450859069824e-01 6.627451181411743164e-01
2.627451121807098389e-01 4.431372582912445068e-01 4.078431427478790283e-01 4.431372582912445068e-01
4.078431427478790283e-01 4.431372582912445068e-01 4.078431427478790283e-01 5.529412031173706055e-01
4.078431427478790283e-01 5.529412031173706055e-01 4.078431427478790283e-01 6.627451181411743164e-01
4.078431427478790283e-01 6.627451181411743164e-01 4.862745106220245361e-01 6.627451181411743164e-01
4.862745106220245361e-01 6.627451181411743164e-01 4.862745106220245361e-01 5.764706134796142578e-01
4.862745106220245361e-01 5.764706134796142578e-01 4.862745106220245361e-01 4.980392158031463623e-01
4.862745106220245361e-01 4.980392158031463623e-01 7.058823704719543457e-01 4.980392158031463623e-01
7.058823704719543457e-01 4.980392158031463623e-01 7.058823704719543457e-01 2.705882489681243896e-01
7.058823704719543457e-01 2.705882489681243896e-01 7.058823704719543457e-01 1.411764770746231079e-01
7.058823704719543457e-01 1.411764770746231079e-01 3.960784375667572021e-01 1.411764770746231079e-01
3.960784375667572021e-01 1.411764770746231079e-01 3.960784375667572021e-01 2.666666805744171143e-01
3.960784375667572021e-01 2.666666805744171143e-01 1.960784345865249634e-01 2.666666805744171143e-01
1.960784345865249634e-01 2.666666805744171143e-01 1.960784345865249634e-01 5.529412031173706055e-01
1.960784345865249634e-01 5.529412031173706055e-01 2.627451121807098389e-01 5.529412031173706055e-01
2.627451121807098389e-01 5.529412031173706055e-01 2.627451121807098389e-01 4.431372582912445068e-01
2.627451121807098389e-01 4.431372582912445068e-01 2.627451121807098389e-01 4.431372582912445068e-01
7.058823704719543457e-01 2.705882489681243896e-01 7.058823704719543457e-01 4.980392158031463623e-01
7.058823704719543457e-01 4.980392158031463623e-01 7.568627595901489258e-01 4.980392158031463623e-01
7.568627595901489258e-01 4.980392158031463623e-01 8.000000119209289551e-01 4.980392158031463623e-01
8.000000119209289551e-01 4.980392158031463623e-01 8.000000119209289551e-01 2.705882489681243896e-01
8.000000119209289551e-01 2.705882489681243896e-01 7.058823704719543457e-01 2.705882489681243896e-01
7.058823704719543457e-01 2.705882489681243896e-01 7.058823704719543457e-01 2.705882489681243896e-01
4.862745106220245361e-01 6.627451181411743164e-01 5.725490450859069824e-01 6.627451181411743164e-01
5.725490450859069824e-01 6.627451181411743164e-01 5.725490450859069824e-01 5.764706134796142578e-01
5.725490450859069824e-01 5.764706134796142578e-01 4.862745106220245361e-01 5.764706134796142578e-01
4.862745106220245361e-01 5.764706134796142578e-01 4.862745106220245361e-01 6.627451181411743164e-01
4.862745106220245361e-01 6.627451181411743164e-01 4.862745106220245361e-01 6.627451181411743164e-01
