3.137255012989044189e-01 4.156862795352935791e-01 2.666666805744171143e-01 4.156862795352935791e-01
2.666666805744171143e-01 4.156862795352935791e-01 2.666666805744171143e-01 5.372549295425415039e-01
2.666666805744171143e-01 5.372549295425415039e-01 4.039215743541717529e-01 5.372549295425415039e-01
4.039215743541717529e-01 5.372549295425415039e-01 4.039215743541717529e-01 4.156862795352935791e-01
4.039215743541717529e-01 4.156862795352935791e-01 3.137255012989044189e-01 4.156862795352935791e-01
3.137255012989044189e-01 4.156862795352935791e-01 3.137255012989044189e-01 4.156862795352935791e-01
4.549019634723663330e-01 3.294117748737335205e-01 6.000000238418579102e-01 3.294117748737335205e-01
6.000000238418579102e-01 3.294117748737335205e-01 6.000000238418579102e-01 2.196078449487686157e-01
6.000000238418579102e-01 2.196078449487686157e-01 4.549019634723663330e-01 2.196078449487686157e-01
4.549019634723663330e-01 2.196078449487686157e-01 4.549019634723663330e-01 3.294117748737335205e-01
4.549019634723663330e-01 3.294117748737335205e-01 4.549019634723663330e-01 3.294117748737335205e-01
4.039215743541717529e-01 5.372549295425415039e-01 2.666666805744171143e-01 5.372549295425415039e-01
2.666666805744171143e-01 5.372549295425415039e-01 2.666666805744171143e-01 7.450980544090270996e-01
2.666666805744171143e-01 7.450980544090270996e-01 4.549019634723663330e-01 7.450980544090270996e-01
4.549019634723663330e-01 7.450980544090270996e-01 4.549019634723663330e-01 6.980392336845397949e-01
4.549019634723663330e-01 6.980392336845397949e-01 4.549019634723663330e-01 5.372549295425415039e-01
4.549019634723663330e-01 5.372549295425415039e-01 4.039215743541717529e-01 5.372549295425415039e-01
4.039215743541717529e-01 5.372549295425415039e-01 4.039215743541717529e-01 5.372549295425415039e-01
7.294117808341979980e-01 3.294117748737335205e-01 7.294117808341979980e-01 2.196078449487686157e-01
7.294117808341979980e-01 2.196078449487686157e-01 6.000000238418579102e-01 2.196078449487686157e-01
6.000000238418579102e-01 2.196078449487686157e-01 6.000000238418579102e-01 3.294117748737335205e-01
6.000000238418579102e-01 3.294117748737335205e-01 6.000000238418579102e-01 4.156862795352935791e-01
6.000000238418579102e-01 4.156862795352935791e-01 7.294117808341979980e-01 4.156862795352935791e-01
7.294117808341979980e-01 4.156862795352935791e-01 7.294117808341979980e-01 3.294117748737335205e-01
7.294117808341979980e-01 3.294117748737335205e-01 7.294117808341979980e-01 3.294117748737335205e-01
4.549019634723663330e-01 4.156862795352935791e-01 4.039215743541717529e-01 4.156862795352935791e-01
4.039215743541717529e-01 4.156862795352935791e-01 4.039215743541717529e-01 5.372549295425415039e-01
4.039215743541717529e-01 5.372549295425415039e-01 4.549019634723663330e-01 5.372549295425415039e-01
4.549019634723663330e-01 5.372549295425415039e-01 4.549019634723663330e-01 6.980392336845397949e-01
4.549019634723663330e-01 6.980392336845397949e-01 6.627451181411743164e-01 6.980392336845397949e-01
6.627451181411743164e-01 6.980392336845397949e-01 7.294117808341979980e-01 6.980392336845397949e-01
7.294117808341979980e-01 6.980392336845397949e-01 7.294117808341979980e-01 4.156862795352935791e-01
7.294117808341979980e-01 4.156862795352935791e-01 6.000000238418579102e-01 4.156862795352935791e-01
6.000000238418579102e-01 4.156862795352935791e-01 6.000000238418579102e-01 3.294117748737335205e-01
6.000000238418579102e-01 3.294117748737335205e-01 4.549019634723663330e-01 3.294117748737335205e-01
4.549019634723663330e-01 3.294117748737335205e-01 4.549019634723663330e-01 4.156862795352935791e-01
4.549019634723663330e-01 4.156862795352935791e-01 4.549019634723663330e-01 4.156862795352935791e-01
6.627451181411743164e-01 6.980392336845397949e-01 4.549019634723663330e-01 6.980392336845397949e-01
4.549019634723663330e-01 6.980392336845397949e-01 4.549019634723663330e-01 7.450980544090270996e-01
4.549019634723663330e-01 7.450980544090270996e-01 4.549019634723663330e-01 7.803921699523925781e-01
4.549019634723663330e-01 7.803921699523925781e-01 6.627451181411743164e-01 7.803921699523925781e-01
6.627451181411743164e-01 7.803921699523925781e-01 6.627451181411743164e-01 6.980392336845397949e-01
6.627451181411743164e-01 6.980392336845397949e-01 6.627451181411743164e-01 6.980392336845397949e-01
3.137255012989044189e-01 4.156862795352935791e-01 4.039215743541717529e-01 4.156862795352935791e-01
4.039215743541717529e-01 4.156862795352935791e-01 4.549019634723663330e-01 4.156862795352935791e-01
4.549019634723663330e-01 4.156862795352935791e-01 4.549019634723663330e-01 3.294117748737335205e-01
4.549019634723663330e-01 3.294117748737335205e-01 4.549019634723663330e-01 2.196078449487686157e-01
4.549019634723663330e-01 2.196078449487686157e-01 3.137255012989044189e-01 2.196078449487686157e-01
3.137255012989044189e-01 2.196078449487686157e-01 3.137255012989044189e-01 4.156862795352935791e-01
3.137255012989044189e-01 4.156862795352935791e-01 3.137255012989044189e-01 4.156862795352935791e-01
