1.019607856869697571e-01 4.000000059604644775e-01 1.019607856869697571e-01 4.980392158031463623e-01
1.019607856869697571e-01 4.980392158031463623e-01 2.274509817361831665e-01 4.980392158031463623e-01
2.274509817361831665e-01 4.980392158031463623e-01 2.274509817361831665e-01 4.000000059604644775e-01
2.274509817361831665e-01 4.000000059604644775e-01 1.019607856869697571e-01 4.000000059604644775e-01
1.019607856869697571e-01 4.000000059604644775e-01 1.019607856869697571e-01 4.000000059604644775e-01
2.823529541492462158e-01 4.000000059604644775e-01 2.274509817361831665e-01 4.000000059604644775e-01
2.274509817361831665e-01 4.000000059604644775e-01 2.274509817361831665e-01 4.980392158031463623e-01
2.274509817361831665e-01 4.980392158031463623e-01 2.823529541492462158e-01 4.980392158031463623e-01
2.823529541492462158e-01 4.980392158031463623e-01 2.823529541492462158e-01 4.000000059604644775e-01
2.823529541492462158e-01 4.000000059604644775e-01 2.823529541492462158e-01 4.000000059604644775e-01
2.823529541492462158e-01 2.941176593303680420e-01 1.019607856869697571e-01 2.941176593303680420e-01
1.019607856869697571e-01 2.941176593303680420e-01 1.019607856869697571e-01 4.000000059604644775e-01
1.019607856869697571e-01 4.000000059604644775e-01 2.274509817361831665e-01 4.000000059604644775e-01
2.274509817361831665e-01 4.000000059604644775e-01 2.823529541492462158e-01 4.000000059604644775e-01
2.823529541492462158e-01 4.000000059604644775e-01 2.823529541492462158e-01 2.941176593303680420e-01
2.823529541492462158e-01 2.941176593303680420e-01 2.823529541492462158e-01 2.941176593303680420e-01
8.078431487083435059e-01 4.823529422283172607e-01 5.333333611488342285e-01 4.823529422283172607e-01
5.333333611488342285e-01 4.823529422283172607e-01 5.333333611488342285e-01 6.745098233222961426e-01
5.333333611488342285e-01 6.745098233222961426e-01 5.333333611488342285e-01 7.098039388656616211e-01
5.333333611488342285e-01 7.098039388656616211e-01 8.078431487083435059e-01 7.098039388656616211e-01
8.078431487083435059e-01 7.098039388656616211e-01 8.078431487083435059e-01 6.745098233222961426e-01
8.078431487083435059e-01 6.745098233222961426e-01 8.078431487083435059e-01 4.823529422283172607e-01
8.078431487083435059e-01 4.823529422283172607e-01 8.078431487083435059e-01 4.823529422283172607e-01
5.333333611488342285e-01 4.823529422283172607e-01 8.078431487083435059e-01 4.823529422283172607e-01
8.078431487083435059e-01 4.823529422283172607e-01 8.078431487083435059e-01 2.941176593303680420e-01
8.078431487083435059e-01 2.941176593303680420e-01 2.823529541492462158e-01 2.941176593303680420e-01
2.823529541492462158e-01 2.941176593303680420e-01 2.823529541492462158e-01 4.000000059604644775e-01
2.823529541492462158e-01 4.000000059604644775e-01 2.823529541492462158e-01 4.980392158031463623e-01
2.823529541492462158e-01 4.980392158031463623e-01 2.274509817361831665e-01 4.980392158031463623e-01
2.274509817361831665e-01 4.980392158031463623e-01 1.019607856869697571e-01 4.980392158031463623e-01
1.019607856869697571e-01 4.980392158031463623e-01 1.019607856869697571e-01 7.098039388656616211e-01
1.019607856869697571e-01 7.098039388656616211e-01 5.333333611488342285e-01 7.098039388656616211e-01
5.333333611488342285e-01 7.098039388656616211e-01 5.333333611488342285e-01 6.745098233222961426e-01
5.333333611488342285e-01 6.745098233222961426e-01 5.333333611488342285e-01 4.823529422283172607e-01
5.333333611488342285e-01 4.823529422283172607e-01 5.333333611488342285e-01 4.823529422283172607e-01
8.980392217636108398e-01 4.823529422283172607e-01 8.078431487083435059e-01 4.823529422283172607e-01
8.078431487083435059e-01 4.823529422283172607e-01 8.078431487083435059e-01 6.745098233222961426e-01
8.078431487083435059e-01 6.745098233222961426e-01 8.980392217636108398e-01 6.745098233222961426e-01
8.980392217636108398e-01 6.745098233222961426e-01 8.980392217636108398e-01 4.823529422283172607e-01
8.980392217636108398e-01 4.823529422283172607e-01 8.980392217636108398e-01 4.823529422283172607e-01
8.078431487083435059e-01 4.823529422283172607e-01 8.980392217636108398e-01 4.823529422283172607e-01
8.980392217636108398e-01 4.823529422283172607e-01 8.980392217636108398e-01 2.941176593303680420e-01
8.980392217636108398e-01 2.941176593303680420e-01 8.078431487083435059e-01 2.941176593303680420e-01
8.078431487083435059e-01 2.941176593303680420e-01 8.078431487083435059e-01 4.823529422283172607e-01
8.078431487083435059e-01 4.823529422283172607e-01 8.078431487083435059e-01 4.823529422283172607e-01
