1.803921610116958618e-01 6.196078658103942871e-01 5.843137502670288086e-01 6.196078658103942871e-01
5.843137502670288086e-01 6.196078658103942871e-01 5.843137502670288086e-01 3.254902064800262451e-01
5.843137502670288086e-01 3.254902064800262451e-01 1.803921610116958618e-01 3.254902064800262451e-01
1.803921610116958618e-01 3.254902064800262451e-01 1.803921610116958618e-01 6.196078658103942871e-01
1.803921610116958618e-01 6.196078658103942871e-01 1.803921610116958618e-01 6.196078658103942871e-01
5.843137502670288086e-01 6.196078658103942871e-01 8.235294222831726074e-01 6.196078658103942871e-01
8.235294222831726074e-01 6.196078658103942871e-01 8.235294222831726074e-01 3.254902064800262451e-01
8.235294222831726074e-01 3.254902064800262451e-01 5.843137502670288086e-01 3.254902064800262451e-01
5.843137502670288086e-01 3.254902064800262451e-01 5.843137502670288086e-01 6.196078658103942871e-01
5.843137502670288086e-01 6.196078658103942871e-01 5.843137502670288086e-01 6.196078658103942871e-01
8.235294222831726074e-01 6.196078658103942871e-01 5.843137502670288086e-01 6.196078658103942871e-01
5.843137502670288086e-01 6.196078658103942871e-01 5.843137502670288086e-01 6.784313917160034180e-01
5.843137502670288086e-01 6.784313917160034180e-01 8.235294222831726074e-01 6.784313917160034180e-01
8.235294222831726074e-01 6.784313917160034180e-01 8.235294222831726074e-01 6.196078658103942871e-01
8.235294222831726074e-01 6.196078658103942871e-01 8.235294222831726074e-01 6.196078658103942871e-01
