4.431372582912445068e-01 7.921568751335144043e-01 5.882353186607360840e-01 7.921568751335144043e-01
5.882353186607360840e-01 7.921568751335144043e-01 5.882353186607360840e-01 6.745098233222961426e-01
5.882353186607360840e-01 6.745098233222961426e-01 4.431372582912445068e-01 6.745098233222961426e-01
4.431372582912445068e-01 6.745098233222961426e-01 4.431372582912445068e-01 7.921568751335144043e-01
4.431372582912445068e-01 7.921568751335144043e-01 4.431372582912445068e-01 7.921568751335144043e-01
5.490196347236633301e-01 2.823529541492462158e-01 5.490196347236633301e-01 3.607843220233917236e-01
5.490196347236633301e-01 3.607843220233917236e-01 7.607843279838562012e-01 3.607843220233917236e-01
7.607843279838562012e-01 3.607843220233917236e-01 7.607843279838562012e-01 2.823529541492462158e-01
7.607843279838562012e-01 2.823529541492462158e-01 5.490196347236633301e-01 2.823529541492462158e-01
5.490196347236633301e-01 2.823529541492462158e-01 5.490196347236633301e-01 2.823529541492462158e-01
5.490196347236633301e-01 2.078431397676467896e-01 3.568627536296844482e-01 2.078431397676467896e-01
3.568627536296844482e-01 2.078431397676467896e-01 3.568627536296844482e-01 4.470588266849517822e-01
3.568627536296844482e-01 4.470588266849517822e-01 4.431372582912445068e-01 4.470588266849517822e-01
4.431372582912445068e-01 4.470588266849517822e-01 4.784313738346099854e-01 4.470588266849517822e-01
4.784313738346099854e-01 4.470588266849517822e-01 4.784313738346099854e-01 5.176470875740051270e-01
4.784313738346099854e-01 5.176470875740051270e-01 5.490196347236633301e-01 5.176470875740051270e-01
5.490196347236633301e-01 5.176470875740051270e-01 5.490196347236633301e-01 3.607843220233917236e-01
5.490196347236633301e-01 3.607843220233917236e-01 5.490196347236633301e-01 2.823529541492462158e-01
5.490196347236633301e-01 2.823529541492462158e-01 5.490196347236633301e-01 2.078431397676467896e-01
5.490196347236633301e-01 2.078431397676467896e-01 5.490196347236633301e-01 2.078431397676467896e-01
3.568627536296844482e-01 6.078431606292724609e-01 2.431372553110122681e-01 6.078431606292724609e-01
2.431372553110122681e-01 6.078431606292724609e-01 2.431372553110122681e-01 7.921568751335144043e-01
2.431372553110122681e-01 7.921568751335144043e-01 4.431372582912445068e-01 7.921568751335144043e-01
4.431372582912445068e-01 7.921568751335144043e-01 4.431372582912445068e-01 6.745098233222961426e-01
4.431372582912445068e-01 6.745098233222961426e-01 4.431372582912445068e-01 6.078431606292724609e-01
4.431372582912445068e-01 6.078431606292724609e-01 3.568627536296844482e-01 6.078431606292724609e-01
3.568627536296844482e-01 6.078431606292724609e-01 3.568627536296844482e-01 6.078431606292724609e-01
5.490196347236633301e-01 5.176470875740051270e-01 4.784313738346099854e-01 5.176470875740051270e-01
4.784313738346099854e-01 5.176470875740051270e-01 4.784313738346099854e-01 6.078431606292724609e-01
4.784313738346099854e-01 6.078431606292724609e-01 4.431372582912445068e-01 6.078431606292724609e-01
4.431372582912445068e-01 6.078431606292724609e-01 4.431372582912445068e-01 6.745098233222961426e-01
4.431372582912445068e-01 6.745098233222961426e-01 5.882353186607360840e-01 6.745098233222961426e-01
5.882353186607360840e-01 6.745098233222961426e-01 5.882353186607360840e-01 7.921568751335144043e-01
5.882353186607360840e-01 7.921568751335144043e-01 7.607843279838562012e-01 7.921568751335144043e-01
7.607843279838562012e-01 7.921568751335144043e-01 7.607843279838562012e-01 3.607843220233917236e-01
7.607843279838562012e-01 3.607843220233917236e-01 5.490196347236633301e-01 3.607843220233917236e-01
5.490196347236633301e-01 3.607843220233917236e-01 5.490196347236633301e-01 5.176470875740051270e-01
5.490196347236633301e-01 5.176470875740051270e-01 5.490196347236633301e-01 5.176470875740051270e-01
4.431372582912445068e-01 4.470588266849517822e-01 3.568627536296844482e-01 4.470588266849517822e-01
3.568627536296844482e-01 4.470588266849517822e-01 3.568627536296844482e-01 4.823529422283172607e-01
3.568627536296844482e-01 4.823529422283172607e-01 3.568627536296844482e-01 5.176470875740051270e-01
3.568627536296844482e-01 5.176470875740051270e-01 3.568627536296844482e-01 6.078431606292724609e-01
3.568627536296844482e-01 6.078431606292724609e-01 4.431372582912445068e-01 6.078431606292724609e-01
4.431372582912445068e-01 6.078431606292724609e-01 4.784313738346099854e-01 6.078431606292724609e-01
4.784313738346099854e-01 6.078431606292724609e-01 4.784313738346099854e-01 5.176470875740051270e-01
4.784313738346099854e-01 5.176470875740051270e-01 4.784313738346099854e-01 4.470588266849517822e-01
4.784313738346099854e-01 4.470588266849517822e-01 4.431372582912445068e-01 4.470588266849517822e-01
4.431372582912445068e-01 4.470588266849517822e-01 4.431372582912445068e-01 4.470588266849517822e-01
3.568627536296844482e-01 5.176470875740051270e-01 3.568627536296844482e-01 4.823529422283172607e-01
3.568627536296844482e-01 4.823529422283172607e-01 2.431372553110122681e-01 4.823529422283172607e-01
2.431372553110122681e-01 4.823529422283172607e-01 2.431372553110122681e-01 6.078431606292724609e-01
2.431372553110122681e-01 6.078431606292724609e-01 3.568627536296844482e-01 6.078431606292724609e-01
3.568627536296844482e-01 6.078431606292724609e-01 3.568627536296844482e-01 5.176470875740051270e-01
3.568627536296844482e-01 5.176470875740051270e-01 3.568627536296844482e-01 5.176470875740051270e-01
