4.941176474094390869e-01 4.470588266849517822e-01 4.941176474094390869e-01 3.450980484485626221e-01
4.941176474094390869e-01 3.450980484485626221e-01 3.529411852359771729e-01 3.450980484485626221e-01
3.529411852359771729e-01 3.450980484485626221e-01 3.529411852359771729e-01 4.470588266849517822e-01
3.529411852359771729e-01 4.470588266849517822e-01 4.941176474094390869e-01 4.470588266849517822e-01
4.941176474094390869e-01 4.470588266849517822e-01 4.941176474094390869e-01 4.470588266849517822e-01
1.882352977991104126e-01 4.470588266849517822e-01 3.529411852359771729e-01 4.470588266849517822e-01
3.529411852359771729e-01 4.470588266849517822e-01 3.529411852359771729e-01 3.450980484485626221e-01
3.529411852359771729e-01 3.450980484485626221e-01 3.529411852359771729e-01 2.941176593303680420e-01
3.529411852359771729e-01 2.941176593303680420e-01 1.882352977991104126e-01 2.941176593303680420e-01
1.882352977991104126e-01 2.941176593303680420e-01 1.882352977991104126e-01 4.470588266849517822e-01
1.882352977991104126e-01 4.470588266849517822e-01 1.882352977991104126e-01 4.470588266849517822e-01
5.568627715110778809e-01 5.176470875740051270e-01 4.941176474094390869e-01 5.176470875740051270e-01
4.941176474094390869e-01 5.176470875740051270e-01 4.941176474094390869e-01 6.705882549285888672e-01
4.941176474094390869e-01 6.705882549285888672e-01 4.941176474094390869e-01 7.098039388656616211e-01
4.941176474094390869e-01 7.098039388656616211e-01 8.156862854957580566e-01 7.098039388656616211e-01
8.156862854957580566e-01 7.098039388656616211e-01 8.156862854957580566e-01 5.176470875740051270e-01
8.156862854957580566e-01 5.176470875740051270e-01 7.764706015586853027e-01 5.176470875740051270e-01
7.764706015586853027e-01 5.176470875740051270e-01 7.215686440467834473e-01 5.176470875740051270e-01
7.215686440467834473e-01 5.176470875740051270e-01 5.568627715110778809e-01 5.176470875740051270e-01
5.568627715110778809e-01 5.176470875740051270e-01 5.568627715110778809e-01 5.176470875740051270e-01
4.941176474094390869e-01 5.176470875740051270e-01 5.568627715110778809e-01 5.176470875740051270e-01
5.568627715110778809e-01 5.176470875740051270e-01 7.215686440467834473e-01 5.176470875740051270e-01
7.215686440467834473e-01 5.176470875740051270e-01 7.215686440467834473e-01 3.450980484485626221e-01
7.215686440467834473e-01 3.450980484485626221e-01 4.941176474094390869e-01 3.450980484485626221e-01
4.941176474094390869e-01 3.450980484485626221e-01 4.941176474094390869e-01 4.470588266849517822e-01
4.941176474094390869e-01 4.470588266849517822e-01 4.941176474094390869e-01 5.176470875740051270e-01
4.941176474094390869e-01 5.176470875740051270e-01 4.941176474094390869e-01 5.176470875740051270e-01
4.941176474094390869e-01 5.176470875740051270e-01 4.941176474094390869e-01 4.470588266849517822e-01
4.941176474094390869e-01 4.470588266849517822e-01 3.529411852359771729e-01 4.470588266849517822e-01
3.529411852359771729e-01 4.470588266849517822e-01 1.882352977991104126e-01 4.470588266849517822e-01
1.882352977991104126e-01 4.470588266849517822e-01 1.882352977991104126e-01 6.705882549285888672e-01
1.882352977991104126e-01 6.705882549285888672e-01 4.941176474094390869e-01 6.705882549285888672e-01
4.941176474094390869e-01 6.705882549285888672e-01 4.941176474094390869e-01 5.176470875740051270e-01
4.941176474094390869e-01 5.176470875740051270e-01 4.941176474094390869e-01 5.176470875740051270e-01
7.215686440467834473e-01 5.176470875740051270e-01 7.764706015586853027e-01 5.176470875740051270e-01
7.764706015586853027e-01 5.176470875740051270e-01 7.764706015586853027e-01 3.450980484485626221e-01
7.764706015586853027e-01 3.450980484485626221e-01 7.215686440467834473e-01 3.450980484485626221e-01
7.215686440467834473e-01 3.450980484485626221e-01 7.215686440467834473e-01 5.176470875740051270e-01
7.215686440467834473e-01 5.176470875740051270e-01 7.215686440467834473e-01 5.176470875740051270e-01
