4.901960790157318115e-01 1.019607856869697571e-01 4.078431427478790283e-01 1.019607856869697571e-01
4.078431427478790283e-01 1.019607856869697571e-01 4.078431427478790283e-01 2.745098173618316650e-01
4.078431427478790283e-01 2.745098173618316650e-01 4.901960790157318115e-01 2.745098173618316650e-01
4.901960790157318115e-01 2.745098173618316650e-01 4.901960790157318115e-01 1.529411822557449341e-01
4.901960790157318115e-01 1.529411822557449341e-01 4.901960790157318115e-01 1.019607856869697571e-01
4.901960790157318115e-01 1.019607856869697571e-01 4.901960790157318115e-01 1.019607856869697571e-01
4.078431427478790283e-01 1.019607856869697571e-01 3.019607961177825928e-01 1.019607856869697571e-01
3.019607961177825928e-01 1.019607856869697571e-01 3.019607961177825928e-01 2.745098173618316650e-01
3.019607961177825928e-01 2.745098173618316650e-01 4.078431427478790283e-01 2.745098173618316650e-01
4.078431427478790283e-01 2.745098173618316650e-01 4.078431427478790283e-01 1.019607856869697571e-01
4.078431427478790283e-01 1.019607856869697571e-01 4.078431427478790283e-01 1.019607856869697571e-01
4.901960790157318115e-01 4.941176474094390869e-01 4.901960790157318115e-01 7.921568751335144043e-01
4.901960790157318115e-01 7.921568751335144043e-01 6.627451181411743164e-01 7.921568751335144043e-01
6.627451181411743164e-01 7.921568751335144043e-01 6.627451181411743164e-01 4.941176474094390869e-01
6.627451181411743164e-01 4.941176474094390869e-01 4.901960790157318115e-01 4.941176474094390869e-01
4.901960790157318115e-01 4.941176474094390869e-01 4.901960790157318115e-01 4.941176474094390869e-01
4.901960790157318115e-01 1.529411822557449341e-01 4.901960790157318115e-01 2.745098173618316650e-01
4.901960790157318115e-01 2.745098173618316650e-01 4.901960790157318115e-01 3.568627536296844482e-01
4.901960790157318115e-01 3.568627536296844482e-01 6.627451181411743164e-01 3.568627536296844482e-01
6.627451181411743164e-01 3.568627536296844482e-01 6.627451181411743164e-01 1.529411822557449341e-01
6.627451181411743164e-01 1.529411822557449341e-01 4.901960790157318115e-01 1.529411822557449341e-01
4.901960790157318115e-01 1.529411822557449341e-01 4.901960790157318115e-01 1.529411822557449341e-01
4.078431427478790283e-01 2.745098173618316650e-01 3.019607961177825928e-01 2.745098173618316650e-01
3.019607961177825928e-01 2.745098173618316650e-01 3.019607961177825928e-01 7.921568751335144043e-01
3.019607961177825928e-01 7.921568751335144043e-01 4.901960790157318115e-01 7.921568751335144043e-01
4.901960790157318115e-01 7.921568751335144043e-01 4.901960790157318115e-01 4.941176474094390869e-01
4.901960790157318115e-01 4.941176474094390869e-01 4.901960790157318115e-01 3.568627536296844482e-01
4.901960790157318115e-01 3.568627536296844482e-01 4.901960790157318115e-01 2.745098173618316650e-01
4.901960790157318115e-01 2.745098173618316650e-01 4.078431427478790283e-01 2.745098173618316650e-01
4.078431427478790283e-01 2.745098173618316650e-01 4.078431427478790283e-01 2.745098173618316650e-01
4.901960790157318115e-01 9.019607901573181152e-01 4.901960790157318115e-01 7.921568751335144043e-01
4.901960790157318115e-01 7.921568751335144043e-01 3.019607961177825928e-01 7.921568751335144043e-01
3.019607961177825928e-01 7.921568751335144043e-01 3.019607961177825928e-01 9.019607901573181152e-01
3.019607961177825928e-01 9.019607901573181152e-01 4.901960790157318115e-01 9.019607901573181152e-01
4.901960790157318115e-01 9.019607901573181152e-01 4.901960790157318115e-01 9.019607901573181152e-01
4.901960790157318115e-01 3.568627536296844482e-01 4.901960790157318115e-01 4.941176474094390869e-01
4.901960790157318115e-01 4.941176474094390869e-01 6.627451181411743164e-01 4.941176474094390869e-01
6.627451181411743164e-01 4.941176474094390869e-01 6.980392336845397949e-01 4.941176474094390869e-01
6.980392336845397949e-01 4.941176474094390869e-01 6.980392336845397949e-01 3.568627536296844482e-01
6.980392336845397949e-01 3.568627536296844482e-01 6.627451181411743164e-01 3.568627536296844482e-01
6.627451181411743164e-01 3.568627536296844482e-01 4.901960790157318115e-01 3.568627536296844482e-01
4.901960790157318115e-01 3.568627536296844482e-01 4.901960790157318115e-01 3.568627536296844482e-01
