3.058823645114898682e-01 4.039215743541717529e-01 2.039215713739395142e-01 4.039215743541717529e-01
2.039215713739395142e-01 4.039215743541717529e-01 2.039215713739395142e-01 5.176470875740051270e-01
2.039215713739395142e-01 5.176470875740051270e-01 2.431372553110122681e-01 5.176470875740051270e-01
2.431372553110122681e-01 5.176470875740051270e-01 3.960784375667572021e-01 5.176470875740051270e-01
3.960784375667572021e-01 5.176470875740051270e-01 3.960784375667572021e-01 4.039215743541717529e-01
3.960784375667572021e-01 4.039215743541717529e-01 3.058823645114898682e-01 4.039215743541717529e-01
3.058823645114898682e-01 4.039215743541717529e-01 3.058823645114898682e-01 4.039215743541717529e-01
6.627451181411743164e-01 4.039215743541717529e-01 7.294117808341979980e-01 4.039215743541717529e-01
7.294117808341979980e-01 4.039215743541717529e-01 7.960784435272216797e-01 4.039215743541717529e-01
7.960784435272216797e-01 4.039215743541717529e-01 7.960784435272216797e-01 2.000000029802322388e-01
7.960784435272216797e-01 2.000000029802322388e-01 6.627451181411743164e-01 2.000000029802322388e-01
6.627451181411743164e-01 2.000000029802322388e-01 6.627451181411743164e-01 4.039215743541717529e-01
6.627451181411743164e-01 4.039215743541717529e-01 6.627451181411743164e-01 4.039215743541717529e-01
3.960784375667572021e-01 5.176470875740051270e-01 2.431372553110122681e-01 5.176470875740051270e-01
2.431372553110122681e-01 5.176470875740051270e-01 2.431372553110122681e-01 8.196078538894653320e-01
2.431372553110122681e-01 8.196078538894653320e-01 3.960784375667572021e-01 8.196078538894653320e-01
3.960784375667572021e-01 8.196078538894653320e-01 4.666666686534881592e-01 8.196078538894653320e-01
4.666666686534881592e-01 8.196078538894653320e-01 4.666666686534881592e-01 5.176470875740051270e-01
4.666666686534881592e-01 5.176470875740051270e-01 3.960784375667572021e-01 5.176470875740051270e-01
3.960784375667572021e-01 5.176470875740051270e-01 3.960784375667572021e-01 5.176470875740051270e-01
4.705882370471954346e-01 4.039215743541717529e-01 6.627451181411743164e-01 4.039215743541717529e-01
6.627451181411743164e-01 4.039215743541717529e-01 6.627451181411743164e-01 2.000000029802322388e-01
6.627451181411743164e-01 2.000000029802322388e-01 6.627451181411743164e-01 1.568627506494522095e-01
6.627451181411743164e-01 1.568627506494522095e-01 4.705882370471954346e-01 1.568627506494522095e-01
4.705882370471954346e-01 1.568627506494522095e-01 4.705882370471954346e-01 1.921568661928176880e-01
4.705882370471954346e-01 1.921568661928176880e-01 4.705882370471954346e-01 4.039215743541717529e-01
4.705882370471954346e-01 4.039215743541717529e-01 4.705882370471954346e-01 4.039215743541717529e-01
4.705882370471954346e-01 4.039215743541717529e-01 3.960784375667572021e-01 4.039215743541717529e-01
3.960784375667572021e-01 4.039215743541717529e-01 3.960784375667572021e-01 5.176470875740051270e-01
3.960784375667572021e-01 5.176470875740051270e-01 4.666666686534881592e-01 5.176470875740051270e-01
4.666666686534881592e-01 5.176470875740051270e-01 4.666666686534881592e-01 8.196078538894653320e-01
4.666666686534881592e-01 8.196078538894653320e-01 3.960784375667572021e-01 8.196078538894653320e-01
3.960784375667572021e-01 8.196078538894653320e-01 3.960784375667572021e-01 8.941176533699035645e-01
3.960784375667572021e-01 8.941176533699035645e-01 7.294117808341979980e-01 8.941176533699035645e-01
7.294117808341979980e-01 8.941176533699035645e-01 7.294117808341979980e-01 4.039215743541717529e-01
7.294117808341979980e-01 4.039215743541717529e-01 6.627451181411743164e-01 4.039215743541717529e-01
6.627451181411743164e-01 4.039215743541717529e-01 4.705882370471954346e-01 4.039215743541717529e-01
4.705882370471954346e-01 4.039215743541717529e-01 4.705882370471954346e-01 4.039215743541717529e-01
6.627451181411743164e-01 1.058823540806770325e-01 6.627451181411743164e-01 1.568627506494522095e-01
6.627451181411743164e-01 1.568627506494522095e-01 6.627451181411743164e-01 2.000000029802322388e-01
6.627451181411743164e-01 2.000000029802322388e-01 7.960784435272216797e-01 2.000000029802322388e-01
7.960784435272216797e-01 2.000000029802322388e-01 7.960784435272216797e-01 1.058823540806770325e-01
7.960784435272216797e-01 1.058823540806770325e-01 6.627451181411743164e-01 1.058823540806770325e-01
6.627451181411743164e-01 1.058823540806770325e-01 6.627451181411743164e-01 1.058823540806770325e-01
3.058823645114898682e-01 4.039215743541717529e-01 3.960784375667572021e-01 4.039215743541717529e-01
3.960784375667572021e-01 4.039215743541717529e-01 4.705882370471954346e-01 4.039215743541717529e-01
4.705882370471954346e-01 4.039215743541717529e-01 4.705882370471954346e-01 1.921568661928176880e-01
4.705882370471954346e-01 1.921568661928176880e-01 3.058823645114898682e-01 1.921568661928176880e-01
3.058823645114898682e-01 1.921568661928176880e-01 3.058823645114898682e-01 4.039215743541717529e-01
3.058823645114898682e-01 4.039215743541717529e-01 3.058823645114898682e-01 4.039215743541717529e-01
