5.607843399047851562e-01 3.960784375667572021e-01 5.607843399047851562e-01 3.058823645114898682e-01
5.607843399047851562e-01 3.058823645114898682e-01 4.627451002597808838e-01 3.058823645114898682e-01
4.627451002597808838e-01 3.058823645114898682e-01 4.627451002597808838e-01 3.960784375667572021e-01
4.627451002597808838e-01 3.960784375667572021e-01 5.607843399047851562e-01 3.960784375667572021e-01
5.607843399047851562e-01 3.960784375667572021e-01 5.607843399047851562e-01 3.960784375667572021e-01
5.607843399047851562e-01 4.627451002597808838e-01 7.294117808341979980e-01 4.627451002597808838e-01
7.294117808341979980e-01 4.627451002597808838e-01 7.294117808341979980e-01 3.058823645114898682e-01
7.294117808341979980e-01 3.058823645114898682e-01 5.607843399047851562e-01 3.058823645114898682e-01
5.607843399047851562e-01 3.058823645114898682e-01 5.607843399047851562e-01 3.960784375667572021e-01
5.607843399047851562e-01 3.960784375667572021e-01 5.607843399047851562e-01 4.627451002597808838e-01
5.607843399047851562e-01 4.627451002597808838e-01 5.607843399047851562e-01 4.627451002597808838e-01
5.607843399047851562e-01 5.372549295425415039e-01 4.862745106220245361e-01 5.372549295425415039e-01
4.862745106220245361e-01 5.372549295425415039e-01 4.862745106220245361e-01 7.254902124404907227e-01
4.862745106220245361e-01 7.254902124404907227e-01 4.862745106220245361e-01 8.078431487083435059e-01
4.862745106220245361e-01 8.078431487083435059e-01 6.666666865348815918e-01 8.078431487083435059e-01
6.666666865348815918e-01 8.078431487083435059e-01 6.666666865348815918e-01 6.117647290229797363e-01
6.666666865348815918e-01 6.117647290229797363e-01 5.607843399047851562e-01 6.117647290229797363e-01
5.607843399047851562e-01 6.117647290229797363e-01 5.607843399047851562e-01 5.372549295425415039e-01
5.607843399047851562e-01 5.372549295425415039e-01 5.607843399047851562e-01 5.372549295425415039e-01
6.666666865348815918e-01 6.117647290229797363e-01 7.294117808341979980e-01 6.117647290229797363e-01
7.294117808341979980e-01 6.117647290229797363e-01 7.294117808341979980e-01 4.627451002597808838e-01
7.294117808341979980e-01 4.627451002597808838e-01 5.607843399047851562e-01 4.627451002597808838e-01
5.607843399047851562e-01 4.627451002597808838e-01 5.607843399047851562e-01 5.372549295425415039e-01
5.607843399047851562e-01 5.372549295425415039e-01 5.607843399047851562e-01 6.117647290229797363e-01
5.607843399047851562e-01 6.117647290229797363e-01 6.666666865348815918e-01 6.117647290229797363e-01
6.666666865348815918e-01 6.117647290229797363e-01 6.666666865348815918e-01 6.117647290229797363e-01
4.862745106220245361e-01 5.372549295425415039e-01 5.607843399047851562e-01 5.372549295425415039e-01
5.607843399047851562e-01 5.372549295425415039e-01 5.607843399047851562e-01 4.627451002597808838e-01
5.607843399047851562e-01 4.627451002597808838e-01 5.607843399047851562e-01 3.960784375667572021e-01
5.607843399047851562e-01 3.960784375667572021e-01 4.627451002597808838e-01 3.960784375667572021e-01
4.627451002597808838e-01 3.960784375667572021e-01 4.627451002597808838e-01 3.058823645114898682e-01
4.627451002597808838e-01 3.058823645114898682e-01 3.450980484485626221e-01 3.058823645114898682e-01
3.450980484485626221e-01 3.058823645114898682e-01 3.450980484485626221e-01 1.921568661928176880e-01
3.450980484485626221e-01 1.921568661928176880e-01 2.745098173618316650e-01 1.921568661928176880e-01
2.745098173618316650e-01 1.921568661928176880e-01 2.745098173618316650e-01 7.254902124404907227e-01
2.745098173618316650e-01 7.254902124404907227e-01 4.862745106220245361e-01 7.254902124404907227e-01
4.862745106220245361e-01 7.254902124404907227e-01 4.862745106220245361e-01 5.372549295425415039e-01
4.862745106220245361e-01 5.372549295425415039e-01 4.862745106220245361e-01 5.372549295425415039e-01
3.450980484485626221e-01 3.058823645114898682e-01 4.627451002597808838e-01 3.058823645114898682e-01
4.627451002597808838e-01 3.058823645114898682e-01 4.627451002597808838e-01 1.921568661928176880e-01
4.627451002597808838e-01 1.921568661928176880e-01 3.450980484485626221e-01 1.921568661928176880e-01
3.450980484485626221e-01 1.921568661928176880e-01 3.450980484485626221e-01 3.058823645114898682e-01
3.450980484485626221e-01 3.058823645114898682e-01 3.450980484485626221e-01 3.058823645114898682e-01
2.745098173618316650e-01 8.078431487083435059e-01 4.862745106220245361e-01 8.078431487083435059e-01
4.862745106220245361e-01 8.078431487083435059e-01 4.862745106220245361e-01 7.254902124404907227e-01
4.862745106220245361e-01 7.254902124404907227e-01 2.745098173618316650e-01 7.254902124404907227e-01
2.745098173618316650e-01 7.254902124404907227e-01 2.745098173618316650e-01 8.078431487083435059e-01
2.745098173618316650e-01 8.078431487083435059e-01 2.745098173618316650e-01 8.078431487083435059e-01
5.607843399047851562e-01 3.058823645114898682e-01 5.607843399047851562e-01 1.921568661928176880e-01
5.607843399047851562e-01 1.921568661928176880e-01 4.627451002597808838e-01 1.921568661928176880e-01
4.627451002597808838e-01 1.921568661928176880e-01 4.627451002597808838e-01 3.058823645114898682e-01
4.627451002597808838e-01 3.058823645114898682e-01 5.607843399047851562e-01 3.058823645114898682e-01
5.607843399047851562e-01 3.058823645114898682e-01 5.607843399047851562e-01 3.058823645114898682e-01
