5.686274766921997070e-01 3.098039329051971436e-01 4.705882370471954346e-01 3.098039329051971436e-01
4.705882370471954346e-01 3.098039329051971436e-01 4.705882370471954346e-01 4.078431427478790283e-01
4.705882370471954346e-01 4.078431427478790283e-01 5.686274766921997070e-01 4.078431427478790283e-01
5.686274766921997070e-01 4.078431427478790283e-01 5.686274766921997070e-01 3.098039329051971436e-01
5.686274766921997070e-01 3.098039329051971436e-01 5.686274766921997070e-01 3.098039329051971436e-01
3.411764800548553467e-01 3.098039329051971436e-01 4.705882370471954346e-01 3.098039329051971436e-01
4.705882370471954346e-01 3.098039329051971436e-01 5.686274766921997070e-01 3.098039329051971436e-01
5.686274766921997070e-01 3.098039329051971436e-01 6.470588445663452148e-01 3.098039329051971436e-01
6.470588445663452148e-01 3.098039329051971436e-01 6.470588445663452148e-01 2.078431397676467896e-01
6.470588445663452148e-01 2.078431397676467896e-01 3.411764800548553467e-01 2.078431397676467896e-01
3.411764800548553467e-01 2.078431397676467896e-01 3.411764800548553467e-01 2.509804069995880127e-01
3.411764800548553467e-01 2.509804069995880127e-01 3.411764800548553467e-01 3.098039329051971436e-01
3.411764800548553467e-01 3.098039329051971436e-01 3.411764800548553467e-01 3.098039329051971436e-01
5.686274766921997070e-01 4.862745106220245361e-01 4.705882370471954346e-01 4.862745106220245361e-01
4.705882370471954346e-01 4.862745106220245361e-01 4.705882370471954346e-01 7.137255072593688965e-01
4.705882370471954346e-01 7.137255072593688965e-01 5.686274766921997070e-01 7.137255072593688965e-01
5.686274766921997070e-01 7.137255072593688965e-01 6.627451181411743164e-01 7.137255072593688965e-01
6.627451181411743164e-01 7.137255072593688965e-01 6.627451181411743164e-01 4.862745106220245361e-01
6.627451181411743164e-01 4.862745106220245361e-01 5.686274766921997070e-01 4.862745106220245361e-01
5.686274766921997070e-01 4.862745106220245361e-01 5.686274766921997070e-01 4.862745106220245361e-01
5.686274766921997070e-01 4.862745106220245361e-01 6.627451181411743164e-01 4.862745106220245361e-01
6.627451181411743164e-01 4.862745106220245361e-01 7.333333492279052734e-01 4.862745106220245361e-01
7.333333492279052734e-01 4.862745106220245361e-01 7.333333492279052734e-01 3.098039329051971436e-01
7.333333492279052734e-01 3.098039329051971436e-01 6.470588445663452148e-01 3.098039329051971436e-01
6.470588445663452148e-01 3.098039329051971436e-01 5.686274766921997070e-01 3.098039329051971436e-01
5.686274766921997070e-01 3.098039329051971436e-01 5.686274766921997070e-01 4.078431427478790283e-01
5.686274766921997070e-01 4.078431427478790283e-01 5.686274766921997070e-01 4.862745106220245361e-01
5.686274766921997070e-01 4.862745106220245361e-01 5.686274766921997070e-01 4.862745106220245361e-01
4.705882370471954346e-01 4.862745106220245361e-01 5.686274766921997070e-01 4.862745106220245361e-01
5.686274766921997070e-01 4.862745106220245361e-01 5.686274766921997070e-01 4.078431427478790283e-01
5.686274766921997070e-01 4.078431427478790283e-01 4.705882370471954346e-01 4.078431427478790283e-01
4.705882370471954346e-01 4.078431427478790283e-01 4.705882370471954346e-01 3.098039329051971436e-01
4.705882370471954346e-01 3.098039329051971436e-01 3.411764800548553467e-01 3.098039329051971436e-01
3.411764800548553467e-01 3.098039329051971436e-01 3.411764800548553467e-01 2.509804069995880127e-01
3.411764800548553467e-01 2.509804069995880127e-01 2.666666805744171143e-01 2.509804069995880127e-01
2.666666805744171143e-01 2.509804069995880127e-01 2.666666805744171143e-01 7.137255072593688965e-01
2.666666805744171143e-01 7.137255072593688965e-01 4.666666686534881592e-01 7.137255072593688965e-01
4.666666686534881592e-01 7.137255072593688965e-01 4.705882370471954346e-01 7.137255072593688965e-01
4.705882370471954346e-01 7.137255072593688965e-01 4.705882370471954346e-01 4.862745106220245361e-01
4.705882370471954346e-01 4.862745106220245361e-01 4.705882370471954346e-01 4.862745106220245361e-01
4.666666686534881592e-01 7.137255072593688965e-01 2.666666805744171143e-01 7.137255072593688965e-01
2.666666805744171143e-01 7.137255072593688965e-01 2.666666805744171143e-01 7.921568751335144043e-01
2.666666805744171143e-01 7.921568751335144043e-01 4.666666686534881592e-01 7.921568751335144043e-01
4.666666686534881592e-01 7.921568751335144043e-01 4.666666686534881592e-01 7.137255072593688965e-01
4.666666686534881592e-01 7.137255072593688965e-01 4.666666686534881592e-01 7.137255072593688965e-01
