7.882353067398071289e-01 4.980392158031463623e-01 6.941176652908325195e-01 4.980392158031463623e-01
6.941176652908325195e-01 4.980392158031463623e-01 6.941176652908325195e-01 6.392157077789306641e-01
6.941176652908325195e-01 6.392157077789306641e-01 7.882353067398071289e-01 6.392157077789306641e-01
7.882353067398071289e-01 6.392157077789306641e-01 7.882353067398071289e-01 4.980392158031463623e-01
7.882353067398071289e-01 4.980392158031463623e-01 7.882353067398071289e-01 4.980392158031463623e-01
7.882353067398071289e-01 7.058823704719543457e-01 9.019607901573181152e-01 7.058823704719543457e-01
9.019607901573181152e-01 7.058823704719543457e-01 9.019607901573181152e-01 4.980392158031463623e-01
9.019607901573181152e-01 4.980392158031463623e-01 7.882353067398071289e-01 4.980392158031463623e-01
7.882353067398071289e-01 4.980392158031463623e-01 7.882353067398071289e-01 6.392157077789306641e-01
7.882353067398071289e-01 6.392157077789306641e-01 7.882353067398071289e-01 7.058823704719543457e-01
7.882353067398071289e-01 7.058823704719543457e-01 7.882353067398071289e-01 7.058823704719543457e-01
2.862745225429534912e-01 3.254902064800262451e-01 1.019607856869697571e-01 3.254902064800262451e-01
1.019607856869697571e-01 3.254902064800262451e-01 1.019607856869697571e-01 5.607843399047851562e-01
1.019607856869697571e-01 5.607843399047851562e-01 2.862745225429534912e-01 5.607843399047851562e-01
2.862745225429534912e-01 5.607843399047851562e-01 2.862745225429534912e-01 4.901960790157318115e-01
2.862745225429534912e-01 4.901960790157318115e-01 2.862745225429534912e-01 3.254902064800262451e-01
2.862745225429534912e-01 3.254902064800262451e-01 2.862745225429534912e-01 3.254902064800262451e-01
4.823529422283172607e-01 5.607843399047851562e-01 2.862745225429534912e-01 5.607843399047851562e-01
2.862745225429534912e-01 5.607843399047851562e-01 2.862745225429534912e-01 6.352941393852233887e-01
2.862745225429534912e-01 6.352941393852233887e-01 2.862745225429534912e-01 7.058823704719543457e-01
2.862745225429534912e-01 7.058823704719543457e-01 4.823529422283172607e-01 7.058823704719543457e-01
4.823529422283172607e-01 7.058823704719543457e-01 4.823529422283172607e-01 5.607843399047851562e-01
4.823529422283172607e-01 5.607843399047851562e-01 4.823529422283172607e-01 5.607843399047851562e-01
4.470588266849517822e-01 3.254902064800262451e-01 2.862745225429534912e-01 3.254902064800262451e-01
2.862745225429534912e-01 3.254902064800262451e-01 2.862745225429534912e-01 4.901960790157318115e-01
2.862745225429534912e-01 4.901960790157318115e-01 4.470588266849517822e-01 4.901960790157318115e-01
4.470588266849517822e-01 4.901960790157318115e-01 4.470588266849517822e-01 3.254902064800262451e-01
4.470588266849517822e-01 3.254902064800262451e-01 4.470588266849517822e-01 3.254902064800262451e-01
7.882353067398071289e-01 3.254902064800262451e-01 4.470588266849517822e-01 3.254902064800262451e-01
4.470588266849517822e-01 3.254902064800262451e-01 4.470588266849517822e-01 4.901960790157318115e-01
4.470588266849517822e-01 4.901960790157318115e-01 2.862745225429534912e-01 4.901960790157318115e-01
2.862745225429534912e-01 4.901960790157318115e-01 2.862745225429534912e-01 5.607843399047851562e-01
2.862745225429534912e-01 5.607843399047851562e-01 4.823529422283172607e-01 5.607843399047851562e-01
4.823529422283172607e-01 5.607843399047851562e-01 4.823529422283172607e-01 7.058823704719543457e-01
4.823529422283172607e-01 7.058823704719543457e-01 7.882353067398071289e-01 7.058823704719543457e-01
7.882353067398071289e-01 7.058823704719543457e-01 7.882353067398071289e-01 6.392157077789306641e-01
7.882353067398071289e-01 6.392157077789306641e-01 6.941176652908325195e-01 6.392157077789306641e-01
6.941176652908325195e-01 6.392157077789306641e-01 6.941176652908325195e-01 4.980392158031463623e-01
6.941176652908325195e-01 4.980392158031463623e-01 7.882353067398071289e-01 4.980392158031463623e-01
7.882353067398071289e-01 4.980392158031463623e-01 7.882353067398071289e-01 3.254902064800262451e-01
7.882353067398071289e-01 3.254902064800262451e-01 7.882353067398071289e-01 3.254902064800262451e-01
2.862745225429534912e-01 5.607843399047851562e-01 1.019607856869697571e-01 5.607843399047851562e-01
1.019607856869697571e-01 5.607843399047851562e-01 1.019607856869697571e-01 6.352941393852233887e-01
1.019607856869697571e-01 6.352941393852233887e-01 2.862745225429534912e-01 6.352941393852233887e-01
2.862745225429534912e-01 6.352941393852233887e-01 2.862745225429534912e-01 5.607843399047851562e-01
2.862745225429534912e-01 5.607843399047851562e-01 2.862745225429534912e-01 5.607843399047851562e-01
