6.352941393852233887e-01 3.137255012989044189e-01 5.411764979362487793e-01 3.137255012989044189e-01
5.411764979362487793e-01 3.137255012989044189e-01 5.411764979362487793e-01 4.392156898975372314e-01
5.411764979362487793e-01 4.392156898975372314e-01 6.352941393852233887e-01 4.392156898975372314e-01
6.352941393852233887e-01 4.392156898975372314e-01 6.352941393852233887e-01 3.137255012989044189e-01
6.352941393852233887e-01 3.137255012989044189e-01 6.352941393852233887e-01 3.137255012989044189e-01
8.392156958580017090e-01 6.901960968971252441e-01 9.176470637321472168e-01 6.901960968971252441e-01
9.176470637321472168e-01 6.901960968971252441e-01 9.176470637321472168e-01 5.058823823928833008e-01
9.176470637321472168e-01 5.058823823928833008e-01 8.784313797950744629e-01 5.058823823928833008e-01
8.784313797950744629e-01 5.058823823928833008e-01 8.392156958580017090e-01 5.058823823928833008e-01
8.392156958580017090e-01 5.058823823928833008e-01 8.392156958580017090e-01 6.901960968971252441e-01
8.392156958580017090e-01 6.901960968971252441e-01 8.392156958580017090e-01 6.901960968971252441e-01
8.784313797950744629e-01 3.137255012989044189e-01 6.352941393852233887e-01 3.137255012989044189e-01
6.352941393852233887e-01 3.137255012989044189e-01 6.352941393852233887e-01 4.392156898975372314e-01
6.352941393852233887e-01 4.392156898975372314e-01 6.352941393852233887e-01 5.058823823928833008e-01
6.352941393852233887e-01 5.058823823928833008e-01 8.392156958580017090e-01 5.058823823928833008e-01
8.392156958580017090e-01 5.058823823928833008e-01 8.784313797950744629e-01 5.058823823928833008e-01
8.784313797950744629e-01 5.058823823928833008e-01 8.784313797950744629e-01 3.137255012989044189e-01
8.784313797950744629e-01 3.137255012989044189e-01 8.784313797950744629e-01 3.137255012989044189e-01
6.352941393852233887e-01 5.058823823928833008e-01 6.352941393852233887e-01 5.764706134796142578e-01
6.352941393852233887e-01 5.764706134796142578e-01 6.352941393852233887e-01 6.901960968971252441e-01
6.352941393852233887e-01 6.901960968971252441e-01 8.392156958580017090e-01 6.901960968971252441e-01
8.392156958580017090e-01 6.901960968971252441e-01 8.392156958580017090e-01 5.058823823928833008e-01
8.392156958580017090e-01 5.058823823928833008e-01 6.352941393852233887e-01 5.058823823928833008e-01
6.352941393852233887e-01 5.058823823928833008e-01 6.352941393852233887e-01 5.058823823928833008e-01
2.352941185235977173e-01 3.137255012989044189e-01 1.529411822557449341e-01 3.137255012989044189e-01
1.529411822557449341e-01 3.137255012989044189e-01 1.529411822557449341e-01 4.588235318660736084e-01
1.529411822557449341e-01 4.588235318660736084e-01 2.352941185235977173e-01 4.588235318660736084e-01
2.352941185235977173e-01 4.588235318660736084e-01 3.137255012989044189e-01 4.588235318660736084e-01
3.137255012989044189e-01 4.588235318660736084e-01 3.137255012989044189e-01 3.137255012989044189e-01
3.137255012989044189e-01 3.137255012989044189e-01 2.352941185235977173e-01 3.137255012989044189e-01
2.352941185235977173e-01 3.137255012989044189e-01 2.352941185235977173e-01 3.137255012989044189e-01
5.411764979362487793e-01 3.137255012989044189e-01 3.137255012989044189e-01 3.137255012989044189e-01
3.137255012989044189e-01 3.137255012989044189e-01 3.137255012989044189e-01 4.588235318660736084e-01
3.137255012989044189e-01 4.588235318660736084e-01 2.352941185235977173e-01 4.588235318660736084e-01
2.352941185235977173e-01 4.588235318660736084e-01 2.352941185235977173e-01 5.647059082984924316e-01
2.352941185235977173e-01 5.647059082984924316e-01 2.352941185235977173e-01 6.901960968971252441e-01
2.352941185235977173e-01 6.901960968971252441e-01 5.411764979362487793e-01 6.901960968971252441e-01
5.411764979362487793e-01 6.901960968971252441e-01 5.411764979362487793e-01 5.764706134796142578e-01
5.411764979362487793e-01 5.764706134796142578e-01 6.352941393852233887e-01 5.764706134796142578e-01
6.352941393852233887e-01 5.764706134796142578e-01 6.352941393852233887e-01 5.058823823928833008e-01
6.352941393852233887e-01 5.058823823928833008e-01 6.352941393852233887e-01 4.392156898975372314e-01
6.352941393852233887e-01 4.392156898975372314e-01 5.411764979362487793e-01 4.392156898975372314e-01
5.411764979362487793e-01 4.392156898975372314e-01 5.411764979362487793e-01 3.137255012989044189e-01
5.411764979362487793e-01 3.137255012989044189e-01 5.411764979362487793e-01 3.137255012989044189e-01
2.352941185235977173e-01 5.647059082984924316e-01 2.352941185235977173e-01 4.588235318660736084e-01
2.352941185235977173e-01 4.588235318660736084e-01 1.529411822557449341e-01 4.588235318660736084e-01
1.529411822557449341e-01 4.588235318660736084e-01 8.627451211214065552e-02 4.588235318660736084e-01
8.627451211214065552e-02 4.588235318660736084e-01 8.627451211214065552e-02 5.647059082984924316e-01
8.627451211214065552e-02 5.647059082984924316e-01 2.352941185235977173e-01 5.647059082984924316e-01
2.352941185235977173e-01 5.647059082984924316e-01 2.352941185235977173e-01 5.647059082984924316e-01
6.352941393852233887e-01 6.901960968971252441e-01 6.352941393852233887e-01 5.764706134796142578e-01
6.352941393852233887e-01 5.764706134796142578e-01 5.411764979362487793e-01 5.764706134796142578e-01
5.411764979362487793e-01 5.764706134796142578e-01 5.411764979362487793e-01 6.901960968971252441e-01
5.411764979362487793e-01 6.901960968971252441e-01 6.352941393852233887e-01 6.901960968971252441e-01
6.352941393852233887e-01 6.901960968971252441e-01 6.352941393852233887e-01 6.901960968971252441e-01
