2.000000029802322388e-01 4.352941215038299561e-01 3.215686380863189697e-01 4.352941215038299561e-01
3.215686380863189697e-01 4.352941215038299561e-01 3.215686380863189697e-01 2.627451121807098389e-01
3.215686380863189697e-01 2.627451121807098389e-01 2.000000029802322388e-01 2.627451121807098389e-01
2.000000029802322388e-01 2.627451121807098389e-01 2.000000029802322388e-01 4.352941215038299561e-01
2.000000029802322388e-01 4.352941215038299561e-01 2.000000029802322388e-01 4.352941215038299561e-01
4.470588266849517822e-01 4.352941215038299561e-01 5.333333611488342285e-01 4.352941215038299561e-01
5.333333611488342285e-01 4.352941215038299561e-01 5.333333611488342285e-01 2.627451121807098389e-01
5.333333611488342285e-01 2.627451121807098389e-01 4.470588266849517822e-01 2.627451121807098389e-01
4.470588266849517822e-01 2.627451121807098389e-01 4.470588266849517822e-01 4.352941215038299561e-01
4.470588266849517822e-01 4.352941215038299561e-01 4.470588266849517822e-01 4.352941215038299561e-01
5.568627715110778809e-01 7.137255072593688965e-01 5.568627715110778809e-01 7.529411911964416504e-01
5.568627715110778809e-01 7.529411911964416504e-01 5.568627715110778809e-01 8.156862854957580566e-01
5.568627715110778809e-01 8.156862854957580566e-01 7.921568751335144043e-01 8.156862854957580566e-01
7.921568751335144043e-01 8.156862854957580566e-01 7.921568751335144043e-01 7.137255072593688965e-01
7.921568751335144043e-01 7.137255072593688965e-01 5.568627715110778809e-01 7.137255072593688965e-01
5.568627715110778809e-01 7.137255072593688965e-01 5.568627715110778809e-01 7.137255072593688965e-01
3.215686380863189697e-01 4.352941215038299561e-01 2.000000029802322388e-01 4.352941215038299561e-01
2.000000029802322388e-01 4.352941215038299561e-01 2.000000029802322388e-01 7.529411911964416504e-01
2.000000029802322388e-01 7.529411911964416504e-01 3.921568691730499268e-01 7.529411911964416504e-01
3.921568691730499268e-01 7.529411911964416504e-01 3.921568691730499268e-01 7.137255072593688965e-01
3.921568691730499268e-01 7.137255072593688965e-01 3.921568691730499268e-01 5.019608139991760254e-01
3.921568691730499268e-01 5.019608139991760254e-01 3.921568691730499268e-01 4.352941215038299561e-01
3.921568691730499268e-01 4.352941215038299561e-01 3.215686380863189697e-01 4.352941215038299561e-01
3.215686380863189697e-01 4.352941215038299561e-01 3.215686380863189697e-01 4.352941215038299561e-01
3.921568691730499268e-01 7.529411911964416504e-01 5.568627715110778809e-01 7.529411911964416504e-01
5.568627715110778809e-01 7.529411911964416504e-01 5.568627715110778809e-01 7.137255072593688965e-01
5.568627715110778809e-01 7.137255072593688965e-01 5.568627715110778809e-01 5.019608139991760254e-01
5.568627715110778809e-01 5.019608139991760254e-01 3.921568691730499268e-01 5.019608139991760254e-01
3.921568691730499268e-01 5.019608139991760254e-01 3.921568691730499268e-01 7.137255072593688965e-01
3.921568691730499268e-01 7.137255072593688965e-01 3.921568691730499268e-01 7.529411911964416504e-01
3.921568691730499268e-01 7.529411911964416504e-01 3.921568691730499268e-01 7.529411911964416504e-01
3.215686380863189697e-01 4.352941215038299561e-01 3.921568691730499268e-01 4.352941215038299561e-01
3.921568691730499268e-01 4.352941215038299561e-01 4.470588266849517822e-01 4.352941215038299561e-01
4.470588266849517822e-01 4.352941215038299561e-01 4.470588266849517822e-01 2.627451121807098389e-01
4.470588266849517822e-01 2.627451121807098389e-01 3.215686380863189697e-01 2.627451121807098389e-01
3.215686380863189697e-01 2.627451121807098389e-01 3.215686380863189697e-01 4.352941215038299561e-01
3.215686380863189697e-01 4.352941215038299561e-01 3.215686380863189697e-01 4.352941215038299561e-01
4.470588266849517822e-01 4.352941215038299561e-01 3.921568691730499268e-01 4.352941215038299561e-01
3.921568691730499268e-01 4.352941215038299561e-01 3.921568691730499268e-01 5.019608139991760254e-01
3.921568691730499268e-01 5.019608139991760254e-01 5.568627715110778809e-01 5.019608139991760254e-01
5.568627715110778809e-01 5.019608139991760254e-01 5.568627715110778809e-01 7.137255072593688965e-01
5.568627715110778809e-01 7.137255072593688965e-01 7.921568751335144043e-01 7.137255072593688965e-01
7.921568751335144043e-01 7.137255072593688965e-01 7.921568751335144043e-01 4.039215743541717529e-01
7.921568751335144043e-01 4.039215743541717529e-01 7.058823704719543457e-01 4.039215743541717529e-01
7.058823704719543457e-01 4.039215743541717529e-01 7.058823704719543457e-01 2.274509817361831665e-01
7.058823704719543457e-01 2.274509817361831665e-01 7.921568751335144043e-01 2.274509817361831665e-01
7.921568751335144043e-01 2.274509817361831665e-01 7.921568751335144043e-01 1.803921610116958618e-01
7.921568751335144043e-01 1.803921610116958618e-01 3.215686380863189697e-01 1.803921610116958618e-01
3.215686380863189697e-01 1.803921610116958618e-01 3.215686380863189697e-01 2.627451121807098389e-01
3.215686380863189697e-01 2.627451121807098389e-01 4.470588266849517822e-01 2.627451121807098389e-01
4.470588266849517822e-01 2.627451121807098389e-01 5.333333611488342285e-01 2.627451121807098389e-01
5.333333611488342285e-01 2.627451121807098389e-01 5.333333611488342285e-01 4.352941215038299561e-01
5.333333611488342285e-01 4.352941215038299561e-01 4.470588266849517822e-01 4.352941215038299561e-01
4.470588266849517822e-01 4.352941215038299561e-01 4.470588266849517822e-01 4.352941215038299561e-01
7.921568751335144043e-01 4.039215743541717529e-01 7.921568751335144043e-01 2.274509817361831665e-01
7.921568751335144043e-01 2.274509817361831665e-01 7.058823704719543457e-01 2.274509817361831665e-01
7.058823704719543457e-01 2.274509817361831665e-01 7.058823704719543457e-01 4.039215743541717529e-01
7.058823704719543457e-01 4.039215743541717529e-01 7.921568751335144043e-01 4.039215743541717529e-01
7.921568751335144043e-01 4.039215743541717529e-01 7.921568751335144043e-01 4.039215743541717529e-01
