5.215686559677124023e-01 3.215686380863189697e-01 4.196078479290008545e-01 3.215686380863189697e-01
4.196078479290008545e-01 3.215686380863189697e-01 4.196078479290008545e-01 4.313725531101226807e-01
4.196078479290008545e-01 4.313725531101226807e-01 5.215686559677124023e-01 4.313725531101226807e-01
5.215686559677124023e-01 4.313725531101226807e-01 5.215686559677124023e-01 3.215686380863189697e-01
5.215686559677124023e-01 3.215686380863189697e-01 5.215686559677124023e-01 3.215686380863189697e-01
2.705882489681243896e-01 4.313725531101226807e-01 2.156862765550613403e-01 4.313725531101226807e-01
2.156862765550613403e-01 4.313725531101226807e-01 2.156862765550613403e-01 4.941176474094390869e-01
2.156862765550613403e-01 4.941176474094390869e-01 1.333333402872085571e-01 4.941176474094390869e-01
1.333333402872085571e-01 4.941176474094390869e-01 1.333333402872085571e-01 5.960784554481506348e-01
1.333333402872085571e-01 5.960784554481506348e-01 2.156862765550613403e-01 5.960784554481506348e-01
2.156862765550613403e-01 5.960784554481506348e-01 2.705882489681243896e-01 5.960784554481506348e-01
2.705882489681243896e-01 5.960784554481506348e-01 2.705882489681243896e-01 4.941176474094390869e-01
2.705882489681243896e-01 4.941176474094390869e-01 2.705882489681243896e-01 4.313725531101226807e-01
2.705882489681243896e-01 4.313725531101226807e-01 2.705882489681243896e-01 4.313725531101226807e-01
8.705882430076599121e-01 3.215686380863189697e-01 6.745098233222961426e-01 3.215686380863189697e-01
6.745098233222961426e-01 3.215686380863189697e-01 6.745098233222961426e-01 4.313725531101226807e-01
6.745098233222961426e-01 4.313725531101226807e-01 6.745098233222961426e-01 4.941176474094390869e-01
6.745098233222961426e-01 4.941176474094390869e-01 7.372549176216125488e-01 4.941176474094390869e-01
7.372549176216125488e-01 4.941176474094390869e-01 8.352941274642944336e-01 4.941176474094390869e-01
8.352941274642944336e-01 4.941176474094390869e-01 8.705882430076599121e-01 4.941176474094390869e-01
8.705882430076599121e-01 4.941176474094390869e-01 8.705882430076599121e-01 3.215686380863189697e-01
8.705882430076599121e-01 3.215686380863189697e-01 8.705882430076599121e-01 3.215686380863189697e-01
6.745098233222961426e-01 3.215686380863189697e-01 5.215686559677124023e-01 3.215686380863189697e-01
5.215686559677124023e-01 3.215686380863189697e-01 5.215686559677124023e-01 4.313725531101226807e-01
5.215686559677124023e-01 4.313725531101226807e-01 5.215686559677124023e-01 4.941176474094390869e-01
5.215686559677124023e-01 4.941176474094390869e-01 6.745098233222961426e-01 4.941176474094390869e-01
6.745098233222961426e-01 4.941176474094390869e-01 6.745098233222961426e-01 4.313725531101226807e-01
6.745098233222961426e-01 4.313725531101226807e-01 6.745098233222961426e-01 3.215686380863189697e-01
6.745098233222961426e-01 3.215686380863189697e-01 6.745098233222961426e-01 3.215686380863189697e-01
5.215686559677124023e-01 4.313725531101226807e-01 4.196078479290008545e-01 4.313725531101226807e-01
4.196078479290008545e-01 4.313725531101226807e-01 4.196078479290008545e-01 4.941176474094390869e-01
4.196078479290008545e-01 4.941176474094390869e-01 2.705882489681243896e-01 4.941176474094390869e-01
2.705882489681243896e-01 4.941176474094390869e-01 2.705882489681243896e-01 5.960784554481506348e-01
2.705882489681243896e-01 5.960784554481506348e-01 2.156862765550613403e-01 5.960784554481506348e-01
2.156862765550613403e-01 5.960784554481506348e-01 2.156862765550613403e-01 6.901960968971252441e-01
2.156862765550613403e-01 6.901960968971252441e-01 7.372549176216125488e-01 6.901960968971252441e-01
7.372549176216125488e-01 6.901960968971252441e-01 7.372549176216125488e-01 4.941176474094390869e-01
7.372549176216125488e-01 4.941176474094390869e-01 6.745098233222961426e-01 4.941176474094390869e-01
6.745098233222961426e-01 4.941176474094390869e-01 5.215686559677124023e-01 4.941176474094390869e-01
5.215686559677124023e-01 4.941176474094390869e-01 5.215686559677124023e-01 4.313725531101226807e-01
5.215686559677124023e-01 4.313725531101226807e-01 5.215686559677124023e-01 4.313725531101226807e-01
7.372549176216125488e-01 6.901960968971252441e-01 8.352941274642944336e-01 6.901960968971252441e-01
8.352941274642944336e-01 6.901960968971252441e-01 8.352941274642944336e-01 4.941176474094390869e-01
8.352941274642944336e-01 4.941176474094390869e-01 7.372549176216125488e-01 4.941176474094390869e-01
7.372549176216125488e-01 4.941176474094390869e-01 7.372549176216125488e-01 6.901960968971252441e-01
7.372549176216125488e-01 6.901960968971252441e-01 7.372549176216125488e-01 6.901960968971252441e-01
4.196078479290008545e-01 3.215686380863189697e-01 2.705882489681243896e-01 3.215686380863189697e-01
2.705882489681243896e-01 3.215686380863189697e-01 2.705882489681243896e-01 4.313725531101226807e-01
2.705882489681243896e-01 4.313725531101226807e-01 2.705882489681243896e-01 4.941176474094390869e-01
2.705882489681243896e-01 4.941176474094390869e-01 4.196078479290008545e-01 4.941176474094390869e-01
4.196078479290008545e-01 4.941176474094390869e-01 4.196078479290008545e-01 4.313725531101226807e-01
4.196078479290008545e-01 4.313725531101226807e-01 4.196078479290008545e-01 3.215686380863189697e-01
4.196078479290008545e-01 3.215686380863189697e-01 4.196078479290008545e-01 3.215686380863189697e-01
