4.941176474094390869e-01 2.705882489681243896e-01 4.313725531101226807e-01 2.705882489681243896e-01
4.313725531101226807e-01 2.705882489681243896e-01 4.313725531101226807e-01 4.470588266849517822e-01
4.313725531101226807e-01 4.470588266849517822e-01 5.372549295425415039e-01 4.470588266849517822e-01
5.372549295425415039e-01 4.470588266849517822e-01 5.372549295425415039e-01 2.705882489681243896e-01
5.372549295425415039e-01 2.705882489681243896e-01 4.941176474094390869e-01 2.705882489681243896e-01
4.941176474094390869e-01 2.705882489681243896e-01 4.941176474094390869e-01 2.705882489681243896e-01
4.941176474094390869e-01 2.705882489681243896e-01 5.372549295425415039e-01 2.705882489681243896e-01
5.372549295425415039e-01 2.705882489681243896e-01 7.098039388656616211e-01 2.705882489681243896e-01
7.098039388656616211e-01 2.705882489681243896e-01 7.098039388656616211e-01 1.294117718935012817e-01
7.098039388656616211e-01 1.294117718935012817e-01 4.941176474094390869e-01 1.294117718935012817e-01
4.941176474094390869e-01 1.294117718935012817e-01 4.941176474094390869e-01 2.705882489681243896e-01
4.941176474094390869e-01 2.705882489681243896e-01 4.941176474094390869e-01 2.705882489681243896e-01
4.039215743541717529e-01 7.647058963775634766e-01 4.039215743541717529e-01 5.333333611488342285e-01
4.039215743541717529e-01 5.333333611488342285e-01 3.450980484485626221e-01 5.333333611488342285e-01
3.450980484485626221e-01 5.333333611488342285e-01 3.450980484485626221e-01 5.764706134796142578e-01
3.450980484485626221e-01 5.764706134796142578e-01 2.196078449487686157e-01 5.764706134796142578e-01
2.196078449487686157e-01 5.764706134796142578e-01 2.196078449487686157e-01 8.078431487083435059e-01
2.196078449487686157e-01 8.078431487083435059e-01 4.039215743541717529e-01 8.078431487083435059e-01
4.039215743541717529e-01 8.078431487083435059e-01 4.039215743541717529e-01 7.647058963775634766e-01
4.039215743541717529e-01 7.647058963775634766e-01 4.039215743541717529e-01 7.647058963775634766e-01
3.450980484485626221e-01 2.705882489681243896e-01 2.745098173618316650e-01 2.705882489681243896e-01
2.745098173618316650e-01 2.705882489681243896e-01 2.745098173618316650e-01 4.470588266849517822e-01
2.745098173618316650e-01 4.470588266849517822e-01 3.450980484485626221e-01 4.470588266849517822e-01
3.450980484485626221e-01 4.470588266849517822e-01 4.313725531101226807e-01 4.470588266849517822e-01
4.313725531101226807e-01 4.470588266849517822e-01 4.313725531101226807e-01 2.705882489681243896e-01
4.313725531101226807e-01 2.705882489681243896e-01 3.450980484485626221e-01 2.705882489681243896e-01
3.450980484485626221e-01 2.705882489681243896e-01 3.450980484485626221e-01 2.705882489681243896e-01
7.098039388656616211e-01 2.705882489681243896e-01 5.372549295425415039e-01 2.705882489681243896e-01
5.372549295425415039e-01 2.705882489681243896e-01 5.372549295425415039e-01 4.470588266849517822e-01
5.372549295425415039e-01 4.470588266849517822e-01 4.313725531101226807e-01 4.470588266849517822e-01
4.313725531101226807e-01 4.470588266849517822e-01 3.450980484485626221e-01 4.470588266849517822e-01
3.450980484485626221e-01 4.470588266849517822e-01 3.450980484485626221e-01 5.333333611488342285e-01
3.450980484485626221e-01 5.333333611488342285e-01 4.039215743541717529e-01 5.333333611488342285e-01
4.039215743541717529e-01 5.333333611488342285e-01 5.568627715110778809e-01 5.333333611488342285e-01
5.568627715110778809e-01 5.333333611488342285e-01 5.568627715110778809e-01 7.647058963775634766e-01
5.568627715110778809e-01 7.647058963775634766e-01 7.843137383460998535e-01 7.647058963775634766e-01
7.843137383460998535e-01 7.647058963775634766e-01 7.843137383460998535e-01 2.705882489681243896e-01
7.843137383460998535e-01 2.705882489681243896e-01 7.098039388656616211e-01 2.705882489681243896e-01
7.098039388656616211e-01 2.705882489681243896e-01 7.098039388656616211e-01 2.705882489681243896e-01
7.843137383460998535e-01 7.647058963775634766e-01 5.568627715110778809e-01 7.647058963775634766e-01
5.568627715110778809e-01 7.647058963775634766e-01 5.568627715110778809e-01 8.745098114013671875e-01
5.568627715110778809e-01 8.745098114013671875e-01 7.843137383460998535e-01 8.745098114013671875e-01
7.843137383460998535e-01 8.745098114013671875e-01 7.843137383460998535e-01 7.647058963775634766e-01
7.843137383460998535e-01 7.647058963775634766e-01 7.843137383460998535e-01 7.647058963775634766e-01
2.745098173618316650e-01 4.470588266849517822e-01 2.196078449487686157e-01 4.470588266849517822e-01
2.196078449487686157e-01 4.470588266849517822e-01 2.196078449487686157e-01 5.333333611488342285e-01
2.196078449487686157e-01 5.333333611488342285e-01 2.196078449487686157e-01 5.764706134796142578e-01
2.196078449487686157e-01 5.764706134796142578e-01 3.450980484485626221e-01 5.764706134796142578e-01
3.450980484485626221e-01 5.764706134796142578e-01 3.450980484485626221e-01 5.333333611488342285e-01
3.450980484485626221e-01 5.333333611488342285e-01 3.450980484485626221e-01 4.470588266849517822e-01
3.450980484485626221e-01 4.470588266849517822e-01 2.745098173618316650e-01 4.470588266849517822e-01
2.745098173618316650e-01 4.470588266849517822e-01 2.745098173618316650e-01 4.470588266849517822e-01
4.039215743541717529e-01 7.647058963775634766e-01 5.568627715110778809e-01 7.647058963775634766e-01
5.568627715110778809e-01 7.647058963775634766e-01 5.568627715110778809e-01 5.333333611488342285e-01
5.568627715110778809e-01 5.333333611488342285e-01 4.039215743541717529e-01 5.333333611488342285e-01
4.039215743541717529e-01 5.333333611488342285e-01 4.039215743541717529e-01 7.647058963775634766e-01
4.039215743541717529e-01 7.647058963775634766e-01 4.039215743541717529e-01 7.647058963775634766e-01
