1.450980454683303833e-01 4.392156898975372314e-01 2.156862765550613403e-01 4.392156898975372314e-01
2.156862765550613403e-01 4.392156898975372314e-01 3.764705955982208252e-01 4.392156898975372314e-01
3.764705955982208252e-01 4.392156898975372314e-01 3.764705955982208252e-01 3.215686380863189697e-01
3.764705955982208252e-01 3.215686380863189697e-01 1.450980454683303833e-01 3.215686380863189697e-01
1.450980454683303833e-01 3.215686380863189697e-01 1.450980454683303833e-01 4.392156898975372314e-01
1.450980454683303833e-01 4.392156898975372314e-01 1.450980454683303833e-01 4.392156898975372314e-01
3.764705955982208252e-01 2.274509817361831665e-01 1.450980454683303833e-01 2.274509817361831665e-01
1.450980454683303833e-01 2.274509817361831665e-01 1.450980454683303833e-01 3.215686380863189697e-01
1.450980454683303833e-01 3.215686380863189697e-01 3.764705955982208252e-01 3.215686380863189697e-01
3.764705955982208252e-01 3.215686380863189697e-01 3.764705955982208252e-01 2.274509817361831665e-01
3.764705955982208252e-01 2.274509817361831665e-01 3.764705955982208252e-01 2.274509817361831665e-01
6.588235497474670410e-01 4.392156898975372314e-01 5.960784554481506348e-01 4.392156898975372314e-01
5.960784554481506348e-01 4.392156898975372314e-01 5.960784554481506348e-01 6.784313917160034180e-01
5.960784554481506348e-01 6.784313917160034180e-01 6.588235497474670410e-01 6.784313917160034180e-01
6.588235497474670410e-01 6.784313917160034180e-01 7.803921699523925781e-01 6.784313917160034180e-01
7.803921699523925781e-01 6.784313917160034180e-01 7.803921699523925781e-01 4.392156898975372314e-01
7.803921699523925781e-01 4.392156898975372314e-01 6.588235497474670410e-01 4.392156898975372314e-01
6.588235497474670410e-01 4.392156898975372314e-01 6.588235497474670410e-01 4.392156898975372314e-01
6.588235497474670410e-01 4.392156898975372314e-01 7.803921699523925781e-01 4.392156898975372314e-01
7.803921699523925781e-01 4.392156898975372314e-01 8.588235378265380859e-01 4.392156898975372314e-01
8.588235378265380859e-01 4.392156898975372314e-01 8.588235378265380859e-01 2.274509817361831665e-01
8.588235378265380859e-01 2.274509817361831665e-01 6.588235497474670410e-01 2.274509817361831665e-01
6.588235497474670410e-01 2.274509817361831665e-01 6.588235497474670410e-01 4.392156898975372314e-01
6.588235497474670410e-01 4.392156898975372314e-01 6.588235497474670410e-01 4.392156898975372314e-01
2.156862765550613403e-01 6.784313917160034180e-01 3.764705955982208252e-01 6.784313917160034180e-01
3.764705955982208252e-01 6.784313917160034180e-01 3.764705955982208252e-01 4.392156898975372314e-01
3.764705955982208252e-01 4.392156898975372314e-01 2.156862765550613403e-01 4.392156898975372314e-01
2.156862765550613403e-01 4.392156898975372314e-01 2.156862765550613403e-01 6.784313917160034180e-01
2.156862765550613403e-01 6.784313917160034180e-01 2.156862765550613403e-01 6.784313917160034180e-01
5.960784554481506348e-01 4.392156898975372314e-01 6.588235497474670410e-01 4.392156898975372314e-01
6.588235497474670410e-01 4.392156898975372314e-01 6.588235497474670410e-01 2.274509817361831665e-01
6.588235497474670410e-01 2.274509817361831665e-01 3.764705955982208252e-01 2.274509817361831665e-01
3.764705955982208252e-01 2.274509817361831665e-01 3.764705955982208252e-01 3.215686380863189697e-01
3.764705955982208252e-01 3.215686380863189697e-01 3.764705955982208252e-01 4.392156898975372314e-01
3.764705955982208252e-01 4.392156898975372314e-01 3.764705955982208252e-01 6.784313917160034180e-01
3.764705955982208252e-01 6.784313917160034180e-01 5.960784554481506348e-01 6.784313917160034180e-01
5.960784554481506348e-01 6.784313917160034180e-01 5.960784554481506348e-01 4.392156898975372314e-01
5.960784554481506348e-01 4.392156898975372314e-01 5.960784554481506348e-01 4.392156898975372314e-01
5.960784554481506348e-01 6.784313917160034180e-01 3.764705955982208252e-01 6.784313917160034180e-01
3.764705955982208252e-01 6.784313917160034180e-01 3.764705955982208252e-01 7.764706015586853027e-01
3.764705955982208252e-01 7.764706015586853027e-01 5.960784554481506348e-01 7.764706015586853027e-01
5.960784554481506348e-01 7.764706015586853027e-01 5.960784554481506348e-01 6.784313917160034180e-01
5.960784554481506348e-01 6.784313917160034180e-01 5.960784554481506348e-01 6.784313917160034180e-01
