8.784313797950744629e-01 5.333333611488342285e-01 8.784313797950744629e-01 4.745098054409027100e-01
8.784313797950744629e-01 4.745098054409027100e-01 7.529411911964416504e-01 4.745098054409027100e-01
7.529411911964416504e-01 4.745098054409027100e-01 7.529411911964416504e-01 5.333333611488342285e-01
7.529411911964416504e-01 5.333333611488342285e-01 7.529411911964416504e-01 5.882353186607360840e-01
7.529411911964416504e-01 5.882353186607360840e-01 8.784313797950744629e-01 5.882353186607360840e-01
8.784313797950744629e-01 5.882353186607360840e-01 8.784313797950744629e-01 5.333333611488342285e-01
8.784313797950744629e-01 5.333333611488342285e-01 8.784313797950744629e-01 5.333333611488342285e-01
7.529411911964416504e-01 3.450980484485626221e-01 6.509804129600524902e-01 3.450980484485626221e-01
6.509804129600524902e-01 3.450980484485626221e-01 6.509804129600524902e-01 4.745098054409027100e-01
6.509804129600524902e-01 4.745098054409027100e-01 7.529411911964416504e-01 4.745098054409027100e-01
7.529411911964416504e-01 4.745098054409027100e-01 7.529411911964416504e-01 3.450980484485626221e-01
7.529411911964416504e-01 3.450980484485626221e-01 7.529411911964416504e-01 3.450980484485626221e-01
7.529411911964416504e-01 5.333333611488342285e-01 6.705882549285888672e-01 5.333333611488342285e-01
6.705882549285888672e-01 5.333333611488342285e-01 6.705882549285888672e-01 7.490196228027343750e-01
6.705882549285888672e-01 7.490196228027343750e-01 6.705882549285888672e-01 8.549019694328308105e-01
6.705882549285888672e-01 8.549019694328308105e-01 8.784313797950744629e-01 8.549019694328308105e-01
8.784313797950744629e-01 8.549019694328308105e-01 8.784313797950744629e-01 5.882353186607360840e-01
8.784313797950744629e-01 5.882353186607360840e-01 7.529411911964416504e-01 5.882353186607360840e-01
7.529411911964416504e-01 5.882353186607360840e-01 7.529411911964416504e-01 5.333333611488342285e-01
7.529411911964416504e-01 5.333333611488342285e-01 7.529411911964416504e-01 5.333333611488342285e-01
2.901960909366607666e-01 2.509804069995880127e-01 1.215686276555061340e-01 2.509804069995880127e-01
1.215686276555061340e-01 2.509804069995880127e-01 1.215686276555061340e-01 4.666666686534881592e-01
1.215686276555061340e-01 4.666666686534881592e-01 2.901960909366607666e-01 4.666666686534881592e-01
2.901960909366607666e-01 4.666666686534881592e-01 2.901960909366607666e-01 2.509804069995880127e-01
2.901960909366607666e-01 2.509804069995880127e-01 2.901960909366607666e-01 2.509804069995880127e-01
7.529411911964416504e-01 2.509804069995880127e-01 7.529411911964416504e-01 1.490196138620376587e-01
7.529411911964416504e-01 1.490196138620376587e-01 5.843137502670288086e-01 1.490196138620376587e-01
5.843137502670288086e-01 1.490196138620376587e-01 5.843137502670288086e-01 2.509804069995880127e-01
5.843137502670288086e-01 2.509804069995880127e-01 5.843137502670288086e-01 3.450980484485626221e-01
5.843137502670288086e-01 3.450980484485626221e-01 6.509804129600524902e-01 3.450980484485626221e-01
6.509804129600524902e-01 3.450980484485626221e-01 7.529411911964416504e-01 3.450980484485626221e-01
7.529411911964416504e-01 3.450980484485626221e-01 7.529411911964416504e-01 2.509804069995880127e-01
7.529411911964416504e-01 2.509804069995880127e-01 7.529411911964416504e-01 2.509804069995880127e-01
6.705882549285888672e-01 5.333333611488342285e-01 7.529411911964416504e-01 5.333333611488342285e-01
7.529411911964416504e-01 5.333333611488342285e-01 7.529411911964416504e-01 4.745098054409027100e-01
7.529411911964416504e-01 4.745098054409027100e-01 6.509804129600524902e-01 4.745098054409027100e-01
6.509804129600524902e-01 4.745098054409027100e-01 6.509804129600524902e-01 3.450980484485626221e-01
6.509804129600524902e-01 3.450980484485626221e-01 5.843137502670288086e-01 3.450980484485626221e-01
5.843137502670288086e-01 3.450980484485626221e-01 5.843137502670288086e-01 2.509804069995880127e-01
5.843137502670288086e-01 2.509804069995880127e-01 4.000000059604644775e-01 2.509804069995880127e-01
4.000000059604644775e-01 2.509804069995880127e-01 4.000000059604644775e-01 4.666666686534881592e-01
4.000000059604644775e-01 4.666666686534881592e-01 2.901960909366607666e-01 4.666666686534881592e-01
2.901960909366607666e-01 4.666666686534881592e-01 1.215686276555061340e-01 4.666666686534881592e-01
1.215686276555061340e-01 4.666666686534881592e-01 1.215686276555061340e-01 7.490196228027343750e-01
1.215686276555061340e-01 7.490196228027343750e-01 4.470588266849517822e-01 7.490196228027343750e-01
4.470588266849517822e-01 7.490196228027343750e-01 6.705882549285888672e-01 7.490196228027343750e-01
6.705882549285888672e-01 7.490196228027343750e-01 6.705882549285888672e-01 5.333333611488342285e-01
6.705882549285888672e-01 5.333333611488342285e-01 6.705882549285888672e-01 5.333333611488342285e-01
4.470588266849517822e-01 8.549019694328308105e-01 6.705882549285888672e-01 8.549019694328308105e-01
6.705882549285888672e-01 8.549019694328308105e-01 6.705882549285888672e-01 7.490196228027343750e-01
6.705882549285888672e-01 7.490196228027343750e-01 4.470588266849517822e-01 7.490196228027343750e-01
4.470588266849517822e-01 7.490196228027343750e-01 4.470588266849517822e-01 8.549019694328308105e-01
4.470588266849517822e-01 8.549019694328308105e-01 4.470588266849517822e-01 8.549019694328308105e-01
4.000000059604644775e-01 2.509804069995880127e-01 2.901960909366607666e-01 2.509804069995880127e-01
2.901960909366607666e-01 2.509804069995880127e-01 2.901960909366607666e-01 4.666666686534881592e-01
2.901960909366607666e-01 4.666666686534881592e-01 4.000000059604644775e-01 4.666666686534881592e-01
4.000000059604644775e-01 4.666666686534881592e-01 4.000000059604644775e-01 2.509804069995880127e-01
4.000000059604644775e-01 2.509804069995880127e-01 4.000000059604644775e-01 2.509804069995880127e-01
