7.803921699523925781e-01 6.117647290229797363e-01 6.666666865348815918e-01 6.117647290229797363e-01
6.666666865348815918e-01 6.117647290229797363e-01 6.666666865348815918e-01 7.607843279838562012e-01
6.666666865348815918e-01 7.607843279838562012e-01 7.803921699523925781e-01 7.607843279838562012e-01
7.803921699523925781e-01 7.607843279838562012e-01 7.803921699523925781e-01 6.117647290229797363e-01
7.803921699523925781e-01 6.117647290229797363e-01 7.803921699523925781e-01 6.117647290229797363e-01
5.058823823928833008e-01 5.686274766921997070e-01 4.078431427478790283e-01 5.686274766921997070e-01
4.078431427478790283e-01 5.686274766921997070e-01 4.078431427478790283e-01 7.137255072593688965e-01
4.078431427478790283e-01 7.137255072593688965e-01 5.058823823928833008e-01 7.137255072593688965e-01
5.058823823928833008e-01 7.137255072593688965e-01 5.058823823928833008e-01 5.686274766921997070e-01
5.058823823928833008e-01 5.686274766921997070e-01 5.058823823928833008e-01 5.686274766921997070e-01
4.078431427478790283e-01 7.137255072593688965e-01 2.196078449487686157e-01 7.137255072593688965e-01
2.196078449487686157e-01 7.137255072593688965e-01 2.196078449487686157e-01 8.156862854957580566e-01
2.196078449487686157e-01 8.156862854957580566e-01 4.078431427478790283e-01 8.156862854957580566e-01
4.078431427478790283e-01 8.156862854957580566e-01 4.078431427478790283e-01 7.137255072593688965e-01
4.078431427478790283e-01 7.137255072593688965e-01 4.078431427478790283e-01 7.137255072593688965e-01
6.666666865348815918e-01 6.117647290229797363e-01 7.803921699523925781e-01 6.117647290229797363e-01
7.803921699523925781e-01 6.117647290229797363e-01 7.803921699523925781e-01 2.862745225429534912e-01
7.803921699523925781e-01 2.862745225429534912e-01 5.882353186607360840e-01 2.862745225429534912e-01
5.882353186607360840e-01 2.862745225429534912e-01 5.882353186607360840e-01 4.980392158031463623e-01
5.882353186607360840e-01 4.980392158031463623e-01 5.882353186607360840e-01 5.686274766921997070e-01
5.882353186607360840e-01 5.686274766921997070e-01 6.666666865348815918e-01 5.686274766921997070e-01
6.666666865348815918e-01 5.686274766921997070e-01 6.666666865348815918e-01 6.117647290229797363e-01
6.666666865348815918e-01 6.117647290229797363e-01 6.666666865348815918e-01 6.117647290229797363e-01
5.882353186607360840e-01 2.862745225429534912e-01 5.882353186607360840e-01 1.882352977991104126e-01
5.882353186607360840e-01 1.882352977991104126e-01 4.313725531101226807e-01 1.882352977991104126e-01
4.313725531101226807e-01 1.882352977991104126e-01 4.313725531101226807e-01 2.862745225429534912e-01
4.313725531101226807e-01 2.862745225429534912e-01 4.313725531101226807e-01 4.980392158031463623e-01
4.313725531101226807e-01 4.980392158031463623e-01 5.882353186607360840e-01 4.980392158031463623e-01
5.882353186607360840e-01 4.980392158031463623e-01 5.882353186607360840e-01 2.862745225429534912e-01
5.882353186607360840e-01 2.862745225429534912e-01 5.882353186607360840e-01 2.862745225429534912e-01
4.078431427478790283e-01 5.686274766921997070e-01 5.058823823928833008e-01 5.686274766921997070e-01
5.058823823928833008e-01 5.686274766921997070e-01 5.882353186607360840e-01 5.686274766921997070e-01
5.882353186607360840e-01 5.686274766921997070e-01 5.882353186607360840e-01 4.980392158031463623e-01
5.882353186607360840e-01 4.980392158031463623e-01 4.313725531101226807e-01 4.980392158031463623e-01
4.313725531101226807e-01 4.980392158031463623e-01 4.313725531101226807e-01 2.862745225429534912e-01
4.313725531101226807e-01 2.862745225429534912e-01 2.196078449487686157e-01 2.862745225429534912e-01
2.196078449487686157e-01 2.862745225429534912e-01 2.196078449487686157e-01 7.137255072593688965e-01
2.196078449487686157e-01 7.137255072593688965e-01 4.078431427478790283e-01 7.137255072593688965e-01
4.078431427478790283e-01 7.137255072593688965e-01 4.078431427478790283e-01 5.686274766921997070e-01
4.078431427478790283e-01 5.686274766921997070e-01 4.078431427478790283e-01 5.686274766921997070e-01
2.196078449487686157e-01 2.862745225429534912e-01 4.313725531101226807e-01 2.862745225429534912e-01
4.313725531101226807e-01 2.862745225429534912e-01 4.313725531101226807e-01 1.882352977991104126e-01
4.313725531101226807e-01 1.882352977991104126e-01 2.196078449487686157e-01 1.882352977991104126e-01
2.196078449487686157e-01 1.882352977991104126e-01 2.196078449487686157e-01 2.862745225429534912e-01
2.196078449487686157e-01 2.862745225429534912e-01 2.196078449487686157e-01 2.862745225429534912e-01
6.666666865348815918e-01 6.117647290229797363e-01 6.666666865348815918e-01 5.686274766921997070e-01
6.666666865348815918e-01 5.686274766921997070e-01 5.882353186607360840e-01 5.686274766921997070e-01
5.882353186607360840e-01 5.686274766921997070e-01 5.058823823928833008e-01 5.686274766921997070e-01
5.058823823928833008e-01 5.686274766921997070e-01 5.058823823928833008e-01 7.137255072593688965e-01
5.058823823928833008e-01 7.137255072593688965e-01 5.058823823928833008e-01 7.607843279838562012e-01
5.058823823928833008e-01 7.607843279838562012e-01 6.666666865348815918e-01 7.607843279838562012e-01
6.666666865348815918e-01 7.607843279838562012e-01 6.666666865348815918e-01 6.117647290229797363e-01
6.666666865348815918e-01 6.117647290229797363e-01 6.666666865348815918e-01 6.117647290229797363e-01
