6.784313917160034180e-01 4.313725531101226807e-01 5.960784554481506348e-01 4.313725531101226807e-01
5.960784554481506348e-01 4.313725531101226807e-01 5.960784554481506348e-01 5.882353186607360840e-01
5.960784554481506348e-01 5.882353186607360840e-01 6.784313917160034180e-01 5.882353186607360840e-01
6.784313917160034180e-01 5.882353186607360840e-01 6.784313917160034180e-01 4.313725531101226807e-01
6.784313917160034180e-01 4.313725531101226807e-01 6.784313917160034180e-01 4.313725531101226807e-01
6.784313917160034180e-01 3.803921639919281006e-01 7.568627595901489258e-01 3.803921639919281006e-01
7.568627595901489258e-01 3.803921639919281006e-01 7.568627595901489258e-01 1.803921610116958618e-01
7.568627595901489258e-01 1.803921610116958618e-01 6.392157077789306641e-01 1.803921610116958618e-01
6.392157077789306641e-01 1.803921610116958618e-01 6.392157077789306641e-01 2.627451121807098389e-01
6.392157077789306641e-01 2.627451121807098389e-01 6.392157077789306641e-01 3.803921639919281006e-01
6.392157077789306641e-01 3.803921639919281006e-01 6.784313917160034180e-01 3.803921639919281006e-01
6.784313917160034180e-01 3.803921639919281006e-01 6.784313917160034180e-01 3.803921639919281006e-01
3.254902064800262451e-01 4.313725531101226807e-01 5.215686559677124023e-01 4.313725531101226807e-01
5.215686559677124023e-01 4.313725531101226807e-01 5.215686559677124023e-01 2.627451121807098389e-01
5.215686559677124023e-01 2.627451121807098389e-01 3.254902064800262451e-01 2.627451121807098389e-01
3.254902064800262451e-01 2.627451121807098389e-01 3.254902064800262451e-01 4.313725531101226807e-01
3.254902064800262451e-01 4.313725531101226807e-01 3.254902064800262451e-01 4.313725531101226807e-01
4.705882370471954346e-01 6.627451181411743164e-01 3.254902064800262451e-01 6.627451181411743164e-01
3.254902064800262451e-01 6.627451181411743164e-01 3.254902064800262451e-01 8.196078538894653320e-01
3.254902064800262451e-01 8.196078538894653320e-01 4.705882370471954346e-01 8.196078538894653320e-01
4.705882370471954346e-01 8.196078538894653320e-01 4.705882370471954346e-01 6.627451181411743164e-01
4.705882370471954346e-01 6.627451181411743164e-01 4.705882370471954346e-01 6.627451181411743164e-01
5.215686559677124023e-01 4.313725531101226807e-01 3.254902064800262451e-01 4.313725531101226807e-01
3.254902064800262451e-01 4.313725531101226807e-01 3.254902064800262451e-01 4.666666686534881592e-01
3.254902064800262451e-01 4.666666686534881592e-01 3.254902064800262451e-01 6.627451181411743164e-01
3.254902064800262451e-01 6.627451181411743164e-01 4.705882370471954346e-01 6.627451181411743164e-01
4.705882370471954346e-01 6.627451181411743164e-01 6.000000238418579102e-01 6.627451181411743164e-01
6.000000238418579102e-01 6.627451181411743164e-01 6.784313917160034180e-01 6.627451181411743164e-01
6.784313917160034180e-01 6.627451181411743164e-01 6.784313917160034180e-01 5.882353186607360840e-01
6.784313917160034180e-01 5.882353186607360840e-01 5.960784554481506348e-01 5.882353186607360840e-01
5.960784554481506348e-01 5.882353186607360840e-01 5.960784554481506348e-01 4.313725531101226807e-01
5.960784554481506348e-01 4.313725531101226807e-01 5.215686559677124023e-01 4.313725531101226807e-01
5.215686559677124023e-01 4.313725531101226807e-01 5.215686559677124023e-01 4.313725531101226807e-01
6.000000238418579102e-01 6.627451181411743164e-01 4.705882370471954346e-01 6.627451181411743164e-01
4.705882370471954346e-01 6.627451181411743164e-01 4.705882370471954346e-01 8.196078538894653320e-01
4.705882370471954346e-01 8.196078538894653320e-01 6.000000238418579102e-01 8.196078538894653320e-01
6.000000238418579102e-01 8.196078538894653320e-01 6.000000238418579102e-01 6.627451181411743164e-01
6.000000238418579102e-01 6.627451181411743164e-01 6.000000238418579102e-01 6.627451181411743164e-01
2.470588237047195435e-01 6.627451181411743164e-01 3.254902064800262451e-01 6.627451181411743164e-01
3.254902064800262451e-01 6.627451181411743164e-01 3.254902064800262451e-01 4.666666686534881592e-01
3.254902064800262451e-01 4.666666686534881592e-01 2.470588237047195435e-01 4.666666686534881592e-01
2.470588237047195435e-01 4.666666686534881592e-01 2.470588237047195435e-01 6.627451181411743164e-01
2.470588237047195435e-01 6.627451181411743164e-01 2.470588237047195435e-01 6.627451181411743164e-01
5.215686559677124023e-01 4.313725531101226807e-01 5.960784554481506348e-01 4.313725531101226807e-01
5.960784554481506348e-01 4.313725531101226807e-01 6.784313917160034180e-01 4.313725531101226807e-01
6.784313917160034180e-01 4.313725531101226807e-01 6.784313917160034180e-01 3.803921639919281006e-01
6.784313917160034180e-01 3.803921639919281006e-01 6.392157077789306641e-01 3.803921639919281006e-01
6.392157077789306641e-01 3.803921639919281006e-01 6.392157077789306641e-01 2.627451121807098389e-01
6.392157077789306641e-01 2.627451121807098389e-01 5.215686559677124023e-01 2.627451121807098389e-01
5.215686559677124023e-01 2.627451121807098389e-01 5.215686559677124023e-01 4.313725531101226807e-01
5.215686559677124023e-01 4.313725531101226807e-01 5.215686559677124023e-01 4.313725531101226807e-01
