4.352941215038299561e-01 4.470588266849517822e-01 3.137255012989044189e-01 4.470588266849517822e-01
3.137255012989044189e-01 4.470588266849517822e-01 3.137255012989044189e-01 5.450980663299560547e-01
3.137255012989044189e-01 5.450980663299560547e-01 4.352941215038299561e-01 5.450980663299560547e-01
4.352941215038299561e-01 5.450980663299560547e-01 4.352941215038299561e-01 4.470588266849517822e-01
4.352941215038299561e-01 4.470588266849517822e-01 4.352941215038299561e-01 4.470588266849517822e-01
3.137255012989044189e-01 4.470588266849517822e-01 4.352941215038299561e-01 4.470588266849517822e-01
4.352941215038299561e-01 4.470588266849517822e-01 4.941176474094390869e-01 4.470588266849517822e-01
4.941176474094390869e-01 4.470588266849517822e-01 4.941176474094390869e-01 3.411764800548553467e-01
4.941176474094390869e-01 3.411764800548553467e-01 4.352941215038299561e-01 3.411764800548553467e-01
4.352941215038299561e-01 3.411764800548553467e-01 3.137255012989044189e-01 3.411764800548553467e-01
3.137255012989044189e-01 3.411764800548553467e-01 3.137255012989044189e-01 4.470588266849517822e-01
3.137255012989044189e-01 4.470588266849517822e-01 3.137255012989044189e-01 4.470588266849517822e-01
4.352941215038299561e-01 5.450980663299560547e-01 3.137255012989044189e-01 5.450980663299560547e-01
3.137255012989044189e-01 5.450980663299560547e-01 3.137255012989044189e-01 7.294117808341979980e-01
3.137255012989044189e-01 7.294117808341979980e-01 4.352941215038299561e-01 7.294117808341979980e-01
4.352941215038299561e-01 7.294117808341979980e-01 4.941176474094390869e-01 7.294117808341979980e-01
4.941176474094390869e-01 7.294117808341979980e-01 4.941176474094390869e-01 5.450980663299560547e-01
4.941176474094390869e-01 5.450980663299560547e-01 4.352941215038299561e-01 5.450980663299560547e-01
4.352941215038299561e-01 5.450980663299560547e-01 4.352941215038299561e-01 5.450980663299560547e-01
4.352941215038299561e-01 3.411764800548553467e-01 4.941176474094390869e-01 3.411764800548553467e-01
4.941176474094390869e-01 3.411764800548553467e-01 4.941176474094390869e-01 1.764705926179885864e-01
4.941176474094390869e-01 1.764705926179885864e-01 4.352941215038299561e-01 1.764705926179885864e-01
4.352941215038299561e-01 1.764705926179885864e-01 3.137255012989044189e-01 1.764705926179885864e-01
3.137255012989044189e-01 1.764705926179885864e-01 3.137255012989044189e-01 3.411764800548553467e-01
3.137255012989044189e-01 3.411764800548553467e-01 4.352941215038299561e-01 3.411764800548553467e-01
4.352941215038299561e-01 3.411764800548553467e-01 4.352941215038299561e-01 3.411764800548553467e-01
6.862745285034179688e-01 3.647058904170989990e-01 6.862745285034179688e-01 2.392156869173049927e-01
6.862745285034179688e-01 2.392156869173049927e-01 5.764706134796142578e-01 2.392156869173049927e-01
5.764706134796142578e-01 2.392156869173049927e-01 5.764706134796142578e-01 3.647058904170989990e-01
5.764706134796142578e-01 3.647058904170989990e-01 6.862745285034179688e-01 3.647058904170989990e-01
6.862745285034179688e-01 3.647058904170989990e-01 6.862745285034179688e-01 3.647058904170989990e-01
4.941176474094390869e-01 4.470588266849517822e-01 4.352941215038299561e-01 4.470588266849517822e-01
4.352941215038299561e-01 4.470588266849517822e-01 4.352941215038299561e-01 5.450980663299560547e-01
4.352941215038299561e-01 5.450980663299560547e-01 4.941176474094390869e-01 5.450980663299560547e-01
4.941176474094390869e-01 5.450980663299560547e-01 4.941176474094390869e-01 7.294117808341979980e-01
4.941176474094390869e-01 7.294117808341979980e-01 6.862745285034179688e-01 7.294117808341979980e-01
6.862745285034179688e-01 7.294117808341979980e-01 6.862745285034179688e-01 3.647058904170989990e-01
6.862745285034179688e-01 3.647058904170989990e-01 5.764706134796142578e-01 3.647058904170989990e-01
5.764706134796142578e-01 3.647058904170989990e-01 5.764706134796142578e-01 2.392156869173049927e-01
5.764706134796142578e-01 2.392156869173049927e-01 5.764706134796142578e-01 1.764705926179885864e-01
5.764706134796142578e-01 1.764705926179885864e-01 4.941176474094390869e-01 1.764705926179885864e-01
4.941176474094390869e-01 1.764705926179885864e-01 4.941176474094390869e-01 3.411764800548553467e-01
4.941176474094390869e-01 3.411764800548553467e-01 4.941176474094390869e-01 4.470588266849517822e-01
4.941176474094390869e-01 4.470588266849517822e-01 4.941176474094390869e-01 4.470588266849517822e-01
6.862745285034179688e-01 7.294117808341979980e-01 4.941176474094390869e-01 7.294117808341979980e-01
4.941176474094390869e-01 7.294117808341979980e-01 4.941176474094390869e-01 8.235294222831726074e-01
4.941176474094390869e-01 8.235294222831726074e-01 6.862745285034179688e-01 8.235294222831726074e-01
6.862745285034179688e-01 8.235294222831726074e-01 6.862745285034179688e-01 7.294117808341979980e-01
6.862745285034179688e-01 7.294117808341979980e-01 6.862745285034179688e-01 7.294117808341979980e-01
6.862745285034179688e-01 1.764705926179885864e-01 5.764706134796142578e-01 1.764705926179885864e-01
5.764706134796142578e-01 1.764705926179885864e-01 5.764706134796142578e-01 2.392156869173049927e-01
5.764706134796142578e-01 2.392156869173049927e-01 6.862745285034179688e-01 2.392156869173049927e-01
6.862745285034179688e-01 2.392156869173049927e-01 6.862745285034179688e-01 1.764705926179885864e-01
6.862745285034179688e-01 1.764705926179885864e-01 6.862745285034179688e-01 1.764705926179885864e-01
