3.411764800548553467e-01 4.666666686534881592e-01 2.862745225429534912e-01 4.666666686534881592e-01
2.862745225429534912e-01 4.666666686534881592e-01 2.862745225429534912e-01 5.882353186607360840e-01
2.862745225429534912e-01 5.882353186607360840e-01 3.411764800548553467e-01 5.882353186607360840e-01
3.411764800548553467e-01 5.882353186607360840e-01 3.960784375667572021e-01 5.882353186607360840e-01
3.960784375667572021e-01 5.882353186607360840e-01 3.960784375667572021e-01 4.666666686534881592e-01
3.960784375667572021e-01 4.666666686534881592e-01 3.411764800548553467e-01 4.666666686534881592e-01
3.411764800548553467e-01 4.666666686534881592e-01 3.411764800548553467e-01 4.666666686534881592e-01
4.588235318660736084e-01 2.352941185235977173e-01 4.588235318660736084e-01 2.745098173618316650e-01
4.588235318660736084e-01 2.745098173618316650e-01 4.588235318660736084e-01 3.254902064800262451e-01
4.588235318660736084e-01 3.254902064800262451e-01 6.784313917160034180e-01 3.254902064800262451e-01
6.784313917160034180e-01 3.254902064800262451e-01 6.784313917160034180e-01 2.352941185235977173e-01
6.784313917160034180e-01 2.352941185235977173e-01 4.588235318660736084e-01 2.352941185235977173e-01
4.588235318660736084e-01 2.352941185235977173e-01 4.588235318660736084e-01 2.352941185235977173e-01
6.784313917160034180e-01 5.921568870544433594e-01 5.450980663299560547e-01 5.921568870544433594e-01
5.450980663299560547e-01 5.921568870544433594e-01 5.450980663299560547e-01 7.647058963775634766e-01
5.450980663299560547e-01 7.647058963775634766e-01 6.784313917160034180e-01 7.647058963775634766e-01
6.784313917160034180e-01 7.647058963775634766e-01 7.647058963775634766e-01 7.647058963775634766e-01
7.647058963775634766e-01 7.647058963775634766e-01 7.647058963775634766e-01 5.921568870544433594e-01
7.647058963775634766e-01 5.921568870544433594e-01 6.784313917160034180e-01 5.921568870544433594e-01
6.784313917160034180e-01 5.921568870544433594e-01 6.784313917160034180e-01 5.921568870544433594e-01
4.588235318660736084e-01 2.745098173618316650e-01 2.862745225429534912e-01 2.745098173618316650e-01
2.862745225429534912e-01 2.745098173618316650e-01 2.862745225429534912e-01 4.666666686534881592e-01
2.862745225429534912e-01 4.666666686534881592e-01 3.411764800548553467e-01 4.666666686534881592e-01
3.411764800548553467e-01 4.666666686534881592e-01 3.960784375667572021e-01 4.666666686534881592e-01
3.960784375667572021e-01 4.666666686534881592e-01 4.588235318660736084e-01 4.666666686534881592e-01
4.588235318660736084e-01 4.666666686534881592e-01 4.588235318660736084e-01 3.254902064800262451e-01
4.588235318660736084e-01 3.254902064800262451e-01 4.588235318660736084e-01 2.745098173618316650e-01
4.588235318660736084e-01 2.745098173618316650e-01 4.588235318660736084e-01 2.745098173618316650e-01
5.450980663299560547e-01 5.921568870544433594e-01 6.784313917160034180e-01 5.921568870544433594e-01
6.784313917160034180e-01 5.921568870544433594e-01 6.784313917160034180e-01 3.254902064800262451e-01
6.784313917160034180e-01 3.254902064800262451e-01 4.588235318660736084e-01 3.254902064800262451e-01
4.588235318660736084e-01 3.254902064800262451e-01 4.588235318660736084e-01 4.666666686534881592e-01
4.588235318660736084e-01 4.666666686534881592e-01 3.960784375667572021e-01 4.666666686534881592e-01
3.960784375667572021e-01 4.666666686534881592e-01 3.960784375667572021e-01 5.882353186607360840e-01
3.960784375667572021e-01 5.882353186607360840e-01 3.411764800548553467e-01 5.882353186607360840e-01
3.411764800548553467e-01 5.882353186607360840e-01 3.411764800548553467e-01 7.647058963775634766e-01
3.411764800548553467e-01 7.647058963775634766e-01 5.450980663299560547e-01 7.647058963775634766e-01
5.450980663299560547e-01 7.647058963775634766e-01 5.450980663299560547e-01 5.921568870544433594e-01
5.450980663299560547e-01 5.921568870544433594e-01 5.450980663299560547e-01 5.921568870544433594e-01
2.392156869173049927e-01 7.647058963775634766e-01 3.411764800548553467e-01 7.647058963775634766e-01
3.411764800548553467e-01 7.647058963775634766e-01 3.411764800548553467e-01 5.882353186607360840e-01
3.411764800548553467e-01 5.882353186607360840e-01 2.862745225429534912e-01 5.882353186607360840e-01
2.862745225429534912e-01 5.882353186607360840e-01 2.392156869173049927e-01 5.882353186607360840e-01
2.392156869173049927e-01 5.882353186607360840e-01 2.392156869173049927e-01 7.647058963775634766e-01
2.392156869173049927e-01 7.647058963775634766e-01 2.392156869173049927e-01 7.647058963775634766e-01
