4.313725531101226807e-01 3.686274588108062744e-01 3.333333432674407959e-01 3.686274588108062744e-01
3.333333432674407959e-01 3.686274588108062744e-01 3.333333432674407959e-01 5.411764979362487793e-01
3.333333432674407959e-01 5.411764979362487793e-01 4.313725531101226807e-01 5.411764979362487793e-01
4.313725531101226807e-01 5.411764979362487793e-01 4.313725531101226807e-01 3.686274588108062744e-01
4.313725531101226807e-01 3.686274588108062744e-01 4.313725531101226807e-01 3.686274588108062744e-01
6.705882549285888672e-01 9.098039269447326660e-01 6.705882549285888672e-01 8.313725590705871582e-01
6.705882549285888672e-01 8.313725590705871582e-01 4.705882370471954346e-01 8.313725590705871582e-01
4.705882370471954346e-01 8.313725590705871582e-01 4.705882370471954346e-01 9.098039269447326660e-01
4.705882370471954346e-01 9.098039269447326660e-01 6.705882549285888672e-01 9.098039269447326660e-01
6.705882549285888672e-01 9.098039269447326660e-01 6.705882549285888672e-01 9.098039269447326660e-01
6.705882549285888672e-01 6.274510025978088379e-01 4.705882370471954346e-01 6.274510025978088379e-01
4.705882370471954346e-01 6.274510025978088379e-01 4.705882370471954346e-01 8.313725590705871582e-01
4.705882370471954346e-01 8.313725590705871582e-01 6.705882549285888672e-01 8.313725590705871582e-01
6.705882549285888672e-01 8.313725590705871582e-01 6.705882549285888672e-01 6.274510025978088379e-01
6.705882549285888672e-01 6.274510025978088379e-01 6.705882549285888672e-01 6.274510025978088379e-01
4.313725531101226807e-01 5.411764979362487793e-01 3.333333432674407959e-01 5.411764979362487793e-01
3.333333432674407959e-01 5.411764979362487793e-01 3.333333432674407959e-01 6.274510025978088379e-01
3.333333432674407959e-01 6.274510025978088379e-01 4.705882370471954346e-01 6.274510025978088379e-01
4.705882370471954346e-01 6.274510025978088379e-01 6.705882549285888672e-01 6.274510025978088379e-01
6.705882549285888672e-01 6.274510025978088379e-01 6.705882549285888672e-01 9.019608050584793091e-02
6.705882549285888672e-01 9.019608050584793091e-02 4.705882370471954346e-01 9.019608050584793091e-02
4.705882370471954346e-01 9.019608050584793091e-02 4.705882370471954346e-01 2.588235437870025635e-01
4.705882370471954346e-01 2.588235437870025635e-01 3.333333432674407959e-01 2.588235437870025635e-01
3.333333432674407959e-01 2.588235437870025635e-01 3.333333432674407959e-01 3.215686380863189697e-01
3.333333432674407959e-01 3.215686380863189697e-01 4.313725531101226807e-01 3.215686380863189697e-01
4.313725531101226807e-01 3.215686380863189697e-01 4.313725531101226807e-01 3.686274588108062744e-01
4.313725531101226807e-01 3.686274588108062744e-01 4.313725531101226807e-01 5.411764979362487793e-01
4.313725531101226807e-01 5.411764979362487793e-01 4.313725531101226807e-01 5.411764979362487793e-01
3.333333432674407959e-01 9.019608050584793091e-02 3.333333432674407959e-01 2.588235437870025635e-01
3.333333432674407959e-01 2.588235437870025635e-01 4.705882370471954346e-01 2.588235437870025635e-01
4.705882370471954346e-01 2.588235437870025635e-01 4.705882370471954346e-01 9.019608050584793091e-02
4.705882370471954346e-01 9.019608050584793091e-02 3.333333432674407959e-01 9.019608050584793091e-02
3.333333432674407959e-01 9.019608050584793091e-02 3.333333432674407959e-01 9.019608050584793091e-02
3.333333432674407959e-01 3.686274588108062744e-01 4.313725531101226807e-01 3.686274588108062744e-01
4.313725531101226807e-01 3.686274588108062744e-01 4.313725531101226807e-01 3.215686380863189697e-01
4.313725531101226807e-01 3.215686380863189697e-01 3.333333432674407959e-01 3.215686380863189697e-01
3.333333432674407959e-01 3.215686380863189697e-01 3.333333432674407959e-01 3.686274588108062744e-01
3.333333432674407959e-01 3.686274588108062744e-01 3.333333432674407959e-01 3.686274588108062744e-01
