4.705882370471954346e-01 5.803921818733215332e-01 3.254902064800262451e-01 5.803921818733215332e-01
3.254902064800262451e-01 5.803921818733215332e-01 3.254902064800262451e-01 6.705882549285888672e-01
3.254902064800262451e-01 6.705882549285888672e-01 4.705882370471954346e-01 6.705882549285888672e-01
4.705882370471954346e-01 6.705882549285888672e-01 4.705882370471954346e-01 5.803921818733215332e-01
4.705882370471954346e-01 5.803921818733215332e-01 4.705882370471954346e-01 5.803921818733215332e-01
5.843137502670288086e-01 3.333333432674407959e-01 5.215686559677124023e-01 3.333333432674407959e-01
5.215686559677124023e-01 3.333333432674407959e-01 5.215686559677124023e-01 4.823529422283172607e-01
5.215686559677124023e-01 4.823529422283172607e-01 5.843137502670288086e-01 4.823529422283172607e-01
5.843137502670288086e-01 4.823529422283172607e-01 7.254902124404907227e-01 4.823529422283172607e-01
7.254902124404907227e-01 4.823529422283172607e-01 8.274509906768798828e-01 4.823529422283172607e-01
8.274509906768798828e-01 4.823529422283172607e-01 8.274509906768798828e-01 3.333333432674407959e-01
8.274509906768798828e-01 3.333333432674407959e-01 5.843137502670288086e-01 3.333333432674407959e-01
5.843137502670288086e-01 3.333333432674407959e-01 5.843137502670288086e-01 3.333333432674407959e-01
7.254902124404907227e-01 4.823529422283172607e-01 5.843137502670288086e-01 4.823529422283172607e-01
5.843137502670288086e-01 4.823529422283172607e-01 5.843137502670288086e-01 6.235294342041015625e-01
5.843137502670288086e-01 6.235294342041015625e-01 7.254902124404907227e-01 6.235294342041015625e-01
7.254902124404907227e-01 6.235294342041015625e-01 7.254902124404907227e-01 4.823529422283172607e-01
7.254902124404907227e-01 4.823529422283172607e-01 7.254902124404907227e-01 4.823529422283172607e-01
4.705882370471954346e-01 6.705882549285888672e-01 5.843137502670288086e-01 6.705882549285888672e-01
5.843137502670288086e-01 6.705882549285888672e-01 5.843137502670288086e-01 6.235294342041015625e-01
5.843137502670288086e-01 6.235294342041015625e-01 5.843137502670288086e-01 4.823529422283172607e-01
5.843137502670288086e-01 4.823529422283172607e-01 5.215686559677124023e-01 4.823529422283172607e-01
5.215686559677124023e-01 4.823529422283172607e-01 5.215686559677124023e-01 3.333333432674407959e-01
5.215686559677124023e-01 3.333333432674407959e-01 1.960784345865249634e-01 3.333333432674407959e-01
1.960784345865249634e-01 3.333333432674407959e-01 1.960784345865249634e-01 4.862745106220245361e-01
1.960784345865249634e-01 4.862745106220245361e-01 3.254902064800262451e-01 4.862745106220245361e-01
3.254902064800262451e-01 4.862745106220245361e-01 4.705882370471954346e-01 4.862745106220245361e-01
4.705882370471954346e-01 4.862745106220245361e-01 4.705882370471954346e-01 5.803921818733215332e-01
4.705882370471954346e-01 5.803921818733215332e-01 4.705882370471954346e-01 6.705882549285888672e-01
4.705882370471954346e-01 6.705882549285888672e-01 4.705882370471954346e-01 6.705882549285888672e-01
3.254902064800262451e-01 5.803921818733215332e-01 3.254902064800262451e-01 4.862745106220245361e-01
3.254902064800262451e-01 4.862745106220245361e-01 1.960784345865249634e-01 4.862745106220245361e-01
1.960784345865249634e-01 4.862745106220245361e-01 1.960784345865249634e-01 5.803921818733215332e-01
1.960784345865249634e-01 5.803921818733215332e-01 1.960784345865249634e-01 6.705882549285888672e-01
1.960784345865249634e-01 6.705882549285888672e-01 3.254902064800262451e-01 6.705882549285888672e-01
3.254902064800262451e-01 6.705882549285888672e-01 3.254902064800262451e-01 5.803921818733215332e-01
3.254902064800262451e-01 5.803921818733215332e-01 3.254902064800262451e-01 5.803921818733215332e-01
3.254902064800262451e-01 5.803921818733215332e-01 4.705882370471954346e-01 5.803921818733215332e-01
4.705882370471954346e-01 5.803921818733215332e-01 4.705882370471954346e-01 4.862745106220245361e-01
4.705882370471954346e-01 4.862745106220245361e-01 3.254902064800262451e-01 4.862745106220245361e-01
3.254902064800262451e-01 4.862745106220245361e-01 3.254902064800262451e-01 5.803921818733215332e-01
3.254902064800262451e-01 5.803921818733215332e-01 3.254902064800262451e-01 5.803921818733215332e-01
