1.843137294054031372e-01 5.019608139991760254e-01 2.745098173618316650e-01 5.019608139991760254e-01
2.745098173618316650e-01 5.019608139991760254e-01 4.000000059604644775e-01 5.019608139991760254e-01
4.000000059604644775e-01 5.019608139991760254e-01 4.000000059604644775e-01 3.882353007793426514e-01
4.000000059604644775e-01 3.882353007793426514e-01 1.843137294054031372e-01 3.882353007793426514e-01
1.843137294054031372e-01 3.882353007793426514e-01 1.843137294054031372e-01 5.019608139991760254e-01
1.843137294054031372e-01 5.019608139991760254e-01 1.843137294054031372e-01 5.019608139991760254e-01
1.843137294054031372e-01 3.882353007793426514e-01 4.000000059604644775e-01 3.882353007793426514e-01
4.000000059604644775e-01 3.882353007793426514e-01 4.000000059604644775e-01 2.784313857555389404e-01
4.000000059604644775e-01 2.784313857555389404e-01 1.843137294054031372e-01 2.784313857555389404e-01
1.843137294054031372e-01 2.784313857555389404e-01 1.843137294054031372e-01 3.882353007793426514e-01
1.843137294054031372e-01 3.882353007793426514e-01 1.843137294054031372e-01 3.882353007793426514e-01
4.000000059604644775e-01 5.019608139991760254e-01 2.745098173618316650e-01 5.019608139991760254e-01
2.745098173618316650e-01 5.019608139991760254e-01 2.745098173618316650e-01 7.215686440467834473e-01
2.745098173618316650e-01 7.215686440467834473e-01 4.941176474094390869e-01 7.215686440467834473e-01
4.941176474094390869e-01 7.215686440467834473e-01 4.941176474094390869e-01 5.647059082984924316e-01
4.941176474094390869e-01 5.647059082984924316e-01 4.941176474094390869e-01 5.019608139991760254e-01
4.941176474094390869e-01 5.019608139991760254e-01 4.000000059604644775e-01 5.019608139991760254e-01
4.000000059604644775e-01 5.019608139991760254e-01 4.000000059604644775e-01 5.019608139991760254e-01
6.549019813537597656e-01 5.019608139991760254e-01 4.941176474094390869e-01 5.019608139991760254e-01
4.941176474094390869e-01 5.019608139991760254e-01 4.941176474094390869e-01 5.647059082984924316e-01
4.941176474094390869e-01 5.647059082984924316e-01 4.941176474094390869e-01 7.215686440467834473e-01
4.941176474094390869e-01 7.215686440467834473e-01 6.549019813537597656e-01 7.215686440467834473e-01
6.549019813537597656e-01 7.215686440467834473e-01 6.549019813537597656e-01 5.647059082984924316e-01
6.549019813537597656e-01 5.647059082984924316e-01 6.549019813537597656e-01 5.019608139991760254e-01
6.549019813537597656e-01 5.019608139991760254e-01 6.549019813537597656e-01 5.019608139991760254e-01
4.000000059604644775e-01 5.019608139991760254e-01 4.941176474094390869e-01 5.019608139991760254e-01
4.941176474094390869e-01 5.019608139991760254e-01 6.549019813537597656e-01 5.019608139991760254e-01
6.549019813537597656e-01 5.019608139991760254e-01 8.196078538894653320e-01 5.019608139991760254e-01
8.196078538894653320e-01 5.019608139991760254e-01 8.196078538894653320e-01 2.784313857555389404e-01
8.196078538894653320e-01 2.784313857555389404e-01 4.000000059604644775e-01 2.784313857555389404e-01
4.000000059604644775e-01 2.784313857555389404e-01 4.000000059604644775e-01 3.882353007793426514e-01
4.000000059604644775e-01 3.882353007793426514e-01 4.000000059604644775e-01 5.019608139991760254e-01
4.000000059604644775e-01 5.019608139991760254e-01 4.000000059604644775e-01 5.019608139991760254e-01
8.196078538894653320e-01 5.019608139991760254e-01 6.549019813537597656e-01 5.019608139991760254e-01
6.549019813537597656e-01 5.019608139991760254e-01 6.549019813537597656e-01 5.647059082984924316e-01
6.549019813537597656e-01 5.647059082984924316e-01 8.196078538894653320e-01 5.647059082984924316e-01
8.196078538894653320e-01 5.647059082984924316e-01 8.196078538894653320e-01 5.019608139991760254e-01
8.196078538894653320e-01 5.019608139991760254e-01 8.196078538894653320e-01 5.019608139991760254e-01
