8.392156958580017090e-01 2.862745225429534912e-01 7.058823704719543457e-01 2.862745225429534912e-01
7.058823704719543457e-01 2.862745225429534912e-01 7.058823704719543457e-01 4.117647111415863037e-01
7.058823704719543457e-01 4.117647111415863037e-01 8.392156958580017090e-01 4.117647111415863037e-01
8.392156958580017090e-01 4.117647111415863037e-01 8.392156958580017090e-01 2.862745225429534912e-01
8.392156958580017090e-01 2.862745225429534912e-01 8.392156958580017090e-01 2.862745225429534912e-01
5.058823823928833008e-01 4.313725531101226807e-01 3.960784375667572021e-01 4.313725531101226807e-01
3.960784375667572021e-01 4.313725531101226807e-01 3.960784375667572021e-01 4.980392158031463623e-01
3.960784375667572021e-01 4.980392158031463623e-01 5.058823823928833008e-01 4.980392158031463623e-01
5.058823823928833008e-01 4.980392158031463623e-01 5.058823823928833008e-01 4.313725531101226807e-01
5.058823823928833008e-01 4.313725531101226807e-01 5.058823823928833008e-01 4.313725531101226807e-01
5.058823823928833008e-01 2.862745225429534912e-01 3.960784375667572021e-01 2.862745225429534912e-01
3.960784375667572021e-01 2.862745225429534912e-01 3.960784375667572021e-01 4.313725531101226807e-01
3.960784375667572021e-01 4.313725531101226807e-01 5.058823823928833008e-01 4.313725531101226807e-01
5.058823823928833008e-01 4.313725531101226807e-01 5.058823823928833008e-01 2.862745225429534912e-01
5.058823823928833008e-01 2.862745225429534912e-01 5.058823823928833008e-01 2.862745225429534912e-01
1.607843190431594849e-01 2.862745225429534912e-01 3.960784375667572021e-01 2.862745225429534912e-01
3.960784375667572021e-01 2.862745225429534912e-01 3.960784375667572021e-01 2.000000029802322388e-01
3.960784375667572021e-01 2.000000029802322388e-01 1.607843190431594849e-01 2.000000029802322388e-01
1.607843190431594849e-01 2.000000029802322388e-01 1.607843190431594849e-01 2.862745225429534912e-01
1.607843190431594849e-01 2.862745225429534912e-01 1.607843190431594849e-01 2.862745225429534912e-01
8.392156958580017090e-01 7.215686440467834473e-01 8.392156958580017090e-01 4.980392158031463623e-01
8.392156958580017090e-01 4.980392158031463623e-01 7.058823704719543457e-01 4.980392158031463623e-01
7.058823704719543457e-01 4.980392158031463623e-01 6.392157077789306641e-01 4.980392158031463623e-01
6.392157077789306641e-01 4.980392158031463623e-01 6.392157077789306641e-01 5.764706134796142578e-01
6.392157077789306641e-01 5.764706134796142578e-01 6.392157077789306641e-01 7.215686440467834473e-01
6.392157077789306641e-01 7.215686440467834473e-01 8.392156958580017090e-01 7.215686440467834473e-01
8.392156958580017090e-01 7.215686440467834473e-01 8.392156958580017090e-01 7.215686440467834473e-01
6.392157077789306641e-01 2.862745225429534912e-01 5.058823823928833008e-01 2.862745225429534912e-01
5.058823823928833008e-01 2.862745225429534912e-01 5.058823823928833008e-01 4.313725531101226807e-01
5.058823823928833008e-01 4.313725531101226807e-01 5.058823823928833008e-01 4.980392158031463623e-01
5.058823823928833008e-01 4.980392158031463623e-01 6.392157077789306641e-01 4.980392158031463623e-01
6.392157077789306641e-01 4.980392158031463623e-01 7.058823704719543457e-01 4.980392158031463623e-01
7.058823704719543457e-01 4.980392158031463623e-01 7.058823704719543457e-01 4.117647111415863037e-01
7.058823704719543457e-01 4.117647111415863037e-01 7.058823704719543457e-01 2.862745225429534912e-01
7.058823704719543457e-01 2.862745225429534912e-01 6.392157077789306641e-01 2.862745225429534912e-01
6.392157077789306641e-01 2.862745225429534912e-01 6.392157077789306641e-01 2.862745225429534912e-01
3.960784375667572021e-01 2.862745225429534912e-01 1.607843190431594849e-01 2.862745225429534912e-01
1.607843190431594849e-01 2.862745225429534912e-01 1.607843190431594849e-01 7.568627595901489258e-01
1.607843190431594849e-01 7.568627595901489258e-01 3.960784375667572021e-01 7.568627595901489258e-01
3.960784375667572021e-01 7.568627595901489258e-01 3.960784375667572021e-01 5.764706134796142578e-01
3.960784375667572021e-01 5.764706134796142578e-01 4.862745106220245361e-01 5.764706134796142578e-01
4.862745106220245361e-01 5.764706134796142578e-01 6.392157077789306641e-01 5.764706134796142578e-01
6.392157077789306641e-01 5.764706134796142578e-01 6.392157077789306641e-01 4.980392158031463623e-01
6.392157077789306641e-01 4.980392158031463623e-01 5.058823823928833008e-01 4.980392158031463623e-01
5.058823823928833008e-01 4.980392158031463623e-01 3.960784375667572021e-01 4.980392158031463623e-01
3.960784375667572021e-01 4.980392158031463623e-01 3.960784375667572021e-01 4.313725531101226807e-01
3.960784375667572021e-01 4.313725531101226807e-01 3.960784375667572021e-01 2.862745225429534912e-01
3.960784375667572021e-01 2.862745225429534912e-01 3.960784375667572021e-01 2.862745225429534912e-01
3.960784375667572021e-01 7.568627595901489258e-01 4.862745106220245361e-01 7.568627595901489258e-01
4.862745106220245361e-01 7.568627595901489258e-01 4.862745106220245361e-01 5.764706134796142578e-01
4.862745106220245361e-01 5.764706134796142578e-01 3.960784375667572021e-01 5.764706134796142578e-01
3.960784375667572021e-01 5.764706134796142578e-01 3.960784375667572021e-01 7.568627595901489258e-01
3.960784375667572021e-01 7.568627595901489258e-01 3.960784375667572021e-01 7.568627595901489258e-01
8.392156958580017090e-01 7.568627595901489258e-01 8.392156958580017090e-01 7.215686440467834473e-01
8.392156958580017090e-01 7.215686440467834473e-01 6.392157077789306641e-01 7.215686440467834473e-01
6.392157077789306641e-01 7.215686440467834473e-01 6.392157077789306641e-01 7.568627595901489258e-01
6.392157077789306641e-01 7.568627595901489258e-01 6.392157077789306641e-01 8.000000119209289551e-01
6.392157077789306641e-01 8.000000119209289551e-01 8.392156958580017090e-01 8.000000119209289551e-01
8.392156958580017090e-01 8.000000119209289551e-01 8.392156958580017090e-01 7.568627595901489258e-01
8.392156958580017090e-01 7.568627595901489258e-01 8.392156958580017090e-01 7.568627595901489258e-01
8.392156958580017090e-01 4.117647111415863037e-01 7.058823704719543457e-01 4.117647111415863037e-01
7.058823704719543457e-01 4.117647111415863037e-01 7.058823704719543457e-01 4.980392158031463623e-01
7.058823704719543457e-01 4.980392158031463623e-01 8.392156958580017090e-01 4.980392158031463623e-01
8.392156958580017090e-01 4.980392158031463623e-01 8.392156958580017090e-01 4.117647111415863037e-01
8.392156958580017090e-01 4.117647111415863037e-01 8.392156958580017090e-01 4.117647111415863037e-01
4.862745106220245361e-01 7.568627595901489258e-01 6.392157077789306641e-01 7.568627595901489258e-01
6.392157077789306641e-01 7.568627595901489258e-01 6.392157077789306641e-01 7.215686440467834473e-01
6.392157077789306641e-01 7.215686440467834473e-01 6.392157077789306641e-01 5.764706134796142578e-01
6.392157077789306641e-01 5.764706134796142578e-01 4.862745106220245361e-01 5.764706134796142578e-01
4.862745106220245361e-01 5.764706134796142578e-01 4.862745106220245361e-01 7.568627595901489258e-01
4.862745106220245361e-01 7.568627595901489258e-01 4.862745106220245361e-01 7.568627595901489258e-01
