2.588235437870025635e-01 4.588235318660736084e-01 2.039215713739395142e-01 4.588235318660736084e-01
2.039215713739395142e-01 4.588235318660736084e-01 2.039215713739395142e-01 5.764706134796142578e-01
2.039215713739395142e-01 5.764706134796142578e-01 3.529411852359771729e-01 5.764706134796142578e-01
3.529411852359771729e-01 5.764706134796142578e-01 3.529411852359771729e-01 4.588235318660736084e-01
3.529411852359771729e-01 4.588235318660736084e-01 2.588235437870025635e-01 4.588235318660736084e-01
2.588235437870025635e-01 4.588235318660736084e-01 2.588235437870025635e-01 4.588235318660736084e-01
2.588235437870025635e-01 4.588235318660736084e-01 3.529411852359771729e-01 4.588235318660736084e-01
3.529411852359771729e-01 4.588235318660736084e-01 3.529411852359771729e-01 3.529411852359771729e-01
3.529411852359771729e-01 3.529411852359771729e-01 3.529411852359771729e-01 3.137255012989044189e-01
3.529411852359771729e-01 3.137255012989044189e-01 2.588235437870025635e-01 3.137255012989044189e-01
2.588235437870025635e-01 3.137255012989044189e-01 2.588235437870025635e-01 3.529411852359771729e-01
2.588235437870025635e-01 3.529411852359771729e-01 2.588235437870025635e-01 4.588235318660736084e-01
2.588235437870025635e-01 4.588235318660736084e-01 2.588235437870025635e-01 4.588235318660736084e-01
4.196078479290008545e-01 2.313725501298904419e-01 5.764706134796142578e-01 2.313725501298904419e-01
5.764706134796142578e-01 2.313725501298904419e-01 5.764706134796142578e-01 1.137254908680915833e-01
5.764706134796142578e-01 1.137254908680915833e-01 4.196078479290008545e-01 1.137254908680915833e-01
4.196078479290008545e-01 1.137254908680915833e-01 4.196078479290008545e-01 2.313725501298904419e-01
4.196078479290008545e-01 2.313725501298904419e-01 4.196078479290008545e-01 2.313725501298904419e-01
4.431372582912445068e-01 4.588235318660736084e-01 3.529411852359771729e-01 4.588235318660736084e-01
3.529411852359771729e-01 4.588235318660736084e-01 3.529411852359771729e-01 5.764706134796142578e-01
3.529411852359771729e-01 5.764706134796142578e-01 2.039215713739395142e-01 5.764706134796142578e-01
2.039215713739395142e-01 5.764706134796142578e-01 2.039215713739395142e-01 8.392156958580017090e-01
2.039215713739395142e-01 8.392156958580017090e-01 4.039215743541717529e-01 8.392156958580017090e-01
4.039215743541717529e-01 8.392156958580017090e-01 4.039215743541717529e-01 8.000000119209289551e-01
4.039215743541717529e-01 8.000000119209289551e-01 4.431372582912445068e-01 8.000000119209289551e-01
4.431372582912445068e-01 8.000000119209289551e-01 4.431372582912445068e-01 4.588235318660736084e-01
4.431372582912445068e-01 4.588235318660736084e-01 4.431372582912445068e-01 4.588235318660736084e-01
6.196078658103942871e-01 5.803921818733215332e-01 6.196078658103942871e-01 8.000000119209289551e-01
6.196078658103942871e-01 8.000000119209289551e-01 6.196078658103942871e-01 8.392156958580017090e-01
6.196078658103942871e-01 8.392156958580017090e-01 7.960784435272216797e-01 8.392156958580017090e-01
7.960784435272216797e-01 8.392156958580017090e-01 7.960784435272216797e-01 5.803921818733215332e-01
7.960784435272216797e-01 5.803921818733215332e-01 6.196078658103942871e-01 5.803921818733215332e-01
6.196078658103942871e-01 5.803921818733215332e-01 6.196078658103942871e-01 5.803921818733215332e-01
3.529411852359771729e-01 3.137255012989044189e-01 3.529411852359771729e-01 3.529411852359771729e-01
3.529411852359771729e-01 3.529411852359771729e-01 4.196078479290008545e-01 3.529411852359771729e-01
4.196078479290008545e-01 3.529411852359771729e-01 4.196078479290008545e-01 2.313725501298904419e-01
4.196078479290008545e-01 2.313725501298904419e-01 4.196078479290008545e-01 1.137254908680915833e-01
4.196078479290008545e-01 1.137254908680915833e-01 2.588235437870025635e-01 1.137254908680915833e-01
2.588235437870025635e-01 1.137254908680915833e-01 2.588235437870025635e-01 3.137255012989044189e-01
2.588235437870025635e-01 3.137255012989044189e-01 3.529411852359771729e-01 3.137255012989044189e-01
3.529411852359771729e-01 3.137255012989044189e-01 3.529411852359771729e-01 3.137255012989044189e-01
3.529411852359771729e-01 4.588235318660736084e-01 4.431372582912445068e-01 4.588235318660736084e-01
4.431372582912445068e-01 4.588235318660736084e-01 4.431372582912445068e-01 8.000000119209289551e-01
4.431372582912445068e-01 8.000000119209289551e-01 6.196078658103942871e-01 8.000000119209289551e-01
6.196078658103942871e-01 8.000000119209289551e-01 6.196078658103942871e-01 5.803921818733215332e-01
6.196078658103942871e-01 5.803921818733215332e-01 6.196078658103942871e-01 3.019607961177825928e-01
6.196078658103942871e-01 3.019607961177825928e-01 5.764706134796142578e-01 3.019607961177825928e-01
5.764706134796142578e-01 3.019607961177825928e-01 5.764706134796142578e-01 2.313725501298904419e-01
5.764706134796142578e-01 2.313725501298904419e-01 4.196078479290008545e-01 2.313725501298904419e-01
4.196078479290008545e-01 2.313725501298904419e-01 4.196078479290008545e-01 3.529411852359771729e-01
4.196078479290008545e-01 3.529411852359771729e-01 3.529411852359771729e-01 3.529411852359771729e-01
3.529411852359771729e-01 3.529411852359771729e-01 3.529411852359771729e-01 4.588235318660736084e-01
3.529411852359771729e-01 4.588235318660736084e-01 3.529411852359771729e-01 4.588235318660736084e-01
4.431372582912445068e-01 8.000000119209289551e-01 4.039215743541717529e-01 8.000000119209289551e-01
4.039215743541717529e-01 8.000000119209289551e-01 4.039215743541717529e-01 8.392156958580017090e-01
4.039215743541717529e-01 8.392156958580017090e-01 4.039215743541717529e-01 8.901960849761962891e-01
4.039215743541717529e-01 8.901960849761962891e-01 6.196078658103942871e-01 8.901960849761962891e-01
6.196078658103942871e-01 8.901960849761962891e-01 6.196078658103942871e-01 8.392156958580017090e-01
6.196078658103942871e-01 8.392156958580017090e-01 6.196078658103942871e-01 8.000000119209289551e-01
6.196078658103942871e-01 8.000000119209289551e-01 4.431372582912445068e-01 8.000000119209289551e-01
4.431372582912445068e-01 8.000000119209289551e-01 4.431372582912445068e-01 8.000000119209289551e-01
6.196078658103942871e-01 3.019607961177825928e-01 7.254902124404907227e-01 3.019607961177825928e-01
7.254902124404907227e-01 3.019607961177825928e-01 7.254902124404907227e-01 1.137254908680915833e-01
7.254902124404907227e-01 1.137254908680915833e-01 5.764706134796142578e-01 1.137254908680915833e-01
5.764706134796142578e-01 1.137254908680915833e-01 5.764706134796142578e-01 2.313725501298904419e-01
5.764706134796142578e-01 2.313725501298904419e-01 5.764706134796142578e-01 3.019607961177825928e-01
5.764706134796142578e-01 3.019607961177825928e-01 6.196078658103942871e-01 3.019607961177825928e-01
6.196078658103942871e-01 3.019607961177825928e-01 6.196078658103942871e-01 3.019607961177825928e-01
