4.235294163227081299e-01 4.235294163227081299e-01 4.235294163227081299e-01 3.764705955982208252e-01
4.235294163227081299e-01 3.764705955982208252e-01 2.196078449487686157e-01 3.764705955982208252e-01
2.196078449487686157e-01 3.764705955982208252e-01 2.196078449487686157e-01 5.137255191802978516e-01
2.196078449487686157e-01 5.137255191802978516e-01 2.823529541492462158e-01 5.137255191802978516e-01
2.823529541492462158e-01 5.137255191802978516e-01 4.235294163227081299e-01 5.137255191802978516e-01
4.235294163227081299e-01 5.137255191802978516e-01 4.235294163227081299e-01 4.235294163227081299e-01
4.235294163227081299e-01 4.235294163227081299e-01 4.235294163227081299e-01 4.235294163227081299e-01
4.901960790157318115e-01 6.941176652908325195e-01 2.823529541492462158e-01 6.941176652908325195e-01
2.823529541492462158e-01 6.941176652908325195e-01 2.823529541492462158e-01 7.686274647712707520e-01
2.823529541492462158e-01 7.686274647712707520e-01 4.901960790157318115e-01 7.686274647712707520e-01
4.901960790157318115e-01 7.686274647712707520e-01 4.901960790157318115e-01 6.941176652908325195e-01
4.901960790157318115e-01 6.941176652908325195e-01 4.901960790157318115e-01 6.941176652908325195e-01
4.901960790157318115e-01 4.235294163227081299e-01 4.235294163227081299e-01 4.235294163227081299e-01
4.235294163227081299e-01 4.235294163227081299e-01 4.235294163227081299e-01 5.137255191802978516e-01
4.235294163227081299e-01 5.137255191802978516e-01 2.823529541492462158e-01 5.137255191802978516e-01
2.823529541492462158e-01 5.137255191802978516e-01 2.823529541492462158e-01 6.941176652908325195e-01
2.823529541492462158e-01 6.941176652908325195e-01 4.901960790157318115e-01 6.941176652908325195e-01
4.901960790157318115e-01 6.941176652908325195e-01 4.901960790157318115e-01 4.235294163227081299e-01
4.901960790157318115e-01 4.235294163227081299e-01 4.901960790157318115e-01 4.235294163227081299e-01
7.058823704719543457e-01 5.098039507865905762e-01 7.843137383460998535e-01 5.098039507865905762e-01
7.843137383460998535e-01 5.098039507865905762e-01 7.843137383460998535e-01 2.352941185235977173e-01
7.843137383460998535e-01 2.352941185235977173e-01 6.274510025978088379e-01 2.352941185235977173e-01
6.274510025978088379e-01 2.352941185235977173e-01 6.274510025978088379e-01 4.235294163227081299e-01
6.274510025978088379e-01 4.235294163227081299e-01 6.274510025978088379e-01 5.098039507865905762e-01
6.274510025978088379e-01 5.098039507865905762e-01 7.058823704719543457e-01 5.098039507865905762e-01
7.058823704719543457e-01 5.098039507865905762e-01 7.058823704719543457e-01 5.098039507865905762e-01
6.274510025978088379e-01 4.235294163227081299e-01 4.901960790157318115e-01 4.235294163227081299e-01
4.901960790157318115e-01 4.235294163227081299e-01 4.901960790157318115e-01 6.941176652908325195e-01
4.901960790157318115e-01 6.941176652908325195e-01 4.901960790157318115e-01 7.686274647712707520e-01
4.901960790157318115e-01 7.686274647712707520e-01 7.058823704719543457e-01 7.686274647712707520e-01
7.058823704719543457e-01 7.686274647712707520e-01 7.058823704719543457e-01 5.098039507865905762e-01
7.058823704719543457e-01 5.098039507865905762e-01 6.274510025978088379e-01 5.098039507865905762e-01
6.274510025978088379e-01 5.098039507865905762e-01 6.274510025978088379e-01 4.235294163227081299e-01
6.274510025978088379e-01 4.235294163227081299e-01 6.274510025978088379e-01 4.235294163227081299e-01
4.235294163227081299e-01 2.352941185235977173e-01 2.196078449487686157e-01 2.352941185235977173e-01
2.196078449487686157e-01 2.352941185235977173e-01 2.196078449487686157e-01 3.764705955982208252e-01
2.196078449487686157e-01 3.764705955982208252e-01 4.235294163227081299e-01 3.764705955982208252e-01
4.235294163227081299e-01 3.764705955982208252e-01 4.235294163227081299e-01 2.352941185235977173e-01
4.235294163227081299e-01 2.352941185235977173e-01 4.235294163227081299e-01 2.352941185235977173e-01
4.235294163227081299e-01 4.235294163227081299e-01 4.901960790157318115e-01 4.235294163227081299e-01
4.901960790157318115e-01 4.235294163227081299e-01 6.274510025978088379e-01 4.235294163227081299e-01
6.274510025978088379e-01 4.235294163227081299e-01 6.274510025978088379e-01 2.352941185235977173e-01
6.274510025978088379e-01 2.352941185235977173e-01 4.235294163227081299e-01 2.352941185235977173e-01
4.235294163227081299e-01 2.352941185235977173e-01 4.235294163227081299e-01 3.764705955982208252e-01
4.235294163227081299e-01 3.764705955982208252e-01 4.235294163227081299e-01 4.235294163227081299e-01
4.235294163227081299e-01 4.235294163227081299e-01 4.235294163227081299e-01 4.235294163227081299e-01
