4.313725531101226807e-01 5.137255191802978516e-01 3.215686380863189697e-01 5.137255191802978516e-01
3.215686380863189697e-01 5.137255191802978516e-01 3.215686380863189697e-01 6.823529601097106934e-01
3.215686380863189697e-01 6.823529601097106934e-01 4.313725531101226807e-01 6.823529601097106934e-01
4.313725531101226807e-01 6.823529601097106934e-01 4.313725531101226807e-01 5.568627715110778809e-01
4.313725531101226807e-01 5.568627715110778809e-01 4.313725531101226807e-01 5.137255191802978516e-01
4.313725531101226807e-01 5.137255191802978516e-01 4.313725531101226807e-01 5.137255191802978516e-01
4.313725531101226807e-01 6.823529601097106934e-01 5.058823823928833008e-01 6.823529601097106934e-01
5.058823823928833008e-01 6.823529601097106934e-01 5.058823823928833008e-01 5.568627715110778809e-01
5.058823823928833008e-01 5.568627715110778809e-01 4.313725531101226807e-01 5.568627715110778809e-01
4.313725531101226807e-01 5.568627715110778809e-01 4.313725531101226807e-01 6.823529601097106934e-01
4.313725531101226807e-01 6.823529601097106934e-01 4.313725531101226807e-01 6.823529601097106934e-01
2.039215713739395142e-01 5.137255191802978516e-01 3.215686380863189697e-01 5.137255191802978516e-01
3.215686380863189697e-01 5.137255191802978516e-01 4.313725531101226807e-01 5.137255191802978516e-01
4.313725531101226807e-01 5.137255191802978516e-01 4.313725531101226807e-01 3.215686380863189697e-01
4.313725531101226807e-01 3.215686380863189697e-01 2.039215713739395142e-01 3.215686380863189697e-01
2.039215713739395142e-01 3.215686380863189697e-01 2.039215713739395142e-01 5.137255191802978516e-01
2.039215713739395142e-01 5.137255191802978516e-01 2.039215713739395142e-01 5.137255191802978516e-01
8.000000119209289551e-01 3.215686380863189697e-01 6.470588445663452148e-01 3.215686380863189697e-01
6.470588445663452148e-01 3.215686380863189697e-01 6.470588445663452148e-01 4.823529422283172607e-01
6.470588445663452148e-01 4.823529422283172607e-01 8.000000119209289551e-01 4.823529422283172607e-01
8.000000119209289551e-01 4.823529422283172607e-01 8.000000119209289551e-01 3.215686380863189697e-01
8.000000119209289551e-01 3.215686380863189697e-01 8.000000119209289551e-01 3.215686380863189697e-01
5.058823823928833008e-01 6.823529601097106934e-01 8.000000119209289551e-01 6.823529601097106934e-01
8.000000119209289551e-01 6.823529601097106934e-01 8.000000119209289551e-01 4.823529422283172607e-01
8.000000119209289551e-01 4.823529422283172607e-01 6.470588445663452148e-01 4.823529422283172607e-01
6.470588445663452148e-01 4.823529422283172607e-01 6.470588445663452148e-01 3.215686380863189697e-01
6.470588445663452148e-01 3.215686380863189697e-01 4.313725531101226807e-01 3.215686380863189697e-01
4.313725531101226807e-01 3.215686380863189697e-01 4.313725531101226807e-01 5.137255191802978516e-01
4.313725531101226807e-01 5.137255191802978516e-01 4.313725531101226807e-01 5.568627715110778809e-01
4.313725531101226807e-01 5.568627715110778809e-01 5.058823823928833008e-01 5.568627715110778809e-01
5.058823823928833008e-01 5.568627715110778809e-01 5.058823823928833008e-01 6.823529601097106934e-01
5.058823823928833008e-01 6.823529601097106934e-01 5.058823823928833008e-01 6.823529601097106934e-01
3.215686380863189697e-01 5.137255191802978516e-01 2.039215713739395142e-01 5.137255191802978516e-01
2.039215713739395142e-01 5.137255191802978516e-01 2.039215713739395142e-01 6.823529601097106934e-01
2.039215713739395142e-01 6.823529601097106934e-01 3.215686380863189697e-01 6.823529601097106934e-01
3.215686380863189697e-01 6.823529601097106934e-01 3.215686380863189697e-01 5.137255191802978516e-01
3.215686380863189697e-01 5.137255191802978516e-01 3.215686380863189697e-01 5.137255191802978516e-01
