4.588235318660736084e-01 3.294117748737335205e-01 4.039215743541717529e-01 3.294117748737335205e-01
4.039215743541717529e-01 3.294117748737335205e-01 4.039215743541717529e-01 4.274509847164154053e-01
4.039215743541717529e-01 4.274509847164154053e-01 4.588235318660736084e-01 4.274509847164154053e-01
4.588235318660736084e-01 4.274509847164154053e-01 5.686274766921997070e-01 4.274509847164154053e-01
5.686274766921997070e-01 4.274509847164154053e-01 5.686274766921997070e-01 3.294117748737335205e-01
5.686274766921997070e-01 3.294117748737335205e-01 4.588235318660736084e-01 3.294117748737335205e-01
4.588235318660736084e-01 3.294117748737335205e-01 4.588235318660736084e-01 3.294117748737335205e-01
4.039215743541717529e-01 3.294117748737335205e-01 1.764705926179885864e-01 3.294117748737335205e-01
1.764705926179885864e-01 3.294117748737335205e-01 1.764705926179885864e-01 4.862745106220245361e-01
1.764705926179885864e-01 4.862745106220245361e-01 4.588235318660736084e-01 4.862745106220245361e-01
4.588235318660736084e-01 4.862745106220245361e-01 4.588235318660736084e-01 4.274509847164154053e-01
4.588235318660736084e-01 4.274509847164154053e-01 4.039215743541717529e-01 4.274509847164154053e-01
4.039215743541717529e-01 4.274509847164154053e-01 4.039215743541717529e-01 3.294117748737335205e-01
4.039215743541717529e-01 3.294117748737335205e-01 4.039215743541717529e-01 3.294117748737335205e-01
7.333333492279052734e-01 3.294117748737335205e-01 5.686274766921997070e-01 3.294117748737335205e-01
5.686274766921997070e-01 3.294117748737335205e-01 5.686274766921997070e-01 4.274509847164154053e-01
5.686274766921997070e-01 4.274509847164154053e-01 5.686274766921997070e-01 4.901960790157318115e-01
5.686274766921997070e-01 4.901960790157318115e-01 7.333333492279052734e-01 4.901960790157318115e-01
7.333333492279052734e-01 4.901960790157318115e-01 7.333333492279052734e-01 4.274509847164154053e-01
7.333333492279052734e-01 4.274509847164154053e-01 7.333333492279052734e-01 3.294117748737335205e-01
7.333333492279052734e-01 3.294117748737335205e-01 7.333333492279052734e-01 3.294117748737335205e-01
5.686274766921997070e-01 4.274509847164154053e-01 4.588235318660736084e-01 4.274509847164154053e-01
4.588235318660736084e-01 4.274509847164154053e-01 4.588235318660736084e-01 4.862745106220245361e-01
4.588235318660736084e-01 4.862745106220245361e-01 4.588235318660736084e-01 6.745098233222961426e-01
4.588235318660736084e-01 6.745098233222961426e-01 7.333333492279052734e-01 6.745098233222961426e-01
7.333333492279052734e-01 6.745098233222961426e-01 7.333333492279052734e-01 4.901960790157318115e-01
7.333333492279052734e-01 4.901960790157318115e-01 5.686274766921997070e-01 4.901960790157318115e-01
5.686274766921997070e-01 4.901960790157318115e-01 5.686274766921997070e-01 4.274509847164154053e-01
5.686274766921997070e-01 4.274509847164154053e-01 5.686274766921997070e-01 4.274509847164154053e-01
8.274509906768798828e-01 4.901960790157318115e-01 7.333333492279052734e-01 4.901960790157318115e-01
7.333333492279052734e-01 4.901960790157318115e-01 7.333333492279052734e-01 6.745098233222961426e-01
7.333333492279052734e-01 6.745098233222961426e-01 8.274509906768798828e-01 6.745098233222961426e-01
8.274509906768798828e-01 6.745098233222961426e-01 8.274509906768798828e-01 4.901960790157318115e-01
8.274509906768798828e-01 4.901960790157318115e-01 8.274509906768798828e-01 4.901960790157318115e-01
