7.372549176216125488e-01 4.352941215038299561e-01 6.745098233222961426e-01 4.352941215038299561e-01
6.745098233222961426e-01 4.352941215038299561e-01 6.745098233222961426e-01 4.745098054409027100e-01
6.745098233222961426e-01 4.745098054409027100e-01 6.745098233222961426e-01 5.960784554481506348e-01
6.745098233222961426e-01 5.960784554481506348e-01 7.803921699523925781e-01 5.960784554481506348e-01
7.803921699523925781e-01 5.960784554481506348e-01 7.803921699523925781e-01 4.352941215038299561e-01
7.803921699523925781e-01 4.352941215038299561e-01 7.372549176216125488e-01 4.352941215038299561e-01
7.372549176216125488e-01 4.352941215038299561e-01 7.372549176216125488e-01 4.352941215038299561e-01
3.921568691730499268e-01 2.274509817361831665e-01 5.725490450859069824e-01 2.274509817361831665e-01
5.725490450859069824e-01 2.274509817361831665e-01 5.725490450859069824e-01 1.333333402872085571e-01
5.725490450859069824e-01 1.333333402872085571e-01 3.921568691730499268e-01 1.333333402872085571e-01
3.921568691730499268e-01 1.333333402872085571e-01 3.921568691730499268e-01 2.274509817361831665e-01
3.921568691730499268e-01 2.274509817361831665e-01 3.921568691730499268e-01 2.274509817361831665e-01
6.745098233222961426e-01 4.352941215038299561e-01 7.372549176216125488e-01 4.352941215038299561e-01
7.372549176216125488e-01 4.352941215038299561e-01 7.372549176216125488e-01 2.274509817361831665e-01
7.372549176216125488e-01 2.274509817361831665e-01 6.745098233222961426e-01 2.274509817361831665e-01
6.745098233222961426e-01 2.274509817361831665e-01 5.725490450859069824e-01 2.274509817361831665e-01
5.725490450859069824e-01 2.274509817361831665e-01 5.725490450859069824e-01 4.745098054409027100e-01
5.725490450859069824e-01 4.745098054409027100e-01 6.745098233222961426e-01 4.745098054409027100e-01
6.745098233222961426e-01 4.745098054409027100e-01 6.745098233222961426e-01 4.352941215038299561e-01
6.745098233222961426e-01 4.352941215038299561e-01 6.745098233222961426e-01 4.352941215038299561e-01
6.745098233222961426e-01 5.960784554481506348e-01 5.098039507865905762e-01 5.960784554481506348e-01
5.098039507865905762e-01 5.960784554481506348e-01 5.098039507865905762e-01 6.666666865348815918e-01
5.098039507865905762e-01 6.666666865348815918e-01 5.098039507865905762e-01 7.960784435272216797e-01
5.098039507865905762e-01 7.960784435272216797e-01 6.745098233222961426e-01 7.960784435272216797e-01
6.745098233222961426e-01 7.960784435272216797e-01 6.745098233222961426e-01 6.666666865348815918e-01
6.745098233222961426e-01 6.666666865348815918e-01 6.745098233222961426e-01 5.960784554481506348e-01
6.745098233222961426e-01 5.960784554481506348e-01 6.745098233222961426e-01 5.960784554481506348e-01
5.098039507865905762e-01 5.960784554481506348e-01 6.745098233222961426e-01 5.960784554481506348e-01
6.745098233222961426e-01 5.960784554481506348e-01 6.745098233222961426e-01 4.745098054409027100e-01
6.745098233222961426e-01 4.745098054409027100e-01 5.725490450859069824e-01 4.745098054409027100e-01
5.725490450859069824e-01 4.745098054409027100e-01 5.725490450859069824e-01 2.274509817361831665e-01
5.725490450859069824e-01 2.274509817361831665e-01 3.921568691730499268e-01 2.274509817361831665e-01
3.921568691730499268e-01 2.274509817361831665e-01 2.196078449487686157e-01 2.274509817361831665e-01
2.196078449487686157e-01 2.274509817361831665e-01 2.196078449487686157e-01 5.568627715110778809e-01
2.196078449487686157e-01 5.568627715110778809e-01 3.686274588108062744e-01 5.568627715110778809e-01
3.686274588108062744e-01 5.568627715110778809e-01 3.686274588108062744e-01 6.666666865348815918e-01
3.686274588108062744e-01 6.666666865348815918e-01 5.098039507865905762e-01 6.666666865348815918e-01
5.098039507865905762e-01 6.666666865348815918e-01 5.098039507865905762e-01 5.960784554481506348e-01
5.098039507865905762e-01 5.960784554481506348e-01 5.098039507865905762e-01 5.960784554481506348e-01
5.098039507865905762e-01 6.666666865348815918e-01 3.686274588108062744e-01 6.666666865348815918e-01
3.686274588108062744e-01 6.666666865348815918e-01 3.686274588108062744e-01 7.607843279838562012e-01
3.686274588108062744e-01 7.607843279838562012e-01 3.686274588108062744e-01 7.960784435272216797e-01
3.686274588108062744e-01 7.960784435272216797e-01 5.098039507865905762e-01 7.960784435272216797e-01
5.098039507865905762e-01 7.960784435272216797e-01 5.098039507865905762e-01 6.666666865348815918e-01
5.098039507865905762e-01 6.666666865348815918e-01 5.098039507865905762e-01 6.666666865348815918e-01
3.686274588108062744e-01 7.960784435272216797e-01 3.686274588108062744e-01 8.666666746139526367e-01
3.686274588108062744e-01 8.666666746139526367e-01 5.098039507865905762e-01 8.666666746139526367e-01
5.098039507865905762e-01 8.666666746139526367e-01 5.098039507865905762e-01 7.960784435272216797e-01
5.098039507865905762e-01 7.960784435272216797e-01 3.686274588108062744e-01 7.960784435272216797e-01
3.686274588108062744e-01 7.960784435272216797e-01 3.686274588108062744e-01 7.960784435272216797e-01
3.686274588108062744e-01 6.666666865348815918e-01 3.686274588108062744e-01 5.568627715110778809e-01
3.686274588108062744e-01 5.568627715110778809e-01 2.196078449487686157e-01 5.568627715110778809e-01
2.196078449487686157e-01 5.568627715110778809e-01 2.196078449487686157e-01 6.666666865348815918e-01
2.196078449487686157e-01 6.666666865348815918e-01 2.196078449487686157e-01 7.607843279838562012e-01
2.196078449487686157e-01 7.607843279838562012e-01 3.686274588108062744e-01 7.607843279838562012e-01
3.686274588108062744e-01 7.607843279838562012e-01 3.686274588108062744e-01 6.666666865348815918e-01
3.686274588108062744e-01 6.666666865348815918e-01 3.686274588108062744e-01 6.666666865348815918e-01
