8.313725590705871582e-01 3.647058904170989990e-01 6.784313917160034180e-01 3.647058904170989990e-01
6.784313917160034180e-01 3.647058904170989990e-01 6.784313917160034180e-01 4.941176474094390869e-01
6.784313917160034180e-01 4.941176474094390869e-01 8.313725590705871582e-01 4.941176474094390869e-01
8.313725590705871582e-01 4.941176474094390869e-01 8.313725590705871582e-01 3.647058904170989990e-01
8.313725590705871582e-01 3.647058904170989990e-01 8.313725590705871582e-01 3.647058904170989990e-01
8.313725590705871582e-01 4.941176474094390869e-01 6.784313917160034180e-01 4.941176474094390869e-01
6.784313917160034180e-01 4.941176474094390869e-01 6.784313917160034180e-01 5.686274766921997070e-01
6.784313917160034180e-01 5.686274766921997070e-01 8.313725590705871582e-01 5.686274766921997070e-01
8.313725590705871582e-01 5.686274766921997070e-01 8.313725590705871582e-01 4.941176474094390869e-01
8.313725590705871582e-01 4.941176474094390869e-01 8.313725590705871582e-01 4.941176474094390869e-01
3.647058904170989990e-01 2.627451121807098389e-01 6.156862974166870117e-01 2.627451121807098389e-01
6.156862974166870117e-01 2.627451121807098389e-01 6.156862974166870117e-01 1.529411822557449341e-01
6.156862974166870117e-01 1.529411822557449341e-01 3.647058904170989990e-01 1.529411822557449341e-01
3.647058904170989990e-01 1.529411822557449341e-01 3.647058904170989990e-01 2.627451121807098389e-01
3.647058904170989990e-01 2.627451121807098389e-01 3.647058904170989990e-01 2.627451121807098389e-01
6.784313917160034180e-01 4.941176474094390869e-01 6.156862974166870117e-01 4.941176474094390869e-01
6.156862974166870117e-01 4.941176474094390869e-01 6.156862974166870117e-01 7.490196228027343750e-01
6.156862974166870117e-01 7.490196228027343750e-01 6.156862974166870117e-01 8.156862854957580566e-01
6.156862974166870117e-01 8.156862854957580566e-01 8.313725590705871582e-01 8.156862854957580566e-01
8.313725590705871582e-01 8.156862854957580566e-01 8.313725590705871582e-01 5.686274766921997070e-01
8.313725590705871582e-01 5.686274766921997070e-01 6.784313917160034180e-01 5.686274766921997070e-01
6.784313917160034180e-01 5.686274766921997070e-01 6.784313917160034180e-01 4.941176474094390869e-01
6.784313917160034180e-01 4.941176474094390869e-01 6.784313917160034180e-01 4.941176474094390869e-01
1.725490242242813110e-01 7.490196228027343750e-01 3.058823645114898682e-01 7.490196228027343750e-01
3.058823645114898682e-01 7.490196228027343750e-01 3.607843220233917236e-01 7.490196228027343750e-01
3.607843220233917236e-01 7.490196228027343750e-01 3.607843220233917236e-01 4.941176474094390869e-01
3.607843220233917236e-01 4.941176474094390869e-01 3.058823645114898682e-01 4.941176474094390869e-01
3.058823645114898682e-01 4.941176474094390869e-01 1.725490242242813110e-01 4.941176474094390869e-01
1.725490242242813110e-01 4.941176474094390869e-01 1.725490242242813110e-01 7.490196228027343750e-01
1.725490242242813110e-01 7.490196228027343750e-01 1.725490242242813110e-01 7.490196228027343750e-01
6.784313917160034180e-01 3.647058904170989990e-01 6.156862974166870117e-01 3.647058904170989990e-01
6.156862974166870117e-01 3.647058904170989990e-01 6.156862974166870117e-01 2.627451121807098389e-01
6.156862974166870117e-01 2.627451121807098389e-01 3.647058904170989990e-01 2.627451121807098389e-01
3.647058904170989990e-01 2.627451121807098389e-01 3.058823645114898682e-01 2.627451121807098389e-01
3.058823645114898682e-01 2.627451121807098389e-01 3.058823645114898682e-01 4.941176474094390869e-01
3.058823645114898682e-01 4.941176474094390869e-01 3.607843220233917236e-01 4.941176474094390869e-01
3.607843220233917236e-01 4.941176474094390869e-01 3.607843220233917236e-01 7.490196228027343750e-01
3.607843220233917236e-01 7.490196228027343750e-01 6.156862974166870117e-01 7.490196228027343750e-01
6.156862974166870117e-01 7.490196228027343750e-01 6.156862974166870117e-01 4.941176474094390869e-01
6.156862974166870117e-01 4.941176474094390869e-01 6.784313917160034180e-01 4.941176474094390869e-01
6.784313917160034180e-01 4.941176474094390869e-01 6.784313917160034180e-01 3.647058904170989990e-01
6.784313917160034180e-01 3.647058904170989990e-01 6.784313917160034180e-01 3.647058904170989990e-01
6.156862974166870117e-01 7.490196228027343750e-01 3.607843220233917236e-01 7.490196228027343750e-01
3.607843220233917236e-01 7.490196228027343750e-01 3.607843220233917236e-01 8.509804010391235352e-01
3.607843220233917236e-01 8.509804010391235352e-01 6.156862974166870117e-01 8.509804010391235352e-01
6.156862974166870117e-01 8.509804010391235352e-01 6.156862974166870117e-01 8.156862854957580566e-01
6.156862974166870117e-01 8.156862854957580566e-01 6.156862974166870117e-01 7.490196228027343750e-01
6.156862974166870117e-01 7.490196228027343750e-01 6.156862974166870117e-01 7.490196228027343750e-01
6.156862974166870117e-01 3.647058904170989990e-01 6.784313917160034180e-01 3.647058904170989990e-01
6.784313917160034180e-01 3.647058904170989990e-01 8.313725590705871582e-01 3.647058904170989990e-01
8.313725590705871582e-01 3.647058904170989990e-01 8.313725590705871582e-01 1.529411822557449341e-01
8.313725590705871582e-01 1.529411822557449341e-01 6.156862974166870117e-01 1.529411822557449341e-01
6.156862974166870117e-01 1.529411822557449341e-01 6.156862974166870117e-01 2.627451121807098389e-01
6.156862974166870117e-01 2.627451121807098389e-01 6.156862974166870117e-01 3.647058904170989990e-01
6.156862974166870117e-01 3.647058904170989990e-01 6.156862974166870117e-01 3.647058904170989990e-01
