5.764706134796142578e-01 3.176470696926116943e-01 5.019608139991760254e-01 3.176470696926116943e-01
5.019608139991760254e-01 3.176470696926116943e-01 5.019608139991760254e-01 4.313725531101226807e-01
5.019608139991760254e-01 4.313725531101226807e-01 5.764706134796142578e-01 4.313725531101226807e-01
5.764706134796142578e-01 4.313725531101226807e-01 5.764706134796142578e-01 3.176470696926116943e-01
5.764706134796142578e-01 3.176470696926116943e-01 5.764706134796142578e-01 3.176470696926116943e-01
5.019608139991760254e-01 3.176470696926116943e-01 4.078431427478790283e-01 3.176470696926116943e-01
4.078431427478790283e-01 3.176470696926116943e-01 4.078431427478790283e-01 4.313725531101226807e-01
4.078431427478790283e-01 4.313725531101226807e-01 4.078431427478790283e-01 4.941176474094390869e-01
4.078431427478790283e-01 4.941176474094390869e-01 5.019608139991760254e-01 4.941176474094390869e-01
5.019608139991760254e-01 4.941176474094390869e-01 5.019608139991760254e-01 4.313725531101226807e-01
5.019608139991760254e-01 4.313725531101226807e-01 5.019608139991760254e-01 3.176470696926116943e-01
5.019608139991760254e-01 3.176470696926116943e-01 5.019608139991760254e-01 3.176470696926116943e-01
4.078431427478790283e-01 3.176470696926116943e-01 1.764705926179885864e-01 3.176470696926116943e-01
1.764705926179885864e-01 3.176470696926116943e-01 1.764705926179885864e-01 4.941176474094390869e-01
1.764705926179885864e-01 4.941176474094390869e-01 2.823529541492462158e-01 4.941176474094390869e-01
2.823529541492462158e-01 4.941176474094390869e-01 4.078431427478790283e-01 4.941176474094390869e-01
4.078431427478790283e-01 4.941176474094390869e-01 4.078431427478790283e-01 4.313725531101226807e-01
4.078431427478790283e-01 4.313725531101226807e-01 4.078431427478790283e-01 3.176470696926116943e-01
4.078431427478790283e-01 3.176470696926116943e-01 4.078431427478790283e-01 3.176470696926116943e-01
5.764706134796142578e-01 4.313725531101226807e-01 5.019608139991760254e-01 4.313725531101226807e-01
5.019608139991760254e-01 4.313725531101226807e-01 5.019608139991760254e-01 4.941176474094390869e-01
5.019608139991760254e-01 4.941176474094390869e-01 4.078431427478790283e-01 4.941176474094390869e-01
4.078431427478790283e-01 4.941176474094390869e-01 2.823529541492462158e-01 4.941176474094390869e-01
2.823529541492462158e-01 4.941176474094390869e-01 2.823529541492462158e-01 6.823529601097106934e-01
2.823529541492462158e-01 6.823529601097106934e-01 5.764706134796142578e-01 6.823529601097106934e-01
5.764706134796142578e-01 6.823529601097106934e-01 5.764706134796142578e-01 4.862745106220245361e-01
5.764706134796142578e-01 4.862745106220245361e-01 5.764706134796142578e-01 4.313725531101226807e-01
5.764706134796142578e-01 4.313725531101226807e-01 5.764706134796142578e-01 4.313725531101226807e-01
8.235294222831726074e-01 3.176470696926116943e-01 5.764706134796142578e-01 3.176470696926116943e-01
5.764706134796142578e-01 3.176470696926116943e-01 5.764706134796142578e-01 4.313725531101226807e-01
5.764706134796142578e-01 4.313725531101226807e-01 5.764706134796142578e-01 4.862745106220245361e-01
5.764706134796142578e-01 4.862745106220245361e-01 8.235294222831726074e-01 4.862745106220245361e-01
8.235294222831726074e-01 4.862745106220245361e-01 8.235294222831726074e-01 3.176470696926116943e-01
8.235294222831726074e-01 3.176470696926116943e-01 8.235294222831726074e-01 3.176470696926116943e-01
