5.254902243614196777e-01 2.549019753932952881e-01 4.000000059604644775e-01 2.549019753932952881e-01
4.000000059604644775e-01 2.549019753932952881e-01 4.000000059604644775e-01 3.490196168422698975e-01
4.000000059604644775e-01 3.490196168422698975e-01 4.000000059604644775e-01 4.196078479290008545e-01
4.000000059604644775e-01 4.196078479290008545e-01 5.254902243614196777e-01 4.196078479290008545e-01
5.254902243614196777e-01 4.196078479290008545e-01 5.254902243614196777e-01 3.490196168422698975e-01
5.254902243614196777e-01 3.490196168422698975e-01 5.254902243614196777e-01 2.549019753932952881e-01
5.254902243614196777e-01 2.549019753932952881e-01 5.254902243614196777e-01 2.549019753932952881e-01
2.509804069995880127e-01 4.196078479290008545e-01 4.000000059604644775e-01 4.196078479290008545e-01
4.000000059604644775e-01 4.196078479290008545e-01 4.000000059604644775e-01 3.490196168422698975e-01
4.000000059604644775e-01 3.490196168422698975e-01 4.000000059604644775e-01 2.549019753932952881e-01
4.000000059604644775e-01 2.549019753932952881e-01 1.882352977991104126e-01 2.549019753932952881e-01
1.882352977991104126e-01 2.549019753932952881e-01 1.882352977991104126e-01 4.196078479290008545e-01
1.882352977991104126e-01 4.196078479290008545e-01 2.509804069995880127e-01 4.196078479290008545e-01
2.509804069995880127e-01 4.196078479290008545e-01 2.509804069995880127e-01 4.196078479290008545e-01
8.156862854957580566e-01 4.941176474094390869e-01 6.431372761726379395e-01 4.941176474094390869e-01
6.431372761726379395e-01 4.941176474094390869e-01 6.431372761726379395e-01 6.705882549285888672e-01
6.431372761726379395e-01 6.705882549285888672e-01 6.431372761726379395e-01 7.372549176216125488e-01
6.431372761726379395e-01 7.372549176216125488e-01 8.156862854957580566e-01 7.372549176216125488e-01
8.156862854957580566e-01 7.372549176216125488e-01 8.156862854957580566e-01 4.941176474094390869e-01
8.156862854957580566e-01 4.941176474094390869e-01 8.156862854957580566e-01 4.941176474094390869e-01
4.000000059604644775e-01 4.941176474094390869e-01 2.509804069995880127e-01 4.941176474094390869e-01
2.509804069995880127e-01 4.941176474094390869e-01 2.509804069995880127e-01 6.705882549285888672e-01
2.509804069995880127e-01 6.705882549285888672e-01 4.000000059604644775e-01 6.705882549285888672e-01
4.000000059604644775e-01 6.705882549285888672e-01 4.000000059604644775e-01 4.941176474094390869e-01
4.000000059604644775e-01 4.941176474094390869e-01 4.000000059604644775e-01 4.941176474094390869e-01
6.431372761726379395e-01 4.941176474094390869e-01 6.431372761726379395e-01 3.490196168422698975e-01
6.431372761726379395e-01 3.490196168422698975e-01 5.254902243614196777e-01 3.490196168422698975e-01
5.254902243614196777e-01 3.490196168422698975e-01 5.254902243614196777e-01 4.196078479290008545e-01
5.254902243614196777e-01 4.196078479290008545e-01 4.000000059604644775e-01 4.196078479290008545e-01
4.000000059604644775e-01 4.196078479290008545e-01 2.509804069995880127e-01 4.196078479290008545e-01
2.509804069995880127e-01 4.196078479290008545e-01 2.509804069995880127e-01 4.941176474094390869e-01
2.509804069995880127e-01 4.941176474094390869e-01 4.000000059604644775e-01 4.941176474094390869e-01
4.000000059604644775e-01 4.941176474094390869e-01 4.000000059604644775e-01 6.705882549285888672e-01
4.000000059604644775e-01 6.705882549285888672e-01 4.039215743541717529e-01 6.705882549285888672e-01
4.039215743541717529e-01 6.705882549285888672e-01 6.431372761726379395e-01 6.705882549285888672e-01
6.431372761726379395e-01 6.705882549285888672e-01 6.431372761726379395e-01 4.941176474094390869e-01
6.431372761726379395e-01 4.941176474094390869e-01 6.431372761726379395e-01 4.941176474094390869e-01
4.039215743541717529e-01 7.372549176216125488e-01 6.431372761726379395e-01 7.372549176216125488e-01
6.431372761726379395e-01 7.372549176216125488e-01 6.431372761726379395e-01 6.705882549285888672e-01
6.431372761726379395e-01 6.705882549285888672e-01 4.039215743541717529e-01 6.705882549285888672e-01
4.039215743541717529e-01 6.705882549285888672e-01 4.039215743541717529e-01 7.372549176216125488e-01
4.039215743541717529e-01 7.372549176216125488e-01 4.039215743541717529e-01 7.372549176216125488e-01
