6.039215922355651855e-01 4.274509847164154053e-01 5.372549295425415039e-01 4.274509847164154053e-01
5.372549295425415039e-01 4.274509847164154053e-01 5.372549295425415039e-01 4.901960790157318115e-01
5.372549295425415039e-01 4.901960790157318115e-01 5.372549295425415039e-01 6.235294342041015625e-01
5.372549295425415039e-01 6.235294342041015625e-01 6.039215922355651855e-01 6.235294342041015625e-01
6.039215922355651855e-01 6.235294342041015625e-01 6.039215922355651855e-01 4.901960790157318115e-01
6.039215922355651855e-01 4.901960790157318115e-01 6.039215922355651855e-01 4.274509847164154053e-01
6.039215922355651855e-01 4.274509847164154053e-01 6.039215922355651855e-01 4.274509847164154053e-01
1.529411822557449341e-01 4.941176474094390869e-01 2.549019753932952881e-01 4.941176474094390869e-01
2.549019753932952881e-01 4.941176474094390869e-01 2.549019753932952881e-01 3.764705955982208252e-01
2.549019753932952881e-01 3.764705955982208252e-01 1.529411822557449341e-01 3.764705955982208252e-01
1.529411822557449341e-01 3.764705955982208252e-01 1.529411822557449341e-01 4.941176474094390869e-01
1.529411822557449341e-01 4.941176474094390869e-01 1.529411822557449341e-01 4.941176474094390869e-01
2.549019753932952881e-01 2.588235437870025635e-01 1.529411822557449341e-01 2.588235437870025635e-01
1.529411822557449341e-01 2.588235437870025635e-01 1.529411822557449341e-01 3.764705955982208252e-01
1.529411822557449341e-01 3.764705955982208252e-01 2.549019753932952881e-01 3.764705955982208252e-01
2.549019753932952881e-01 3.764705955982208252e-01 3.137255012989044189e-01 3.764705955982208252e-01
3.137255012989044189e-01 3.764705955982208252e-01 3.137255012989044189e-01 2.588235437870025635e-01
3.137255012989044189e-01 2.588235437870025635e-01 2.549019753932952881e-01 2.588235437870025635e-01
2.549019753932952881e-01 2.588235437870025635e-01 2.549019753932952881e-01 2.588235437870025635e-01
8.078431487083435059e-01 4.274509847164154053e-01 6.039215922355651855e-01 4.274509847164154053e-01
6.039215922355651855e-01 4.274509847164154053e-01 6.039215922355651855e-01 4.901960790157318115e-01
6.039215922355651855e-01 4.901960790157318115e-01 6.039215922355651855e-01 6.235294342041015625e-01
6.039215922355651855e-01 6.235294342041015625e-01 8.509804010391235352e-01 6.235294342041015625e-01
8.509804010391235352e-01 6.235294342041015625e-01 8.509804010391235352e-01 4.274509847164154053e-01
8.509804010391235352e-01 4.274509847164154053e-01 8.078431487083435059e-01 4.274509847164154053e-01
8.078431487083435059e-01 4.274509847164154053e-01 8.078431487083435059e-01 4.274509847164154053e-01
5.372549295425415039e-01 4.274509847164154053e-01 6.039215922355651855e-01 4.274509847164154053e-01
6.039215922355651855e-01 4.274509847164154053e-01 8.078431487083435059e-01 4.274509847164154053e-01
8.078431487083435059e-01 4.274509847164154053e-01 8.078431487083435059e-01 2.588235437870025635e-01
8.078431487083435059e-01 2.588235437870025635e-01 6.039215922355651855e-01 2.588235437870025635e-01
6.039215922355651855e-01 2.588235437870025635e-01 5.372549295425415039e-01 2.588235437870025635e-01
5.372549295425415039e-01 2.588235437870025635e-01 5.372549295425415039e-01 4.274509847164154053e-01
5.372549295425415039e-01 4.274509847164154053e-01 5.372549295425415039e-01 4.274509847164154053e-01
2.549019753932952881e-01 4.941176474094390869e-01 1.529411822557449341e-01 4.941176474094390869e-01
1.529411822557449341e-01 4.941176474094390869e-01 1.529411822557449341e-01 6.627451181411743164e-01
1.529411822557449341e-01 6.627451181411743164e-01 2.549019753932952881e-01 6.627451181411743164e-01
2.549019753932952881e-01 6.627451181411743164e-01 3.137255012989044189e-01 6.627451181411743164e-01
3.137255012989044189e-01 6.627451181411743164e-01 3.137255012989044189e-01 4.941176474094390869e-01
3.137255012989044189e-01 4.941176474094390869e-01 2.549019753932952881e-01 4.941176474094390869e-01
2.549019753932952881e-01 4.941176474094390869e-01 2.549019753932952881e-01 4.941176474094390869e-01
6.039215922355651855e-01 6.235294342041015625e-01 5.372549295425415039e-01 6.235294342041015625e-01
5.372549295425415039e-01 6.235294342041015625e-01 5.372549295425415039e-01 4.901960790157318115e-01
5.372549295425415039e-01 4.901960790157318115e-01 5.372549295425415039e-01 4.274509847164154053e-01
5.372549295425415039e-01 4.274509847164154053e-01 5.372549295425415039e-01 2.588235437870025635e-01
5.372549295425415039e-01 2.588235437870025635e-01 3.137255012989044189e-01 2.588235437870025635e-01
3.137255012989044189e-01 2.588235437870025635e-01 3.137255012989044189e-01 3.764705955982208252e-01
3.137255012989044189e-01 3.764705955982208252e-01 2.549019753932952881e-01 3.764705955982208252e-01
2.549019753932952881e-01 3.764705955982208252e-01 2.549019753932952881e-01 4.941176474094390869e-01
2.549019753932952881e-01 4.941176474094390869e-01 3.137255012989044189e-01 4.941176474094390869e-01
3.137255012989044189e-01 4.941176474094390869e-01 3.137255012989044189e-01 6.627451181411743164e-01
3.137255012989044189e-01 6.627451181411743164e-01 5.333333611488342285e-01 6.627451181411743164e-01
5.333333611488342285e-01 6.627451181411743164e-01 6.039215922355651855e-01 6.627451181411743164e-01
6.039215922355651855e-01 6.627451181411743164e-01 6.039215922355651855e-01 6.235294342041015625e-01
6.039215922355651855e-01 6.235294342041015625e-01 6.039215922355651855e-01 6.235294342041015625e-01
5.333333611488342285e-01 6.627451181411743164e-01 3.137255012989044189e-01 6.627451181411743164e-01
3.137255012989044189e-01 6.627451181411743164e-01 3.137255012989044189e-01 7.411764860153198242e-01
3.137255012989044189e-01 7.411764860153198242e-01 5.333333611488342285e-01 7.411764860153198242e-01
5.333333611488342285e-01 7.411764860153198242e-01 5.333333611488342285e-01 6.627451181411743164e-01
5.333333611488342285e-01 6.627451181411743164e-01 5.333333611488342285e-01 6.627451181411743164e-01
