6.509804129600524902e-01 2.901960909366607666e-01 5.490196347236633301e-01 2.901960909366607666e-01
5.490196347236633301e-01 2.901960909366607666e-01 5.490196347236633301e-01 4.313725531101226807e-01
5.490196347236633301e-01 4.313725531101226807e-01 6.509804129600524902e-01 4.313725531101226807e-01
6.509804129600524902e-01 4.313725531101226807e-01 6.509804129600524902e-01 2.901960909366607666e-01
6.509804129600524902e-01 2.901960909366607666e-01 6.509804129600524902e-01 2.901960909366607666e-01
6.509804129600524902e-01 4.313725531101226807e-01 5.490196347236633301e-01 4.313725531101226807e-01
5.490196347236633301e-01 4.313725531101226807e-01 5.490196347236633301e-01 4.980392158031463623e-01
5.490196347236633301e-01 4.980392158031463623e-01 6.509804129600524902e-01 4.980392158031463623e-01
6.509804129600524902e-01 4.980392158031463623e-01 6.509804129600524902e-01 4.313725531101226807e-01
6.509804129600524902e-01 4.313725531101226807e-01 6.509804129600524902e-01 4.313725531101226807e-01
8.509804010391235352e-01 4.313725531101226807e-01 7.333333492279052734e-01 4.313725531101226807e-01
7.333333492279052734e-01 4.313725531101226807e-01 7.333333492279052734e-01 5.333333611488342285e-01
7.333333492279052734e-01 5.333333611488342285e-01 8.509804010391235352e-01 5.333333611488342285e-01
8.509804010391235352e-01 5.333333611488342285e-01 8.509804010391235352e-01 4.313725531101226807e-01
8.509804010391235352e-01 4.313725531101226807e-01 8.509804010391235352e-01 4.313725531101226807e-01
3.843137323856353760e-01 7.568627595901489258e-01 2.313725501298904419e-01 7.568627595901489258e-01
2.313725501298904419e-01 7.568627595901489258e-01 2.313725501298904419e-01 8.431372642517089844e-01
2.313725501298904419e-01 8.431372642517089844e-01 4.823529422283172607e-01 8.431372642517089844e-01
4.823529422283172607e-01 8.431372642517089844e-01 4.823529422283172607e-01 7.568627595901489258e-01
4.823529422283172607e-01 7.568627595901489258e-01 3.843137323856353760e-01 7.568627595901489258e-01
3.843137323856353760e-01 7.568627595901489258e-01 3.843137323856353760e-01 7.568627595901489258e-01
7.333333492279052734e-01 4.313725531101226807e-01 6.509804129600524902e-01 4.313725531101226807e-01
6.509804129600524902e-01 4.313725531101226807e-01 6.509804129600524902e-01 4.980392158031463623e-01
6.509804129600524902e-01 4.980392158031463623e-01 6.509804129600524902e-01 5.764706134796142578e-01
6.509804129600524902e-01 5.764706134796142578e-01 6.509804129600524902e-01 7.568627595901489258e-01
6.509804129600524902e-01 7.568627595901489258e-01 8.509804010391235352e-01 7.568627595901489258e-01
8.509804010391235352e-01 7.568627595901489258e-01 8.509804010391235352e-01 5.333333611488342285e-01
8.509804010391235352e-01 5.333333611488342285e-01 7.333333492279052734e-01 5.333333611488342285e-01
7.333333492279052734e-01 5.333333611488342285e-01 7.333333492279052734e-01 4.313725531101226807e-01
7.333333492279052734e-01 4.313725531101226807e-01 7.333333492279052734e-01 4.313725531101226807e-01
5.490196347236633301e-01 2.901960909366607666e-01 3.843137323856353760e-01 2.901960909366607666e-01
3.843137323856353760e-01 2.901960909366607666e-01 3.843137323856353760e-01 4.980392158031463623e-01
3.843137323856353760e-01 4.980392158031463623e-01 5.490196347236633301e-01 4.980392158031463623e-01
5.490196347236633301e-01 4.980392158031463623e-01 5.490196347236633301e-01 4.313725531101226807e-01
5.490196347236633301e-01 4.313725531101226807e-01 5.490196347236633301e-01 2.901960909366607666e-01
5.490196347236633301e-01 2.901960909366607666e-01 5.490196347236633301e-01 2.901960909366607666e-01
6.509804129600524902e-01 7.568627595901489258e-01 6.509804129600524902e-01 5.764706134796142578e-01
6.509804129600524902e-01 5.764706134796142578e-01 4.823529422283172607e-01 5.764706134796142578e-01
4.823529422283172607e-01 5.764706134796142578e-01 4.823529422283172607e-01 7.568627595901489258e-01
4.823529422283172607e-01 7.568627595901489258e-01 6.509804129600524902e-01 7.568627595901489258e-01
6.509804129600524902e-01 7.568627595901489258e-01 6.509804129600524902e-01 7.568627595901489258e-01
3.843137323856353760e-01 2.901960909366607666e-01 5.490196347236633301e-01 2.901960909366607666e-01
5.490196347236633301e-01 2.901960909366607666e-01 6.509804129600524902e-01 2.901960909366607666e-01
6.509804129600524902e-01 2.901960909366607666e-01 6.509804129600524902e-01 2.509804069995880127e-01
6.509804129600524902e-01 2.509804069995880127e-01 3.803921639919281006e-01 2.509804069995880127e-01
3.803921639919281006e-01 2.509804069995880127e-01 1.490196138620376587e-01 2.509804069995880127e-01
1.490196138620376587e-01 2.509804069995880127e-01 1.490196138620376587e-01 7.568627595901489258e-01
1.490196138620376587e-01 7.568627595901489258e-01 2.313725501298904419e-01 7.568627595901489258e-01
2.313725501298904419e-01 7.568627595901489258e-01 3.843137323856353760e-01 7.568627595901489258e-01
3.843137323856353760e-01 7.568627595901489258e-01 3.843137323856353760e-01 5.764706134796142578e-01
3.843137323856353760e-01 5.764706134796142578e-01 4.823529422283172607e-01 5.764706134796142578e-01
4.823529422283172607e-01 5.764706134796142578e-01 6.509804129600524902e-01 5.764706134796142578e-01
6.509804129600524902e-01 5.764706134796142578e-01 6.509804129600524902e-01 4.980392158031463623e-01
6.509804129600524902e-01 4.980392158031463623e-01 5.490196347236633301e-01 4.980392158031463623e-01
5.490196347236633301e-01 4.980392158031463623e-01 3.843137323856353760e-01 4.980392158031463623e-01
3.843137323856353760e-01 4.980392158031463623e-01 3.843137323856353760e-01 2.901960909366607666e-01
3.843137323856353760e-01 2.901960909366607666e-01 3.843137323856353760e-01 2.901960909366607666e-01
3.843137323856353760e-01 7.568627595901489258e-01 4.823529422283172607e-01 7.568627595901489258e-01
4.823529422283172607e-01 7.568627595901489258e-01 4.823529422283172607e-01 5.764706134796142578e-01
4.823529422283172607e-01 5.764706134796142578e-01 3.843137323856353760e-01 5.764706134796142578e-01
3.843137323856353760e-01 5.764706134796142578e-01 3.843137323856353760e-01 7.568627595901489258e-01
3.843137323856353760e-01 7.568627595901489258e-01 3.843137323856353760e-01 7.568627595901489258e-01
1.490196138620376587e-01 2.509804069995880127e-01 3.803921639919281006e-01 2.509804069995880127e-01
3.803921639919281006e-01 2.509804069995880127e-01 3.803921639919281006e-01 1.607843190431594849e-01
3.803921639919281006e-01 1.607843190431594849e-01 1.490196138620376587e-01 1.607843190431594849e-01
1.490196138620376587e-01 1.607843190431594849e-01 1.490196138620376587e-01 2.509804069995880127e-01
1.490196138620376587e-01 2.509804069995880127e-01 1.490196138620376587e-01 2.509804069995880127e-01
8.509804010391235352e-01 2.901960909366607666e-01 6.509804129600524902e-01 2.901960909366607666e-01
6.509804129600524902e-01 2.901960909366607666e-01 6.509804129600524902e-01 4.313725531101226807e-01
6.509804129600524902e-01 4.313725531101226807e-01 7.333333492279052734e-01 4.313725531101226807e-01
7.333333492279052734e-01 4.313725531101226807e-01 8.509804010391235352e-01 4.313725531101226807e-01
8.509804010391235352e-01 4.313725531101226807e-01 8.509804010391235352e-01 2.901960909366607666e-01
8.509804010391235352e-01 2.901960909366607666e-01 8.509804010391235352e-01 2.901960909366607666e-01
