4.156862795352935791e-01 3.333333432674407959e-01 3.019607961177825928e-01 3.333333432674407959e-01
3.019607961177825928e-01 3.333333432674407959e-01 3.019607961177825928e-01 4.235294163227081299e-01
3.019607961177825928e-01 4.235294163227081299e-01 4.156862795352935791e-01 4.235294163227081299e-01
4.156862795352935791e-01 4.235294163227081299e-01 4.156862795352935791e-01 3.333333432674407959e-01
4.156862795352935791e-01 3.333333432674407959e-01 4.156862795352935791e-01 3.333333432674407959e-01
6.980392336845397949e-01 3.333333432674407959e-01 4.156862795352935791e-01 3.333333432674407959e-01
4.156862795352935791e-01 3.333333432674407959e-01 4.156862795352935791e-01 4.235294163227081299e-01
4.156862795352935791e-01 4.235294163227081299e-01 3.019607961177825928e-01 4.235294163227081299e-01
3.019607961177825928e-01 4.235294163227081299e-01 3.019607961177825928e-01 4.862745106220245361e-01
3.019607961177825928e-01 4.862745106220245361e-01 4.274509847164154053e-01 4.862745106220245361e-01
4.274509847164154053e-01 4.862745106220245361e-01 6.156862974166870117e-01 4.862745106220245361e-01
6.156862974166870117e-01 4.862745106220245361e-01 6.980392336845397949e-01 4.862745106220245361e-01
6.980392336845397949e-01 4.862745106220245361e-01 6.980392336845397949e-01 3.333333432674407959e-01
6.980392336845397949e-01 3.333333432674407959e-01 6.980392336845397949e-01 3.333333432674407959e-01
3.019607961177825928e-01 4.862745106220245361e-01 3.019607961177825928e-01 6.705882549285888672e-01
3.019607961177825928e-01 6.705882549285888672e-01 4.274509847164154053e-01 6.705882549285888672e-01
4.274509847164154053e-01 6.705882549285888672e-01 4.274509847164154053e-01 4.862745106220245361e-01
4.274509847164154053e-01 4.862745106220245361e-01 3.019607961177825928e-01 4.862745106220245361e-01
3.019607961177825928e-01 4.862745106220245361e-01 3.019607961177825928e-01 4.862745106220245361e-01
6.156862974166870117e-01 4.862745106220245361e-01 4.274509847164154053e-01 4.862745106220245361e-01
4.274509847164154053e-01 4.862745106220245361e-01 4.274509847164154053e-01 6.705882549285888672e-01
4.274509847164154053e-01 6.705882549285888672e-01 6.156862974166870117e-01 6.705882549285888672e-01
6.156862974166870117e-01 6.705882549285888672e-01 6.156862974166870117e-01 4.862745106220245361e-01
6.156862974166870117e-01 4.862745106220245361e-01 6.156862974166870117e-01 4.862745106220245361e-01
