4.901960790157318115e-01 3.254902064800262451e-01 4.235294163227081299e-01 3.254902064800262451e-01
4.235294163227081299e-01 3.254902064800262451e-01 4.235294163227081299e-01 4.274509847164154053e-01
4.235294163227081299e-01 4.274509847164154053e-01 4.901960790157318115e-01 4.274509847164154053e-01
4.901960790157318115e-01 4.274509847164154053e-01 4.901960790157318115e-01 3.254902064800262451e-01
4.901960790157318115e-01 3.254902064800262451e-01 4.901960790157318115e-01 3.254902064800262451e-01
7.176470756530761719e-01 3.254902064800262451e-01 4.901960790157318115e-01 3.254902064800262451e-01
4.901960790157318115e-01 3.254902064800262451e-01 4.901960790157318115e-01 4.274509847164154053e-01
4.901960790157318115e-01 4.274509847164154053e-01 4.901960790157318115e-01 5.176470875740051270e-01
4.901960790157318115e-01 5.176470875740051270e-01 6.588235497474670410e-01 5.176470875740051270e-01
6.588235497474670410e-01 5.176470875740051270e-01 7.176470756530761719e-01 5.176470875740051270e-01
7.176470756530761719e-01 5.176470875740051270e-01 7.176470756530761719e-01 3.254902064800262451e-01
7.176470756530761719e-01 3.254902064800262451e-01 7.176470756530761719e-01 3.254902064800262451e-01
4.235294163227081299e-01 3.254902064800262451e-01 2.823529541492462158e-01 3.254902064800262451e-01
2.823529541492462158e-01 3.254902064800262451e-01 2.823529541492462158e-01 4.274509847164154053e-01
2.823529541492462158e-01 4.274509847164154053e-01 2.823529541492462158e-01 4.901960790157318115e-01
2.823529541492462158e-01 4.901960790157318115e-01 4.235294163227081299e-01 4.901960790157318115e-01
4.235294163227081299e-01 4.901960790157318115e-01 4.235294163227081299e-01 4.274509847164154053e-01
4.235294163227081299e-01 4.274509847164154053e-01 4.235294163227081299e-01 3.254902064800262451e-01
4.235294163227081299e-01 3.254902064800262451e-01 4.235294163227081299e-01 3.254902064800262451e-01
4.901960790157318115e-01 4.274509847164154053e-01 4.235294163227081299e-01 4.274509847164154053e-01
4.235294163227081299e-01 4.274509847164154053e-01 4.235294163227081299e-01 4.901960790157318115e-01
4.235294163227081299e-01 4.901960790157318115e-01 2.823529541492462158e-01 4.901960790157318115e-01
2.823529541492462158e-01 4.901960790157318115e-01 2.823529541492462158e-01 6.745098233222961426e-01
2.823529541492462158e-01 6.745098233222961426e-01 6.588235497474670410e-01 6.745098233222961426e-01
6.588235497474670410e-01 6.745098233222961426e-01 6.588235497474670410e-01 5.176470875740051270e-01
6.588235497474670410e-01 5.176470875740051270e-01 4.901960790157318115e-01 5.176470875740051270e-01
4.901960790157318115e-01 5.176470875740051270e-01 4.901960790157318115e-01 4.274509847164154053e-01
4.901960790157318115e-01 4.274509847164154053e-01 4.901960790157318115e-01 4.274509847164154053e-01
7.176470756530761719e-01 5.176470875740051270e-01 6.588235497474670410e-01 5.176470875740051270e-01
6.588235497474670410e-01 5.176470875740051270e-01 6.588235497474670410e-01 6.745098233222961426e-01
6.588235497474670410e-01 6.745098233222961426e-01 7.176470756530761719e-01 6.745098233222961426e-01
7.176470756530761719e-01 6.745098233222961426e-01 7.176470756530761719e-01 5.176470875740051270e-01
7.176470756530761719e-01 5.176470875740051270e-01 7.176470756530761719e-01 5.176470875740051270e-01
