4.784313738346099854e-01 4.784313738346099854e-01 5.568627715110778809e-01 4.784313738346099854e-01
5.568627715110778809e-01 4.784313738346099854e-01 5.568627715110778809e-01 3.490196168422698975e-01
5.568627715110778809e-01 3.490196168422698975e-01 5.568627715110778809e-01 2.588235437870025635e-01
5.568627715110778809e-01 2.588235437870025635e-01 4.000000059604644775e-01 2.588235437870025635e-01
4.000000059604644775e-01 2.588235437870025635e-01 4.000000059604644775e-01 3.490196168422698975e-01
4.000000059604644775e-01 3.490196168422698975e-01 4.784313738346099854e-01 3.490196168422698975e-01
4.784313738346099854e-01 3.490196168422698975e-01 4.784313738346099854e-01 4.784313738346099854e-01
4.784313738346099854e-01 4.784313738346099854e-01 4.784313738346099854e-01 4.784313738346099854e-01
5.568627715110778809e-01 8.000000119209289551e-01 7.529411911964416504e-01 8.000000119209289551e-01
7.529411911964416504e-01 8.000000119209289551e-01 7.529411911964416504e-01 7.372549176216125488e-01
7.529411911964416504e-01 7.372549176216125488e-01 5.568627715110778809e-01 7.372549176216125488e-01
5.568627715110778809e-01 7.372549176216125488e-01 5.568627715110778809e-01 8.000000119209289551e-01
5.568627715110778809e-01 8.000000119209289551e-01 5.568627715110778809e-01 8.000000119209289551e-01
3.137255012989044189e-01 4.784313738346099854e-01 2.470588237047195435e-01 4.784313738346099854e-01
2.470588237047195435e-01 4.784313738346099854e-01 2.470588237047195435e-01 8.000000119209289551e-01
2.470588237047195435e-01 8.000000119209289551e-01 4.000000059604644775e-01 8.000000119209289551e-01
4.000000059604644775e-01 8.000000119209289551e-01 4.000000059604644775e-01 7.372549176216125488e-01
4.000000059604644775e-01 7.372549176216125488e-01 4.000000059604644775e-01 5.490196347236633301e-01
4.000000059604644775e-01 5.490196347236633301e-01 4.000000059604644775e-01 4.784313738346099854e-01
4.000000059604644775e-01 4.784313738346099854e-01 3.137255012989044189e-01 4.784313738346099854e-01
3.137255012989044189e-01 4.784313738346099854e-01 3.137255012989044189e-01 4.784313738346099854e-01
4.000000059604644775e-01 8.000000119209289551e-01 5.568627715110778809e-01 8.000000119209289551e-01
5.568627715110778809e-01 8.000000119209289551e-01 5.568627715110778809e-01 7.372549176216125488e-01
5.568627715110778809e-01 7.372549176216125488e-01 5.568627715110778809e-01 5.490196347236633301e-01
5.568627715110778809e-01 5.490196347236633301e-01 4.000000059604644775e-01 5.490196347236633301e-01
4.000000059604644775e-01 5.490196347236633301e-01 4.000000059604644775e-01 7.372549176216125488e-01
4.000000059604644775e-01 7.372549176216125488e-01 4.000000059604644775e-01 8.000000119209289551e-01
4.000000059604644775e-01 8.000000119209289551e-01 4.000000059604644775e-01 8.000000119209289551e-01
3.137255012989044189e-01 4.784313738346099854e-01 4.000000059604644775e-01 4.784313738346099854e-01
4.000000059604644775e-01 4.784313738346099854e-01 4.784313738346099854e-01 4.784313738346099854e-01
4.784313738346099854e-01 4.784313738346099854e-01 4.784313738346099854e-01 3.490196168422698975e-01
4.784313738346099854e-01 3.490196168422698975e-01 4.000000059604644775e-01 3.490196168422698975e-01
4.000000059604644775e-01 3.490196168422698975e-01 3.137255012989044189e-01 3.490196168422698975e-01
3.137255012989044189e-01 3.490196168422698975e-01 3.137255012989044189e-01 4.784313738346099854e-01
3.137255012989044189e-01 4.784313738346099854e-01 3.137255012989044189e-01 4.784313738346099854e-01
4.784313738346099854e-01 4.784313738346099854e-01 4.000000059604644775e-01 4.784313738346099854e-01
4.000000059604644775e-01 4.784313738346099854e-01 4.000000059604644775e-01 5.490196347236633301e-01
4.000000059604644775e-01 5.490196347236633301e-01 5.568627715110778809e-01 5.490196347236633301e-01
5.568627715110778809e-01 5.490196347236633301e-01 5.568627715110778809e-01 7.372549176216125488e-01
5.568627715110778809e-01 7.372549176216125488e-01 7.529411911964416504e-01 7.372549176216125488e-01
7.529411911964416504e-01 7.372549176216125488e-01 7.529411911964416504e-01 2.588235437870025635e-01
7.529411911964416504e-01 2.588235437870025635e-01 6.745098233222961426e-01 2.588235437870025635e-01
6.745098233222961426e-01 2.588235437870025635e-01 6.745098233222961426e-01 3.490196168422698975e-01
6.745098233222961426e-01 3.490196168422698975e-01 5.568627715110778809e-01 3.490196168422698975e-01
5.568627715110778809e-01 3.490196168422698975e-01 5.568627715110778809e-01 4.784313738346099854e-01
5.568627715110778809e-01 4.784313738346099854e-01 4.784313738346099854e-01 4.784313738346099854e-01
4.784313738346099854e-01 4.784313738346099854e-01 4.784313738346099854e-01 4.784313738346099854e-01
5.568627715110778809e-01 3.490196168422698975e-01 6.745098233222961426e-01 3.490196168422698975e-01
6.745098233222961426e-01 3.490196168422698975e-01 6.745098233222961426e-01 2.588235437870025635e-01
6.745098233222961426e-01 2.588235437870025635e-01 5.568627715110778809e-01 2.588235437870025635e-01
5.568627715110778809e-01 2.588235437870025635e-01 5.568627715110778809e-01 3.490196168422698975e-01
5.568627715110778809e-01 3.490196168422698975e-01 5.568627715110778809e-01 3.490196168422698975e-01
5.568627715110778809e-01 2.000000029802322388e-01 5.568627715110778809e-01 2.588235437870025635e-01
5.568627715110778809e-01 2.588235437870025635e-01 6.745098233222961426e-01 2.588235437870025635e-01
6.745098233222961426e-01 2.588235437870025635e-01 6.745098233222961426e-01 2.000000029802322388e-01
6.745098233222961426e-01 2.000000029802322388e-01 5.568627715110778809e-01 2.000000029802322388e-01
5.568627715110778809e-01 2.000000029802322388e-01 5.568627715110778809e-01 2.000000029802322388e-01
