7.568627595901489258e-01 3.843137323856353760e-01 6.431372761726379395e-01 3.843137323856353760e-01
6.431372761726379395e-01 3.843137323856353760e-01 6.431372761726379395e-01 5.019608139991760254e-01
6.431372761726379395e-01 5.019608139991760254e-01 7.568627595901489258e-01 5.019608139991760254e-01
7.568627595901489258e-01 5.019608139991760254e-01 7.568627595901489258e-01 3.843137323856353760e-01
7.568627595901489258e-01 3.843137323856353760e-01 7.568627595901489258e-01 3.843137323856353760e-01
7.568627595901489258e-01 7.019608020782470703e-01 7.568627595901489258e-01 6.588235497474670410e-01
7.568627595901489258e-01 6.588235497474670410e-01 5.725490450859069824e-01 6.588235497474670410e-01
5.725490450859069824e-01 6.588235497474670410e-01 5.725490450859069824e-01 7.019608020782470703e-01
5.725490450859069824e-01 7.019608020782470703e-01 5.725490450859069824e-01 7.764706015586853027e-01
5.725490450859069824e-01 7.764706015586853027e-01 7.568627595901489258e-01 7.764706015586853027e-01
7.568627595901489258e-01 7.764706015586853027e-01 7.568627595901489258e-01 7.019608020782470703e-01
7.568627595901489258e-01 7.019608020782470703e-01 7.568627595901489258e-01 7.019608020782470703e-01
5.686274766921997070e-01 3.176470696926116943e-01 3.137255012989044189e-01 3.176470696926116943e-01
3.137255012989044189e-01 3.176470696926116943e-01 3.137255012989044189e-01 3.843137323856353760e-01
3.137255012989044189e-01 3.843137323856353760e-01 3.137255012989044189e-01 5.019608139991760254e-01
3.137255012989044189e-01 5.019608139991760254e-01 5.686274766921997070e-01 5.019608139991760254e-01
5.686274766921997070e-01 5.019608139991760254e-01 5.686274766921997070e-01 3.843137323856353760e-01
5.686274766921997070e-01 3.843137323856353760e-01 5.686274766921997070e-01 3.176470696926116943e-01
5.686274766921997070e-01 3.176470696926116943e-01 5.686274766921997070e-01 3.176470696926116943e-01
5.686274766921997070e-01 2.274509817361831665e-01 5.686274766921997070e-01 3.176470696926116943e-01
5.686274766921997070e-01 3.176470696926116943e-01 5.686274766921997070e-01 3.843137323856353760e-01
5.686274766921997070e-01 3.843137323856353760e-01 6.431372761726379395e-01 3.843137323856353760e-01
6.431372761726379395e-01 3.843137323856353760e-01 7.568627595901489258e-01 3.843137323856353760e-01
7.568627595901489258e-01 3.843137323856353760e-01 7.568627595901489258e-01 2.274509817361831665e-01
7.568627595901489258e-01 2.274509817361831665e-01 5.686274766921997070e-01 2.274509817361831665e-01
5.686274766921997070e-01 2.274509817361831665e-01 5.686274766921997070e-01 2.274509817361831665e-01
5.686274766921997070e-01 5.019608139991760254e-01 3.137255012989044189e-01 5.019608139991760254e-01
3.137255012989044189e-01 5.019608139991760254e-01 3.137255012989044189e-01 5.058823823928833008e-01
3.137255012989044189e-01 5.058823823928833008e-01 3.137255012989044189e-01 7.019608020782470703e-01
3.137255012989044189e-01 7.019608020782470703e-01 5.725490450859069824e-01 7.019608020782470703e-01
5.725490450859069824e-01 7.019608020782470703e-01 5.725490450859069824e-01 6.588235497474670410e-01
5.725490450859069824e-01 6.588235497474670410e-01 7.568627595901489258e-01 6.588235497474670410e-01
7.568627595901489258e-01 6.588235497474670410e-01 7.568627595901489258e-01 5.019608139991760254e-01
7.568627595901489258e-01 5.019608139991760254e-01 6.431372761726379395e-01 5.019608139991760254e-01
6.431372761726379395e-01 5.019608139991760254e-01 6.431372761726379395e-01 3.843137323856353760e-01
6.431372761726379395e-01 3.843137323856353760e-01 5.686274766921997070e-01 3.843137323856353760e-01
5.686274766921997070e-01 3.843137323856353760e-01 5.686274766921997070e-01 5.019608139991760254e-01
5.686274766921997070e-01 5.019608139991760254e-01 5.686274766921997070e-01 5.019608139991760254e-01
3.137255012989044189e-01 7.019608020782470703e-01 3.137255012989044189e-01 5.058823823928833008e-01
3.137255012989044189e-01 5.058823823928833008e-01 2.431372553110122681e-01 5.058823823928833008e-01
2.431372553110122681e-01 5.058823823928833008e-01 2.431372553110122681e-01 7.019608020782470703e-01
2.431372553110122681e-01 7.019608020782470703e-01 3.137255012989044189e-01 7.019608020782470703e-01
3.137255012989044189e-01 7.019608020782470703e-01 3.137255012989044189e-01 7.019608020782470703e-01
