6.196078658103942871e-01 5.058823823928833008e-01 5.490196347236633301e-01 5.058823823928833008e-01
5.490196347236633301e-01 5.058823823928833008e-01 5.490196347236633301e-01 6.078431606292724609e-01
5.490196347236633301e-01 6.078431606292724609e-01 6.196078658103942871e-01 6.078431606292724609e-01
6.196078658103942871e-01 6.078431606292724609e-01 7.607843279838562012e-01 6.078431606292724609e-01
7.607843279838562012e-01 6.078431606292724609e-01 7.607843279838562012e-01 5.058823823928833008e-01
7.607843279838562012e-01 5.058823823928833008e-01 6.196078658103942871e-01 5.058823823928833008e-01
6.196078658103942871e-01 5.058823823928833008e-01 6.196078658103942871e-01 5.058823823928833008e-01
6.156862974166870117e-01 9.411764889955520630e-02 5.019608139991760254e-01 9.411764889955520630e-02
5.019608139991760254e-01 9.411764889955520630e-02 5.019608139991760254e-01 1.764705926179885864e-01
5.019608139991760254e-01 1.764705926179885864e-01 6.156862974166870117e-01 1.764705926179885864e-01
6.156862974166870117e-01 1.764705926179885864e-01 6.156862974166870117e-01 9.411764889955520630e-02
6.156862974166870117e-01 9.411764889955520630e-02 6.156862974166870117e-01 9.411764889955520630e-02
7.607843279838562012e-01 3.019607961177825928e-01 7.607843279838562012e-01 5.058823823928833008e-01
7.607843279838562012e-01 5.058823823928833008e-01 7.607843279838562012e-01 6.078431606292724609e-01
7.607843279838562012e-01 6.078431606292724609e-01 8.352941274642944336e-01 6.078431606292724609e-01
8.352941274642944336e-01 6.078431606292724609e-01 9.215686321258544922e-01 6.078431606292724609e-01
9.215686321258544922e-01 6.078431606292724609e-01 9.215686321258544922e-01 3.019607961177825928e-01
9.215686321258544922e-01 3.019607961177825928e-01 8.352941274642944336e-01 3.019607961177825928e-01
8.352941274642944336e-01 3.019607961177825928e-01 7.607843279838562012e-01 3.019607961177825928e-01
7.607843279838562012e-01 3.019607961177825928e-01 7.607843279838562012e-01 3.019607961177825928e-01
5.490196347236633301e-01 9.176470637321472168e-01 7.607843279838562012e-01 9.176470637321472168e-01
7.607843279838562012e-01 9.176470637321472168e-01 7.607843279838562012e-01 6.078431606292724609e-01
7.607843279838562012e-01 6.078431606292724609e-01 6.196078658103942871e-01 6.078431606292724609e-01
6.196078658103942871e-01 6.078431606292724609e-01 5.490196347236633301e-01 6.078431606292724609e-01
5.490196347236633301e-01 6.078431606292724609e-01 5.490196347236633301e-01 8.509804010391235352e-01
5.490196347236633301e-01 8.509804010391235352e-01 5.490196347236633301e-01 9.176470637321472168e-01
5.490196347236633301e-01 9.176470637321472168e-01 5.490196347236633301e-01 9.176470637321472168e-01
5.490196347236633301e-01 8.509804010391235352e-01 5.490196347236633301e-01 6.078431606292724609e-01
5.490196347236633301e-01 6.078431606292724609e-01 3.529411852359771729e-01 6.078431606292724609e-01
3.529411852359771729e-01 6.078431606292724609e-01 3.529411852359771729e-01 8.509804010391235352e-01
3.529411852359771729e-01 8.509804010391235352e-01 5.490196347236633301e-01 8.509804010391235352e-01
5.490196347236633301e-01 8.509804010391235352e-01 5.490196347236633301e-01 8.509804010391235352e-01
8.352941274642944336e-01 9.411764889955520630e-02 6.156862974166870117e-01 9.411764889955520630e-02
6.156862974166870117e-01 9.411764889955520630e-02 6.156862974166870117e-01 1.764705926179885864e-01
6.156862974166870117e-01 1.764705926179885864e-01 6.156862974166870117e-01 2.627451121807098389e-01
6.156862974166870117e-01 2.627451121807098389e-01 8.352941274642944336e-01 2.627451121807098389e-01
8.352941274642944336e-01 2.627451121807098389e-01 8.352941274642944336e-01 1.764705926179885864e-01
8.352941274642944336e-01 1.764705926179885864e-01 8.352941274642944336e-01 9.411764889955520630e-02
8.352941274642944336e-01 9.411764889955520630e-02 8.352941274642944336e-01 9.411764889955520630e-02
5.490196347236633301e-01 5.058823823928833008e-01 6.196078658103942871e-01 5.058823823928833008e-01
6.196078658103942871e-01 5.058823823928833008e-01 7.607843279838562012e-01 5.058823823928833008e-01
7.607843279838562012e-01 5.058823823928833008e-01 7.607843279838562012e-01 3.019607961177825928e-01
7.607843279838562012e-01 3.019607961177825928e-01 8.352941274642944336e-01 3.019607961177825928e-01
8.352941274642944336e-01 3.019607961177825928e-01 8.352941274642944336e-01 2.627451121807098389e-01
8.352941274642944336e-01 2.627451121807098389e-01 6.156862974166870117e-01 2.627451121807098389e-01
6.156862974166870117e-01 2.627451121807098389e-01 6.156862974166870117e-01 1.764705926179885864e-01
6.156862974166870117e-01 1.764705926179885864e-01 5.019608139991760254e-01 1.764705926179885864e-01
5.019608139991760254e-01 1.764705926179885864e-01 1.725490242242813110e-01 1.764705926179885864e-01
1.725490242242813110e-01 1.764705926179885864e-01 1.725490242242813110e-01 2.156862765550613403e-01
1.725490242242813110e-01 2.156862765550613403e-01 2.313725501298904419e-01 2.156862765550613403e-01
2.313725501298904419e-01 2.156862765550613403e-01 2.313725501298904419e-01 4.117647111415863037e-01
2.313725501298904419e-01 4.117647111415863037e-01 1.725490242242813110e-01 4.117647111415863037e-01
1.725490242242813110e-01 4.117647111415863037e-01 1.725490242242813110e-01 6.078431606292724609e-01
1.725490242242813110e-01 6.078431606292724609e-01 3.529411852359771729e-01 6.078431606292724609e-01
3.529411852359771729e-01 6.078431606292724609e-01 5.490196347236633301e-01 6.078431606292724609e-01
5.490196347236633301e-01 6.078431606292724609e-01 5.490196347236633301e-01 5.058823823928833008e-01
5.490196347236633301e-01 5.058823823928833008e-01 5.490196347236633301e-01 5.058823823928833008e-01
1.725490242242813110e-01 4.117647111415863037e-01 2.313725501298904419e-01 4.117647111415863037e-01
2.313725501298904419e-01 4.117647111415863037e-01 2.313725501298904419e-01 2.156862765550613403e-01
2.313725501298904419e-01 2.156862765550613403e-01 1.725490242242813110e-01 2.156862765550613403e-01
1.725490242242813110e-01 2.156862765550613403e-01 8.235294371843338013e-02 2.156862765550613403e-01
8.235294371843338013e-02 2.156862765550613403e-01 8.235294371843338013e-02 4.117647111415863037e-01
8.235294371843338013e-02 4.117647111415863037e-01 1.725490242242813110e-01 4.117647111415863037e-01
1.725490242242813110e-01 4.117647111415863037e-01 1.725490242242813110e-01 4.117647111415863037e-01
3.529411852359771729e-01 9.176470637321472168e-01 5.490196347236633301e-01 9.176470637321472168e-01
5.490196347236633301e-01 9.176470637321472168e-01 5.490196347236633301e-01 8.509804010391235352e-01
5.490196347236633301e-01 8.509804010391235352e-01 3.529411852359771729e-01 8.509804010391235352e-01
3.529411852359771729e-01 8.509804010391235352e-01 3.529411852359771729e-01 9.176470637321472168e-01
3.529411852359771729e-01 9.176470637321472168e-01 3.529411852359771729e-01 9.176470637321472168e-01
