6.980392336845397949e-01 5.058823823928833008e-01 6.196078658103942871e-01 5.058823823928833008e-01
6.196078658103942871e-01 5.058823823928833008e-01 6.196078658103942871e-01 6.117647290229797363e-01
6.196078658103942871e-01 6.117647290229797363e-01 6.980392336845397949e-01 6.117647290229797363e-01
6.980392336845397949e-01 6.117647290229797363e-01 7.529411911964416504e-01 6.117647290229797363e-01
7.529411911964416504e-01 6.117647290229797363e-01 7.529411911964416504e-01 5.058823823928833008e-01
7.529411911964416504e-01 5.058823823928833008e-01 6.980392336845397949e-01 5.058823823928833008e-01
6.980392336845397949e-01 5.058823823928833008e-01 6.980392336845397949e-01 5.058823823928833008e-01
6.980392336845397949e-01 5.058823823928833008e-01 7.529411911964416504e-01 5.058823823928833008e-01
7.529411911964416504e-01 5.058823823928833008e-01 8.078431487083435059e-01 5.058823823928833008e-01
8.078431487083435059e-01 5.058823823928833008e-01 8.078431487083435059e-01 4.392156898975372314e-01
8.078431487083435059e-01 4.392156898975372314e-01 8.078431487083435059e-01 3.921568691730499268e-01
8.078431487083435059e-01 3.921568691730499268e-01 6.980392336845397949e-01 3.921568691730499268e-01
6.980392336845397949e-01 3.921568691730499268e-01 6.980392336845397949e-01 4.392156898975372314e-01
6.980392336845397949e-01 4.392156898975372314e-01 6.980392336845397949e-01 5.058823823928833008e-01
6.980392336845397949e-01 5.058823823928833008e-01 6.980392336845397949e-01 5.058823823928833008e-01
3.215686380863189697e-01 8.627451062202453613e-01 5.568627715110778809e-01 8.627451062202453613e-01
5.568627715110778809e-01 8.627451062202453613e-01 5.568627715110778809e-01 7.529411911964416504e-01
5.568627715110778809e-01 7.529411911964416504e-01 3.215686380863189697e-01 7.529411911964416504e-01
3.215686380863189697e-01 7.529411911964416504e-01 3.215686380863189697e-01 8.627451062202453613e-01
3.215686380863189697e-01 8.627451062202453613e-01 3.215686380863189697e-01 8.627451062202453613e-01
6.196078658103942871e-01 5.058823823928833008e-01 5.568627715110778809e-01 5.058823823928833008e-01
5.568627715110778809e-01 5.058823823928833008e-01 5.568627715110778809e-01 7.529411911964416504e-01
5.568627715110778809e-01 7.529411911964416504e-01 5.568627715110778809e-01 8.627451062202453613e-01
5.568627715110778809e-01 8.627451062202453613e-01 7.529411911964416504e-01 8.627451062202453613e-01
7.529411911964416504e-01 8.627451062202453613e-01 7.529411911964416504e-01 6.117647290229797363e-01
7.529411911964416504e-01 6.117647290229797363e-01 6.980392336845397949e-01 6.117647290229797363e-01
6.980392336845397949e-01 6.117647290229797363e-01 6.196078658103942871e-01 6.117647290229797363e-01
6.196078658103942871e-01 6.117647290229797363e-01 6.196078658103942871e-01 5.058823823928833008e-01
6.196078658103942871e-01 5.058823823928833008e-01 6.196078658103942871e-01 5.058823823928833008e-01
6.352941393852233887e-01 1.803921610116958618e-01 4.823529422283172607e-01 1.803921610116958618e-01
4.823529422283172607e-01 1.803921610116958618e-01 4.823529422283172607e-01 2.196078449487686157e-01
4.823529422283172607e-01 2.196078449487686157e-01 4.823529422283172607e-01 4.392156898975372314e-01
4.823529422283172607e-01 4.392156898975372314e-01 6.352941393852233887e-01 4.392156898975372314e-01
6.352941393852233887e-01 4.392156898975372314e-01 6.352941393852233887e-01 2.196078449487686157e-01
6.352941393852233887e-01 2.196078449487686157e-01 6.352941393852233887e-01 1.803921610116958618e-01
6.352941393852233887e-01 1.803921610116958618e-01 6.352941393852233887e-01 1.803921610116958618e-01
8.078431487083435059e-01 1.803921610116958618e-01 6.352941393852233887e-01 1.803921610116958618e-01
6.352941393852233887e-01 1.803921610116958618e-01 6.352941393852233887e-01 2.196078449487686157e-01
6.352941393852233887e-01 2.196078449487686157e-01 6.352941393852233887e-01 4.392156898975372314e-01
6.352941393852233887e-01 4.392156898975372314e-01 6.980392336845397949e-01 4.392156898975372314e-01
6.980392336845397949e-01 4.392156898975372314e-01 6.980392336845397949e-01 3.921568691730499268e-01
6.980392336845397949e-01 3.921568691730499268e-01 8.078431487083435059e-01 3.921568691730499268e-01
8.078431487083435059e-01 3.921568691730499268e-01 8.078431487083435059e-01 1.803921610116958618e-01
8.078431487083435059e-01 1.803921610116958618e-01 8.078431487083435059e-01 1.803921610116958618e-01
5.568627715110778809e-01 5.058823823928833008e-01 6.196078658103942871e-01 5.058823823928833008e-01
6.196078658103942871e-01 5.058823823928833008e-01 6.980392336845397949e-01 5.058823823928833008e-01
6.980392336845397949e-01 5.058823823928833008e-01 6.980392336845397949e-01 4.392156898975372314e-01
6.980392336845397949e-01 4.392156898975372314e-01 6.352941393852233887e-01 4.392156898975372314e-01
6.352941393852233887e-01 4.392156898975372314e-01 4.823529422283172607e-01 4.392156898975372314e-01
4.823529422283172607e-01 4.392156898975372314e-01 4.823529422283172607e-01 2.196078449487686157e-01
4.823529422283172607e-01 2.196078449487686157e-01 3.215686380863189697e-01 2.196078449487686157e-01
3.215686380863189697e-01 2.196078449487686157e-01 3.215686380863189697e-01 3.098039329051971436e-01
3.215686380863189697e-01 3.098039329051971436e-01 3.215686380863189697e-01 7.529411911964416504e-01
3.215686380863189697e-01 7.529411911964416504e-01 5.568627715110778809e-01 7.529411911964416504e-01
5.568627715110778809e-01 7.529411911964416504e-01 5.568627715110778809e-01 5.058823823928833008e-01
5.568627715110778809e-01 5.058823823928833008e-01 5.568627715110778809e-01 5.058823823928833008e-01
3.215686380863189697e-01 2.196078449487686157e-01 3.215686380863189697e-01 1.372549086809158325e-01
3.215686380863189697e-01 1.372549086809158325e-01 1.921568661928176880e-01 1.372549086809158325e-01
1.921568661928176880e-01 1.372549086809158325e-01 1.921568661928176880e-01 3.098039329051971436e-01
1.921568661928176880e-01 3.098039329051971436e-01 3.215686380863189697e-01 3.098039329051971436e-01
3.215686380863189697e-01 3.098039329051971436e-01 3.215686380863189697e-01 2.196078449487686157e-01
3.215686380863189697e-01 2.196078449487686157e-01 3.215686380863189697e-01 2.196078449487686157e-01
4.823529422283172607e-01 1.803921610116958618e-01 4.823529422283172607e-01 1.372549086809158325e-01
4.823529422283172607e-01 1.372549086809158325e-01 3.215686380863189697e-01 1.372549086809158325e-01
3.215686380863189697e-01 1.372549086809158325e-01 3.215686380863189697e-01 2.196078449487686157e-01
3.215686380863189697e-01 2.196078449487686157e-01 4.823529422283172607e-01 2.196078449487686157e-01
4.823529422283172607e-01 2.196078449487686157e-01 4.823529422283172607e-01 1.803921610116958618e-01
4.823529422283172607e-01 1.803921610116958618e-01 4.823529422283172607e-01 1.803921610116958618e-01
