5.529412031173706055e-01 2.196078449487686157e-01 4.980392158031463623e-01 2.196078449487686157e-01
4.980392158031463623e-01 2.196078449487686157e-01 4.980392158031463623e-01 2.627451121807098389e-01
4.980392158031463623e-01 2.627451121807098389e-01 4.980392158031463623e-01 3.647058904170989990e-01
4.980392158031463623e-01 3.647058904170989990e-01 5.529412031173706055e-01 3.647058904170989990e-01
5.529412031173706055e-01 3.647058904170989990e-01 6.156862974166870117e-01 3.647058904170989990e-01
6.156862974166870117e-01 3.647058904170989990e-01 6.156862974166870117e-01 2.196078449487686157e-01
6.156862974166870117e-01 2.196078449487686157e-01 5.529412031173706055e-01 2.196078449487686157e-01
5.529412031173706055e-01 2.196078449487686157e-01 5.529412031173706055e-01 2.196078449487686157e-01
4.078431427478790283e-01 2.627451121807098389e-01 3.529411852359771729e-01 2.627451121807098389e-01
3.529411852359771729e-01 2.627451121807098389e-01 3.529411852359771729e-01 3.647058904170989990e-01
3.529411852359771729e-01 3.647058904170989990e-01 4.078431427478790283e-01 3.647058904170989990e-01
4.078431427478790283e-01 3.647058904170989990e-01 4.980392158031463623e-01 3.647058904170989990e-01
4.980392158031463623e-01 3.647058904170989990e-01 4.980392158031463623e-01 2.627451121807098389e-01
4.980392158031463623e-01 2.627451121807098389e-01 4.078431427478790283e-01 2.627451121807098389e-01
4.078431427478790283e-01 2.627451121807098389e-01 4.078431427478790283e-01 2.627451121807098389e-01
8.549019694328308105e-01 4.274509847164154053e-01 7.882353067398071289e-01 4.274509847164154053e-01
7.882353067398071289e-01 4.274509847164154053e-01 7.882353067398071289e-01 6.588235497474670410e-01
7.882353067398071289e-01 6.588235497474670410e-01 8.941176533699035645e-01 6.588235497474670410e-01
8.941176533699035645e-01 6.588235497474670410e-01 8.941176533699035645e-01 4.274509847164154053e-01
8.941176533699035645e-01 4.274509847164154053e-01 8.549019694328308105e-01 4.274509847164154053e-01
8.549019694328308105e-01 4.274509847164154053e-01 8.549019694328308105e-01 4.274509847164154053e-01
8.549019694328308105e-01 2.196078449487686157e-01 6.156862974166870117e-01 2.196078449487686157e-01
6.156862974166870117e-01 2.196078449487686157e-01 6.156862974166870117e-01 3.647058904170989990e-01
6.156862974166870117e-01 3.647058904170989990e-01 5.529412031173706055e-01 3.647058904170989990e-01
5.529412031173706055e-01 3.647058904170989990e-01 5.529412031173706055e-01 4.274509847164154053e-01
5.529412031173706055e-01 4.274509847164154053e-01 7.882353067398071289e-01 4.274509847164154053e-01
7.882353067398071289e-01 4.274509847164154053e-01 8.549019694328308105e-01 4.274509847164154053e-01
8.549019694328308105e-01 4.274509847164154053e-01 8.549019694328308105e-01 2.196078449487686157e-01
8.549019694328308105e-01 2.196078449487686157e-01 8.549019694328308105e-01 2.196078449487686157e-01
3.529411852359771729e-01 2.627451121807098389e-01 1.098039224743843079e-01 2.627451121807098389e-01
1.098039224743843079e-01 2.627451121807098389e-01 1.098039224743843079e-01 4.235294163227081299e-01
1.098039224743843079e-01 4.235294163227081299e-01 1.529411822557449341e-01 4.235294163227081299e-01
1.529411822557449341e-01 4.235294163227081299e-01 3.058823645114898682e-01 4.235294163227081299e-01
3.058823645114898682e-01 4.235294163227081299e-01 4.078431427478790283e-01 4.235294163227081299e-01
4.078431427478790283e-01 4.235294163227081299e-01 4.078431427478790283e-01 3.647058904170989990e-01
4.078431427478790283e-01 3.647058904170989990e-01 3.529411852359771729e-01 3.647058904170989990e-01
3.529411852359771729e-01 3.647058904170989990e-01 3.529411852359771729e-01 2.627451121807098389e-01
3.529411852359771729e-01 2.627451121807098389e-01 3.529411852359771729e-01 2.627451121807098389e-01
3.058823645114898682e-01 4.235294163227081299e-01 1.529411822557449341e-01 4.235294163227081299e-01
1.529411822557449341e-01 4.235294163227081299e-01 1.529411822557449341e-01 6.588235497474670410e-01
1.529411822557449341e-01 6.588235497474670410e-01 3.058823645114898682e-01 6.588235497474670410e-01
3.058823645114898682e-01 6.588235497474670410e-01 3.058823645114898682e-01 4.235294163227081299e-01
3.058823645114898682e-01 4.235294163227081299e-01 3.058823645114898682e-01 4.235294163227081299e-01
7.882353067398071289e-01 4.274509847164154053e-01 5.529412031173706055e-01 4.274509847164154053e-01
5.529412031173706055e-01 4.274509847164154053e-01 5.529412031173706055e-01 3.647058904170989990e-01
5.529412031173706055e-01 3.647058904170989990e-01 4.980392158031463623e-01 3.647058904170989990e-01
4.980392158031463623e-01 3.647058904170989990e-01 4.078431427478790283e-01 3.647058904170989990e-01
4.078431427478790283e-01 3.647058904170989990e-01 4.078431427478790283e-01 4.235294163227081299e-01
4.078431427478790283e-01 4.235294163227081299e-01 3.058823645114898682e-01 4.235294163227081299e-01
3.058823645114898682e-01 4.235294163227081299e-01 3.058823645114898682e-01 6.588235497474670410e-01
3.058823645114898682e-01 6.588235497474670410e-01 3.058823645114898682e-01 7.843137383460998535e-01
3.058823645114898682e-01 7.843137383460998535e-01 7.882353067398071289e-01 7.843137383460998535e-01
7.882353067398071289e-01 7.843137383460998535e-01 7.882353067398071289e-01 6.588235497474670410e-01
7.882353067398071289e-01 6.588235497474670410e-01 7.882353067398071289e-01 4.274509847164154053e-01
7.882353067398071289e-01 4.274509847164154053e-01 7.882353067398071289e-01 4.274509847164154053e-01
3.058823645114898682e-01 6.588235497474670410e-01 1.529411822557449341e-01 6.588235497474670410e-01
1.529411822557449341e-01 6.588235497474670410e-01 1.529411822557449341e-01 7.843137383460998535e-01
1.529411822557449341e-01 7.843137383460998535e-01 3.058823645114898682e-01 7.843137383460998535e-01
3.058823645114898682e-01 7.843137383460998535e-01 3.058823645114898682e-01 6.588235497474670410e-01
3.058823645114898682e-01 6.588235497474670410e-01 3.058823645114898682e-01 6.588235497474670410e-01
