4.156862795352935791e-01 5.647059082984924316e-01 3.215686380863189697e-01 5.647059082984924316e-01
3.215686380863189697e-01 5.647059082984924316e-01 3.215686380863189697e-01 6.352941393852233887e-01
3.215686380863189697e-01 6.352941393852233887e-01 3.215686380863189697e-01 6.705882549285888672e-01
3.215686380863189697e-01 6.705882549285888672e-01 4.156862795352935791e-01 6.705882549285888672e-01
4.156862795352935791e-01 6.705882549285888672e-01 4.156862795352935791e-01 6.352941393852233887e-01
4.156862795352935791e-01 6.352941393852233887e-01 4.156862795352935791e-01 5.647059082984924316e-01
4.156862795352935791e-01 5.647059082984924316e-01 4.156862795352935791e-01 5.647059082984924316e-01
3.215686380863189697e-01 5.647059082984924316e-01 4.156862795352935791e-01 5.647059082984924316e-01
4.156862795352935791e-01 5.647059082984924316e-01 4.862745106220245361e-01 5.647059082984924316e-01
4.862745106220245361e-01 5.647059082984924316e-01 4.862745106220245361e-01 3.725490272045135498e-01
4.862745106220245361e-01 3.725490272045135498e-01 4.156862795352935791e-01 3.725490272045135498e-01
4.156862795352935791e-01 3.725490272045135498e-01 3.215686380863189697e-01 3.725490272045135498e-01
3.215686380863189697e-01 3.725490272045135498e-01 3.215686380863189697e-01 5.647059082984924316e-01
3.215686380863189697e-01 5.647059082984924316e-01 3.215686380863189697e-01 5.647059082984924316e-01
6.666666865348815918e-01 5.764706134796142578e-01 5.686274766921997070e-01 5.764706134796142578e-01
5.686274766921997070e-01 5.764706134796142578e-01 5.686274766921997070e-01 7.647058963775634766e-01
5.686274766921997070e-01 7.647058963775634766e-01 6.666666865348815918e-01 7.647058963775634766e-01
6.666666865348815918e-01 7.647058963775634766e-01 7.450980544090270996e-01 7.647058963775634766e-01
7.450980544090270996e-01 7.647058963775634766e-01 7.450980544090270996e-01 5.764706134796142578e-01
7.450980544090270996e-01 5.764706134796142578e-01 6.666666865348815918e-01 5.764706134796142578e-01
6.666666865348815918e-01 5.764706134796142578e-01 6.666666865348815918e-01 5.764706134796142578e-01
4.862745106220245361e-01 5.647059082984924316e-01 4.156862795352935791e-01 5.647059082984924316e-01
4.156862795352935791e-01 5.647059082984924316e-01 4.156862795352935791e-01 6.352941393852233887e-01
4.156862795352935791e-01 6.352941393852233887e-01 4.862745106220245361e-01 6.352941393852233887e-01
4.862745106220245361e-01 6.352941393852233887e-01 4.862745106220245361e-01 7.647058963775634766e-01
4.862745106220245361e-01 7.647058963775634766e-01 5.686274766921997070e-01 7.647058963775634766e-01
5.686274766921997070e-01 7.647058963775634766e-01 5.686274766921997070e-01 5.764706134796142578e-01
5.686274766921997070e-01 5.764706134796142578e-01 6.666666865348815918e-01 5.764706134796142578e-01
6.666666865348815918e-01 5.764706134796142578e-01 6.666666865348815918e-01 3.333333432674407959e-01
6.666666865348815918e-01 3.333333432674407959e-01 5.686274766921997070e-01 3.333333432674407959e-01
5.686274766921997070e-01 3.333333432674407959e-01 5.686274766921997070e-01 3.725490272045135498e-01
5.686274766921997070e-01 3.725490272045135498e-01 4.862745106220245361e-01 3.725490272045135498e-01
4.862745106220245361e-01 3.725490272045135498e-01 4.862745106220245361e-01 5.647059082984924316e-01
4.862745106220245361e-01 5.647059082984924316e-01 4.862745106220245361e-01 5.647059082984924316e-01
4.156862795352935791e-01 6.705882549285888672e-01 3.215686380863189697e-01 6.705882549285888672e-01
3.215686380863189697e-01 6.705882549285888672e-01 3.215686380863189697e-01 6.352941393852233887e-01
3.215686380863189697e-01 6.352941393852233887e-01 2.588235437870025635e-01 6.352941393852233887e-01
2.588235437870025635e-01 6.352941393852233887e-01 2.588235437870025635e-01 7.647058963775634766e-01
2.588235437870025635e-01 7.647058963775634766e-01 4.156862795352935791e-01 7.647058963775634766e-01
4.156862795352935791e-01 7.647058963775634766e-01 4.862745106220245361e-01 7.647058963775634766e-01
4.862745106220245361e-01 7.647058963775634766e-01 4.862745106220245361e-01 6.352941393852233887e-01
4.862745106220245361e-01 6.352941393852233887e-01 4.156862795352935791e-01 6.352941393852233887e-01
4.156862795352935791e-01 6.352941393852233887e-01 4.156862795352935791e-01 6.705882549285888672e-01
4.156862795352935791e-01 6.705882549285888672e-01 4.156862795352935791e-01 6.705882549285888672e-01
4.156862795352935791e-01 2.352941185235977173e-01 4.156862795352935791e-01 3.333333432674407959e-01
4.156862795352935791e-01 3.333333432674407959e-01 4.156862795352935791e-01 3.725490272045135498e-01
4.156862795352935791e-01 3.725490272045135498e-01 4.862745106220245361e-01 3.725490272045135498e-01
4.862745106220245361e-01 3.725490272045135498e-01 5.686274766921997070e-01 3.725490272045135498e-01
5.686274766921997070e-01 3.725490272045135498e-01 5.686274766921997070e-01 3.333333432674407959e-01
5.686274766921997070e-01 3.333333432674407959e-01 5.686274766921997070e-01 2.352941185235977173e-01
5.686274766921997070e-01 2.352941185235977173e-01 4.156862795352935791e-01 2.352941185235977173e-01
4.156862795352935791e-01 2.352941185235977173e-01 4.156862795352935791e-01 2.352941185235977173e-01
