4.588235318660736084e-01 2.274509817361831665e-01 3.490196168422698975e-01 2.274509817361831665e-01
3.490196168422698975e-01 2.274509817361831665e-01 3.490196168422698975e-01 3.529411852359771729e-01
3.490196168422698975e-01 3.529411852359771729e-01 4.588235318660736084e-01 3.529411852359771729e-01
4.588235318660736084e-01 3.529411852359771729e-01 4.588235318660736084e-01 2.274509817361831665e-01
4.588235318660736084e-01 2.274509817361831665e-01 4.588235318660736084e-01 2.274509817361831665e-01
8.980392217636108398e-01 4.039215743541717529e-01 7.568627595901489258e-01 4.039215743541717529e-01
7.568627595901489258e-01 4.039215743541717529e-01 7.568627595901489258e-01 5.098039507865905762e-01
7.568627595901489258e-01 5.098039507865905762e-01 8.980392217636108398e-01 5.098039507865905762e-01
8.980392217636108398e-01 5.098039507865905762e-01 8.980392217636108398e-01 4.039215743541717529e-01
8.980392217636108398e-01 4.039215743541717529e-01 8.980392217636108398e-01 4.039215743541717529e-01
7.568627595901489258e-01 5.098039507865905762e-01 6.862745285034179688e-01 5.098039507865905762e-01
6.862745285034179688e-01 5.098039507865905762e-01 6.862745285034179688e-01 6.431372761726379395e-01
6.862745285034179688e-01 6.431372761726379395e-01 7.568627595901489258e-01 6.431372761726379395e-01
7.568627595901489258e-01 6.431372761726379395e-01 8.980392217636108398e-01 6.431372761726379395e-01
8.980392217636108398e-01 6.431372761726379395e-01 8.980392217636108398e-01 5.098039507865905762e-01
8.980392217636108398e-01 5.098039507865905762e-01 7.568627595901489258e-01 5.098039507865905762e-01
7.568627595901489258e-01 5.098039507865905762e-01 7.568627595901489258e-01 5.098039507865905762e-01
3.490196168422698975e-01 2.274509817361831665e-01 1.450980454683303833e-01 2.274509817361831665e-01
1.450980454683303833e-01 2.274509817361831665e-01 1.450980454683303833e-01 4.117647111415863037e-01
1.450980454683303833e-01 4.117647111415863037e-01 2.000000029802322388e-01 4.117647111415863037e-01
2.000000029802322388e-01 4.117647111415863037e-01 4.588235318660736084e-01 4.117647111415863037e-01
4.588235318660736084e-01 4.117647111415863037e-01 4.588235318660736084e-01 3.529411852359771729e-01
4.588235318660736084e-01 3.529411852359771729e-01 3.490196168422698975e-01 3.529411852359771729e-01
3.490196168422698975e-01 3.529411852359771729e-01 3.490196168422698975e-01 2.274509817361831665e-01
3.490196168422698975e-01 2.274509817361831665e-01 3.490196168422698975e-01 2.274509817361831665e-01
7.568627595901489258e-01 2.274509817361831665e-01 6.862745285034179688e-01 2.274509817361831665e-01
6.862745285034179688e-01 2.274509817361831665e-01 6.862745285034179688e-01 4.039215743541717529e-01
6.862745285034179688e-01 4.039215743541717529e-01 7.568627595901489258e-01 4.039215743541717529e-01
7.568627595901489258e-01 4.039215743541717529e-01 8.980392217636108398e-01 4.039215743541717529e-01
8.980392217636108398e-01 4.039215743541717529e-01 8.980392217636108398e-01 2.274509817361831665e-01
8.980392217636108398e-01 2.274509817361831665e-01 7.568627595901489258e-01 2.274509817361831665e-01
7.568627595901489258e-01 2.274509817361831665e-01 7.568627595901489258e-01 2.274509817361831665e-01
8.980392217636108398e-01 7.725490331649780273e-01 8.980392217636108398e-01 6.431372761726379395e-01
8.980392217636108398e-01 6.431372761726379395e-01 7.568627595901489258e-01 6.431372761726379395e-01
7.568627595901489258e-01 6.431372761726379395e-01 6.862745285034179688e-01 6.431372761726379395e-01
6.862745285034179688e-01 6.431372761726379395e-01 6.862745285034179688e-01 7.098039388656616211e-01
6.862745285034179688e-01 7.098039388656616211e-01 6.862745285034179688e-01 7.725490331649780273e-01
6.862745285034179688e-01 7.725490331649780273e-01 8.980392217636108398e-01 7.725490331649780273e-01
8.980392217636108398e-01 7.725490331649780273e-01 8.980392217636108398e-01 7.725490331649780273e-01
6.862745285034179688e-01 2.274509817361831665e-01 4.588235318660736084e-01 2.274509817361831665e-01
4.588235318660736084e-01 2.274509817361831665e-01 4.588235318660736084e-01 3.529411852359771729e-01
4.588235318660736084e-01 3.529411852359771729e-01 4.588235318660736084e-01 4.117647111415863037e-01
4.588235318660736084e-01 4.117647111415863037e-01 4.588235318660736084e-01 5.960784554481506348e-01
4.588235318660736084e-01 5.960784554481506348e-01 4.588235318660736084e-01 7.098039388656616211e-01
4.588235318660736084e-01 7.098039388656616211e-01 6.862745285034179688e-01 7.098039388656616211e-01
6.862745285034179688e-01 7.098039388656616211e-01 6.862745285034179688e-01 6.431372761726379395e-01
6.862745285034179688e-01 6.431372761726379395e-01 6.862745285034179688e-01 5.098039507865905762e-01
6.862745285034179688e-01 5.098039507865905762e-01 7.568627595901489258e-01 5.098039507865905762e-01
7.568627595901489258e-01 5.098039507865905762e-01 7.568627595901489258e-01 4.039215743541717529e-01
7.568627595901489258e-01 4.039215743541717529e-01 6.862745285034179688e-01 4.039215743541717529e-01
6.862745285034179688e-01 4.039215743541717529e-01 6.862745285034179688e-01 2.274509817361831665e-01
6.862745285034179688e-01 2.274509817361831665e-01 6.862745285034179688e-01 2.274509817361831665e-01
1.450980454683303833e-01 4.117647111415863037e-01 1.019607856869697571e-01 4.117647111415863037e-01
1.019607856869697571e-01 4.117647111415863037e-01 1.019607856869697571e-01 5.960784554481506348e-01
1.019607856869697571e-01 5.960784554481506348e-01 2.000000029802322388e-01 5.960784554481506348e-01
2.000000029802322388e-01 5.960784554481506348e-01 2.000000029802322388e-01 4.117647111415863037e-01
2.000000029802322388e-01 4.117647111415863037e-01 1.450980454683303833e-01 4.117647111415863037e-01
1.450980454683303833e-01 4.117647111415863037e-01 1.450980454683303833e-01 4.117647111415863037e-01
4.588235318660736084e-01 5.960784554481506348e-01 4.588235318660736084e-01 4.117647111415863037e-01
4.588235318660736084e-01 4.117647111415863037e-01 2.000000029802322388e-01 4.117647111415863037e-01
2.000000029802322388e-01 4.117647111415863037e-01 2.000000029802322388e-01 5.960784554481506348e-01
2.000000029802322388e-01 5.960784554481506348e-01 4.588235318660736084e-01 5.960784554481506348e-01
4.588235318660736084e-01 5.960784554481506348e-01 4.588235318660736084e-01 5.960784554481506348e-01
