9.019607901573181152e-01 5.450980663299560547e-01 7.607843279838562012e-01 5.450980663299560547e-01
7.607843279838562012e-01 5.450980663299560547e-01 7.607843279838562012e-01 6.431372761726379395e-01
7.607843279838562012e-01 6.431372761726379395e-01 9.019607901573181152e-01 6.431372761726379395e-01
9.019607901573181152e-01 6.431372761726379395e-01 9.019607901573181152e-01 5.450980663299560547e-01
9.019607901573181152e-01 5.450980663299560547e-01 9.019607901573181152e-01 5.450980663299560547e-01
7.607843279838562012e-01 5.450980663299560547e-01 9.019607901573181152e-01 5.450980663299560547e-01
9.019607901573181152e-01 5.450980663299560547e-01 9.019607901573181152e-01 4.431372582912445068e-01
9.019607901573181152e-01 4.431372582912445068e-01 7.607843279838562012e-01 4.431372582912445068e-01
7.607843279838562012e-01 4.431372582912445068e-01 7.607843279838562012e-01 5.450980663299560547e-01
7.607843279838562012e-01 5.450980663299560547e-01 7.607843279838562012e-01 5.450980663299560547e-01
6.901960968971252441e-01 7.725490331649780273e-01 4.313725531101226807e-01 7.725490331649780273e-01
4.313725531101226807e-01 7.725490331649780273e-01 4.313725531101226807e-01 8.705882430076599121e-01
4.313725531101226807e-01 8.705882430076599121e-01 6.901960968971252441e-01 8.705882430076599121e-01
6.901960968971252441e-01 8.705882430076599121e-01 6.901960968971252441e-01 7.725490331649780273e-01
6.901960968971252441e-01 7.725490331649780273e-01 6.901960968971252441e-01 7.725490331649780273e-01
7.607843279838562012e-01 5.450980663299560547e-01 6.901960968971252441e-01 5.450980663299560547e-01
6.901960968971252441e-01 5.450980663299560547e-01 6.901960968971252441e-01 7.725490331649780273e-01
6.901960968971252441e-01 7.725490331649780273e-01 6.901960968971252441e-01 8.705882430076599121e-01
6.901960968971252441e-01 8.705882430076599121e-01 9.019607901573181152e-01 8.705882430076599121e-01
9.019607901573181152e-01 8.705882430076599121e-01 9.019607901573181152e-01 6.431372761726379395e-01
9.019607901573181152e-01 6.431372761726379395e-01 7.607843279838562012e-01 6.431372761726379395e-01
7.607843279838562012e-01 6.431372761726379395e-01 7.607843279838562012e-01 5.450980663299560547e-01
7.607843279838562012e-01 5.450980663299560547e-01 7.607843279838562012e-01 5.450980663299560547e-01
9.019607901573181152e-01 4.431372582912445068e-01 9.019607901573181152e-01 2.470588237047195435e-01
9.019607901573181152e-01 2.470588237047195435e-01 6.627451181411743164e-01 2.470588237047195435e-01
6.627451181411743164e-01 2.470588237047195435e-01 6.627451181411743164e-01 4.431372582912445068e-01
6.627451181411743164e-01 4.431372582912445068e-01 7.607843279838562012e-01 4.431372582912445068e-01
7.607843279838562012e-01 4.431372582912445068e-01 9.019607901573181152e-01 4.431372582912445068e-01
9.019607901573181152e-01 4.431372582912445068e-01 9.019607901573181152e-01 4.431372582912445068e-01
6.901960968971252441e-01 5.450980663299560547e-01 7.607843279838562012e-01 5.450980663299560547e-01
7.607843279838562012e-01 5.450980663299560547e-01 7.607843279838562012e-01 4.431372582912445068e-01
7.607843279838562012e-01 4.431372582912445068e-01 6.627451181411743164e-01 4.431372582912445068e-01
6.627451181411743164e-01 4.431372582912445068e-01 4.313725531101226807e-01 4.431372582912445068e-01
4.313725531101226807e-01 4.431372582912445068e-01 4.313725531101226807e-01 5.411764979362487793e-01
4.313725531101226807e-01 5.411764979362487793e-01 4.313725531101226807e-01 7.725490331649780273e-01
4.313725531101226807e-01 7.725490331649780273e-01 6.901960968971252441e-01 7.725490331649780273e-01
6.901960968971252441e-01 7.725490331649780273e-01 6.901960968971252441e-01 5.450980663299560547e-01
6.901960968971252441e-01 5.450980663299560547e-01 6.901960968971252441e-01 5.450980663299560547e-01
1.568627506494522095e-01 2.470588237047195435e-01 9.803921729326248169e-02 2.470588237047195435e-01
9.803921729326248169e-02 2.470588237047195435e-01 9.803921729326248169e-02 4.392156898975372314e-01
9.803921729326248169e-02 4.392156898975372314e-01 1.568627506494522095e-01 4.392156898975372314e-01
1.568627506494522095e-01 4.392156898975372314e-01 2.431372553110122681e-01 4.392156898975372314e-01
2.431372553110122681e-01 4.392156898975372314e-01 2.431372553110122681e-01 2.470588237047195435e-01
2.431372553110122681e-01 2.470588237047195435e-01 1.568627506494522095e-01 2.470588237047195435e-01
1.568627506494522095e-01 2.470588237047195435e-01 1.568627506494522095e-01 2.470588237047195435e-01
4.313725531101226807e-01 2.470588237047195435e-01 4.313725531101226807e-01 1.098039224743843079e-01
4.313725531101226807e-01 1.098039224743843079e-01 3.058823645114898682e-01 1.098039224743843079e-01
3.058823645114898682e-01 1.098039224743843079e-01 3.058823645114898682e-01 2.470588237047195435e-01
3.058823645114898682e-01 2.470588237047195435e-01 4.313725531101226807e-01 2.470588237047195435e-01
4.313725531101226807e-01 2.470588237047195435e-01 4.313725531101226807e-01 2.470588237047195435e-01
4.313725531101226807e-01 4.431372582912445068e-01 4.313725531101226807e-01 2.470588237047195435e-01
4.313725531101226807e-01 2.470588237047195435e-01 3.058823645114898682e-01 2.470588237047195435e-01
3.058823645114898682e-01 2.470588237047195435e-01 2.431372553110122681e-01 2.470588237047195435e-01
2.431372553110122681e-01 2.470588237047195435e-01 2.431372553110122681e-01 4.392156898975372314e-01
2.431372553110122681e-01 4.392156898975372314e-01 1.568627506494522095e-01 4.392156898975372314e-01
1.568627506494522095e-01 4.392156898975372314e-01 1.568627506494522095e-01 5.411764979362487793e-01
1.568627506494522095e-01 5.411764979362487793e-01 4.313725531101226807e-01 5.411764979362487793e-01
4.313725531101226807e-01 5.411764979362487793e-01 4.313725531101226807e-01 4.431372582912445068e-01
4.313725531101226807e-01 4.431372582912445068e-01 4.313725531101226807e-01 4.431372582912445068e-01
4.313725531101226807e-01 4.431372582912445068e-01 6.627451181411743164e-01 4.431372582912445068e-01
6.627451181411743164e-01 4.431372582912445068e-01 6.627451181411743164e-01 2.470588237047195435e-01
6.627451181411743164e-01 2.470588237047195435e-01 4.313725531101226807e-01 2.470588237047195435e-01
4.313725531101226807e-01 2.470588237047195435e-01 4.313725531101226807e-01 4.431372582912445068e-01
4.313725531101226807e-01 4.431372582912445068e-01 4.313725531101226807e-01 4.431372582912445068e-01
