4.078431427478790283e-01 5.333333611488342285e-01 5.372549295425415039e-01 5.333333611488342285e-01
5.372549295425415039e-01 5.333333611488342285e-01 5.372549295425415039e-01 7.647058963775634766e-01
5.372549295425415039e-01 7.647058963775634766e-01 4.078431427478790283e-01 7.647058963775634766e-01
4.078431427478790283e-01 7.647058963775634766e-01 4.078431427478790283e-01 8.392156958580017090e-01
4.078431427478790283e-01 8.392156958580017090e-01 7.607843279838562012e-01 8.392156958580017090e-01
7.607843279838562012e-01 8.392156958580017090e-01 7.607843279838562012e-01 1.960784345865249634e-01
7.607843279838562012e-01 1.960784345865249634e-01 4.901960790157318115e-01 1.960784345865249634e-01
4.901960790157318115e-01 1.960784345865249634e-01 4.901960790157318115e-01 2.784313857555389404e-01
4.901960790157318115e-01 2.784313857555389404e-01 4.078431427478790283e-01 2.784313857555389404e-01
4.078431427478790283e-01 2.784313857555389404e-01 4.078431427478790283e-01 3.843137323856353760e-01
4.078431427478790283e-01 3.843137323856353760e-01 4.078431427478790283e-01 5.333333611488342285e-01
4.078431427478790283e-01 5.333333611488342285e-01 4.078431427478790283e-01 5.333333611488342285e-01
4.078431427478790283e-01 5.333333611488342285e-01 3.607843220233917236e-01 5.333333611488342285e-01
3.607843220233917236e-01 5.333333611488342285e-01 3.607843220233917236e-01 7.647058963775634766e-01
3.607843220233917236e-01 7.647058963775634766e-01 4.078431427478790283e-01 7.647058963775634766e-01
4.078431427478790283e-01 7.647058963775634766e-01 5.372549295425415039e-01 7.647058963775634766e-01
5.372549295425415039e-01 7.647058963775634766e-01 5.372549295425415039e-01 5.333333611488342285e-01
5.372549295425415039e-01 5.333333611488342285e-01 4.078431427478790283e-01 5.333333611488342285e-01
4.078431427478790283e-01 5.333333611488342285e-01 4.078431427478790283e-01 5.333333611488342285e-01
2.745098173618316650e-01 5.333333611488342285e-01 3.607843220233917236e-01 5.333333611488342285e-01
3.607843220233917236e-01 5.333333611488342285e-01 4.078431427478790283e-01 5.333333611488342285e-01
4.078431427478790283e-01 5.333333611488342285e-01 4.078431427478790283e-01 3.843137323856353760e-01
4.078431427478790283e-01 3.843137323856353760e-01 2.745098173618316650e-01 3.843137323856353760e-01
2.745098173618316650e-01 3.843137323856353760e-01 2.745098173618316650e-01 5.333333611488342285e-01
2.745098173618316650e-01 5.333333611488342285e-01 2.745098173618316650e-01 5.333333611488342285e-01
2.745098173618316650e-01 3.843137323856353760e-01 4.078431427478790283e-01 3.843137323856353760e-01
4.078431427478790283e-01 3.843137323856353760e-01 4.078431427478790283e-01 2.784313857555389404e-01
4.078431427478790283e-01 2.784313857555389404e-01 4.078431427478790283e-01 1.960784345865249634e-01
4.078431427478790283e-01 1.960784345865249634e-01 2.745098173618316650e-01 1.960784345865249634e-01
2.745098173618316650e-01 1.960784345865249634e-01 2.745098173618316650e-01 3.843137323856353760e-01
2.745098173618316650e-01 3.843137323856353760e-01 2.745098173618316650e-01 3.843137323856353760e-01
4.078431427478790283e-01 1.960784345865249634e-01 4.078431427478790283e-01 2.784313857555389404e-01
4.078431427478790283e-01 2.784313857555389404e-01 4.901960790157318115e-01 2.784313857555389404e-01
4.901960790157318115e-01 2.784313857555389404e-01 4.901960790157318115e-01 1.960784345865249634e-01
4.901960790157318115e-01 1.960784345865249634e-01 4.078431427478790283e-01 1.960784345865249634e-01
4.078431427478790283e-01 1.960784345865249634e-01 4.078431427478790283e-01 1.960784345865249634e-01
