6.039215922355651855e-01 5.450980663299560547e-01 5.058823823928833008e-01 5.450980663299560547e-01
5.058823823928833008e-01 5.450980663299560547e-01 5.058823823928833008e-01 6.941176652908325195e-01
5.058823823928833008e-01 6.941176652908325195e-01 6.039215922355651855e-01 6.941176652908325195e-01
6.039215922355651855e-01 6.941176652908325195e-01 6.039215922355651855e-01 5.450980663299560547e-01
6.039215922355651855e-01 5.450980663299560547e-01 6.039215922355651855e-01 5.450980663299560547e-01
1.960784345865249634e-01 5.450980663299560547e-01 3.254902064800262451e-01 5.450980663299560547e-01
3.254902064800262451e-01 5.450980663299560547e-01 3.254902064800262451e-01 4.392156898975372314e-01
3.254902064800262451e-01 4.392156898975372314e-01 1.960784345865249634e-01 4.392156898975372314e-01
1.960784345865249634e-01 4.392156898975372314e-01 1.960784345865249634e-01 5.450980663299560547e-01
1.960784345865249634e-01 5.450980663299560547e-01 1.960784345865249634e-01 5.450980663299560547e-01
3.254902064800262451e-01 5.450980663299560547e-01 4.000000059604644775e-01 5.450980663299560547e-01
4.000000059604644775e-01 5.450980663299560547e-01 4.000000059604644775e-01 4.666666686534881592e-01
4.000000059604644775e-01 4.666666686534881592e-01 4.000000059604644775e-01 2.352941185235977173e-01
4.000000059604644775e-01 2.352941185235977173e-01 4.000000059604644775e-01 1.921568661928176880e-01
4.000000059604644775e-01 1.921568661928176880e-01 1.960784345865249634e-01 1.921568661928176880e-01
1.960784345865249634e-01 1.921568661928176880e-01 1.960784345865249634e-01 4.392156898975372314e-01
1.960784345865249634e-01 4.392156898975372314e-01 3.254902064800262451e-01 4.392156898975372314e-01
3.254902064800262451e-01 4.392156898975372314e-01 3.254902064800262451e-01 5.450980663299560547e-01
3.254902064800262451e-01 5.450980663299560547e-01 3.254902064800262451e-01 5.450980663299560547e-01
4.000000059604644775e-01 2.352941185235977173e-01 4.000000059604644775e-01 4.666666686534881592e-01
4.000000059604644775e-01 4.666666686534881592e-01 5.764706134796142578e-01 4.666666686534881592e-01
5.764706134796142578e-01 4.666666686534881592e-01 5.764706134796142578e-01 2.352941185235977173e-01
5.764706134796142578e-01 2.352941185235977173e-01 4.000000059604644775e-01 2.352941185235977173e-01
4.000000059604644775e-01 2.352941185235977173e-01 4.000000059604644775e-01 2.352941185235977173e-01
4.000000059604644775e-01 5.450980663299560547e-01 3.254902064800262451e-01 5.450980663299560547e-01
3.254902064800262451e-01 5.450980663299560547e-01 3.254902064800262451e-01 6.941176652908325195e-01
3.254902064800262451e-01 6.941176652908325195e-01 4.000000059604644775e-01 6.941176652908325195e-01
4.000000059604644775e-01 6.941176652908325195e-01 5.058823823928833008e-01 6.941176652908325195e-01
5.058823823928833008e-01 6.941176652908325195e-01 5.058823823928833008e-01 5.450980663299560547e-01
5.058823823928833008e-01 5.450980663299560547e-01 4.000000059604644775e-01 5.450980663299560547e-01
4.000000059604644775e-01 5.450980663299560547e-01 4.000000059604644775e-01 5.450980663299560547e-01
4.000000059604644775e-01 5.450980663299560547e-01 5.058823823928833008e-01 5.450980663299560547e-01
5.058823823928833008e-01 5.450980663299560547e-01 6.039215922355651855e-01 5.450980663299560547e-01
6.039215922355651855e-01 5.450980663299560547e-01 6.039215922355651855e-01 6.941176652908325195e-01
6.039215922355651855e-01 6.941176652908325195e-01 7.098039388656616211e-01 6.941176652908325195e-01
7.098039388656616211e-01 6.941176652908325195e-01 8.039215803146362305e-01 6.941176652908325195e-01
8.039215803146362305e-01 6.941176652908325195e-01 8.039215803146362305e-01 2.352941185235977173e-01
8.039215803146362305e-01 2.352941185235977173e-01 5.764706134796142578e-01 2.352941185235977173e-01
5.764706134796142578e-01 2.352941185235977173e-01 5.764706134796142578e-01 4.666666686534881592e-01
5.764706134796142578e-01 4.666666686534881592e-01 4.000000059604644775e-01 4.666666686534881592e-01
4.000000059604644775e-01 4.666666686534881592e-01 4.000000059604644775e-01 5.450980663299560547e-01
4.000000059604644775e-01 5.450980663299560547e-01 4.000000059604644775e-01 5.450980663299560547e-01
6.039215922355651855e-01 6.941176652908325195e-01 5.058823823928833008e-01 6.941176652908325195e-01
5.058823823928833008e-01 6.941176652908325195e-01 5.058823823928833008e-01 8.078431487083435059e-01
5.058823823928833008e-01 8.078431487083435059e-01 7.098039388656616211e-01 8.078431487083435059e-01
7.098039388656616211e-01 8.078431487083435059e-01 7.098039388656616211e-01 6.941176652908325195e-01
7.098039388656616211e-01 6.941176652908325195e-01 6.039215922355651855e-01 6.941176652908325195e-01
6.039215922355651855e-01 6.941176652908325195e-01 6.039215922355651855e-01 6.941176652908325195e-01
