4.352941215038299561e-01 2.588235437870025635e-01 3.450980484485626221e-01 2.588235437870025635e-01
3.450980484485626221e-01 2.588235437870025635e-01 3.450980484485626221e-01 4.156862795352935791e-01
3.450980484485626221e-01 4.156862795352935791e-01 4.352941215038299561e-01 4.156862795352935791e-01
4.352941215038299561e-01 4.156862795352935791e-01 4.352941215038299561e-01 2.588235437870025635e-01
4.352941215038299561e-01 2.588235437870025635e-01 4.352941215038299561e-01 2.588235437870025635e-01
5.098039507865905762e-01 2.588235437870025635e-01 4.352941215038299561e-01 2.588235437870025635e-01
4.352941215038299561e-01 2.588235437870025635e-01 4.352941215038299561e-01 4.156862795352935791e-01
4.352941215038299561e-01 4.156862795352935791e-01 3.450980484485626221e-01 4.156862795352935791e-01
3.450980484485626221e-01 4.156862795352935791e-01 3.450980484485626221e-01 5.411764979362487793e-01
3.450980484485626221e-01 5.411764979362487793e-01 5.058823823928833008e-01 5.411764979362487793e-01
5.058823823928833008e-01 5.411764979362487793e-01 5.058823823928833008e-01 7.411764860153198242e-01
5.058823823928833008e-01 7.411764860153198242e-01 6.588235497474670410e-01 7.411764860153198242e-01
6.588235497474670410e-01 7.411764860153198242e-01 6.588235497474670410e-01 4.156862795352935791e-01
6.588235497474670410e-01 4.156862795352935791e-01 5.098039507865905762e-01 4.156862795352935791e-01
5.098039507865905762e-01 4.156862795352935791e-01 5.098039507865905762e-01 2.588235437870025635e-01
5.098039507865905762e-01 2.588235437870025635e-01 5.098039507865905762e-01 2.588235437870025635e-01
6.588235497474670410e-01 2.588235437870025635e-01 5.098039507865905762e-01 2.588235437870025635e-01
5.098039507865905762e-01 2.588235437870025635e-01 5.098039507865905762e-01 4.156862795352935791e-01
5.098039507865905762e-01 4.156862795352935791e-01 6.588235497474670410e-01 4.156862795352935791e-01
6.588235497474670410e-01 4.156862795352935791e-01 6.588235497474670410e-01 2.588235437870025635e-01
6.588235497474670410e-01 2.588235437870025635e-01 6.588235497474670410e-01 2.588235437870025635e-01
3.450980484485626221e-01 5.411764979362487793e-01 3.450980484485626221e-01 7.411764860153198242e-01
3.450980484485626221e-01 7.411764860153198242e-01 5.058823823928833008e-01 7.411764860153198242e-01
5.058823823928833008e-01 7.411764860153198242e-01 5.058823823928833008e-01 5.411764979362487793e-01
5.058823823928833008e-01 5.411764979362487793e-01 3.450980484485626221e-01 5.411764979362487793e-01
3.450980484485626221e-01 5.411764979362487793e-01 3.450980484485626221e-01 5.411764979362487793e-01
