7.607843279838562012e-01 9.019608050584793091e-02 6.470588445663452148e-01 9.019608050584793091e-02
6.470588445663452148e-01 9.019608050584793091e-02 6.470588445663452148e-01 2.431372553110122681e-01
6.470588445663452148e-01 2.431372553110122681e-01 7.137255072593688965e-01 2.431372553110122681e-01
7.137255072593688965e-01 2.431372553110122681e-01 7.607843279838562012e-01 2.431372553110122681e-01
7.607843279838562012e-01 2.431372553110122681e-01 7.607843279838562012e-01 9.019608050584793091e-02
7.607843279838562012e-01 9.019608050584793091e-02 7.607843279838562012e-01 9.019608050584793091e-02
3.803921639919281006e-01 6.078431606292724609e-01 3.803921639919281006e-01 5.529412031173706055e-01
3.803921639919281006e-01 5.529412031173706055e-01 2.392156869173049927e-01 5.529412031173706055e-01
2.392156869173049927e-01 5.529412031173706055e-01 2.392156869173049927e-01 6.078431606292724609e-01
2.392156869173049927e-01 6.078431606292724609e-01 2.392156869173049927e-01 6.705882549285888672e-01
2.392156869173049927e-01 6.705882549285888672e-01 3.803921639919281006e-01 6.705882549285888672e-01
3.803921639919281006e-01 6.705882549285888672e-01 3.803921639919281006e-01 6.078431606292724609e-01
3.803921639919281006e-01 6.078431606292724609e-01 3.803921639919281006e-01 6.078431606292724609e-01
4.509803950786590576e-01 9.137254953384399414e-01 7.137255072593688965e-01 9.137254953384399414e-01
7.137255072593688965e-01 9.137254953384399414e-01 7.137255072593688965e-01 8.313725590705871582e-01
7.137255072593688965e-01 8.313725590705871582e-01 4.509803950786590576e-01 8.313725590705871582e-01
4.509803950786590576e-01 8.313725590705871582e-01 4.509803950786590576e-01 9.137254953384399414e-01
4.509803950786590576e-01 9.137254953384399414e-01 4.509803950786590576e-01 9.137254953384399414e-01
4.509803950786590576e-01 6.078431606292724609e-01 3.803921639919281006e-01 6.078431606292724609e-01
3.803921639919281006e-01 6.078431606292724609e-01 3.803921639919281006e-01 6.705882549285888672e-01
3.803921639919281006e-01 6.705882549285888672e-01 2.392156869173049927e-01 6.705882549285888672e-01
2.392156869173049927e-01 6.705882549285888672e-01 2.392156869173049927e-01 9.137254953384399414e-01
2.392156869173049927e-01 9.137254953384399414e-01 4.509803950786590576e-01 9.137254953384399414e-01
4.509803950786590576e-01 9.137254953384399414e-01 4.509803950786590576e-01 8.313725590705871582e-01
4.509803950786590576e-01 8.313725590705871582e-01 4.509803950786590576e-01 6.078431606292724609e-01
4.509803950786590576e-01 6.078431606292724609e-01 4.509803950786590576e-01 6.078431606292724609e-01
2.392156869173049927e-01 3.215686380863189697e-01 2.392156869173049927e-01 5.529412031173706055e-01
2.392156869173049927e-01 5.529412031173706055e-01 3.803921639919281006e-01 5.529412031173706055e-01
3.803921639919281006e-01 5.529412031173706055e-01 4.509803950786590576e-01 5.529412031173706055e-01
4.509803950786590576e-01 5.529412031173706055e-01 4.509803950786590576e-01 3.215686380863189697e-01
4.509803950786590576e-01 3.215686380863189697e-01 3.803921639919281006e-01 3.215686380863189697e-01
3.803921639919281006e-01 3.215686380863189697e-01 3.137255012989044189e-01 3.215686380863189697e-01
3.137255012989044189e-01 3.215686380863189697e-01 2.392156869173049927e-01 3.215686380863189697e-01
2.392156869173049927e-01 3.215686380863189697e-01 2.392156869173049927e-01 3.215686380863189697e-01
3.137255012989044189e-01 3.215686380863189697e-01 3.803921639919281006e-01 3.215686380863189697e-01
3.803921639919281006e-01 3.215686380863189697e-01 4.509803950786590576e-01 3.215686380863189697e-01
4.509803950786590576e-01 3.215686380863189697e-01 4.509803950786590576e-01 2.431372553110122681e-01
4.509803950786590576e-01 2.431372553110122681e-01 4.509803950786590576e-01 9.019608050584793091e-02
4.509803950786590576e-01 9.019608050584793091e-02 3.137255012989044189e-01 9.019608050584793091e-02
3.137255012989044189e-01 9.019608050584793091e-02 3.137255012989044189e-01 3.215686380863189697e-01
3.137255012989044189e-01 3.215686380863189697e-01 3.137255012989044189e-01 3.215686380863189697e-01
3.803921639919281006e-01 6.078431606292724609e-01 4.509803950786590576e-01 6.078431606292724609e-01
4.509803950786590576e-01 6.078431606292724609e-01 4.509803950786590576e-01 8.313725590705871582e-01
4.509803950786590576e-01 8.313725590705871582e-01 7.137255072593688965e-01 8.313725590705871582e-01
7.137255072593688965e-01 8.313725590705871582e-01 7.137255072593688965e-01 2.431372553110122681e-01
7.137255072593688965e-01 2.431372553110122681e-01 6.470588445663452148e-01 2.431372553110122681e-01
6.470588445663452148e-01 2.431372553110122681e-01 4.509803950786590576e-01 2.431372553110122681e-01
4.509803950786590576e-01 2.431372553110122681e-01 4.509803950786590576e-01 3.215686380863189697e-01
4.509803950786590576e-01 3.215686380863189697e-01 4.509803950786590576e-01 5.529412031173706055e-01
4.509803950786590576e-01 5.529412031173706055e-01 3.803921639919281006e-01 5.529412031173706055e-01
3.803921639919281006e-01 5.529412031173706055e-01 3.803921639919281006e-01 6.078431606292724609e-01
3.803921639919281006e-01 6.078431606292724609e-01 3.803921639919281006e-01 6.078431606292724609e-01
4.509803950786590576e-01 9.019608050584793091e-02 4.509803950786590576e-01 2.431372553110122681e-01
4.509803950786590576e-01 2.431372553110122681e-01 6.470588445663452148e-01 2.431372553110122681e-01
6.470588445663452148e-01 2.431372553110122681e-01 6.470588445663452148e-01 9.019608050584793091e-02
6.470588445663452148e-01 9.019608050584793091e-02 4.509803950786590576e-01 9.019608050584793091e-02
4.509803950786590576e-01 9.019608050584793091e-02 4.509803950786590576e-01 9.019608050584793091e-02
