4.117647111415863037e-01 4.705882370471954346e-01 4.470588266849517822e-01 4.705882370471954346e-01
4.470588266849517822e-01 4.705882370471954346e-01 5.254902243614196777e-01 4.705882370471954346e-01
5.254902243614196777e-01 4.705882370471954346e-01 5.254902243614196777e-01 3.529411852359771729e-01
5.254902243614196777e-01 3.529411852359771729e-01 4.470588266849517822e-01 3.529411852359771729e-01
4.470588266849517822e-01 3.529411852359771729e-01 4.117647111415863037e-01 3.529411852359771729e-01
4.117647111415863037e-01 3.529411852359771729e-01 4.117647111415863037e-01 4.705882370471954346e-01
4.117647111415863037e-01 4.705882370471954346e-01 4.117647111415863037e-01 4.705882370471954346e-01
4.470588266849517822e-01 3.529411852359771729e-01 5.254902243614196777e-01 3.529411852359771729e-01
5.254902243614196777e-01 3.529411852359771729e-01 5.254902243614196777e-01 2.509804069995880127e-01
5.254902243614196777e-01 2.509804069995880127e-01 4.470588266849517822e-01 2.509804069995880127e-01
4.470588266849517822e-01 2.509804069995880127e-01 3.490196168422698975e-01 2.509804069995880127e-01
3.490196168422698975e-01 2.509804069995880127e-01 3.490196168422698975e-01 3.529411852359771729e-01
3.490196168422698975e-01 3.529411852359771729e-01 4.117647111415863037e-01 3.529411852359771729e-01
4.117647111415863037e-01 3.529411852359771729e-01 4.470588266849517822e-01 3.529411852359771729e-01
4.470588266849517822e-01 3.529411852359771729e-01 4.470588266849517822e-01 3.529411852359771729e-01
4.117647111415863037e-01 4.705882370471954346e-01 2.627451121807098389e-01 4.705882370471954346e-01
2.627451121807098389e-01 4.705882370471954346e-01 2.627451121807098389e-01 6.705882549285888672e-01
2.627451121807098389e-01 6.705882549285888672e-01 4.470588266849517822e-01 6.705882549285888672e-01
4.470588266849517822e-01 6.705882549285888672e-01 4.470588266849517822e-01 5.333333611488342285e-01
4.470588266849517822e-01 5.333333611488342285e-01 4.470588266849517822e-01 4.705882370471954346e-01
4.470588266849517822e-01 4.705882370471954346e-01 4.117647111415863037e-01 4.705882370471954346e-01
4.117647111415863037e-01 4.705882370471954346e-01 4.117647111415863037e-01 4.705882370471954346e-01
4.470588266849517822e-01 5.333333611488342285e-01 4.470588266849517822e-01 6.705882549285888672e-01
4.470588266849517822e-01 6.705882549285888672e-01 4.470588266849517822e-01 7.490196228027343750e-01
4.470588266849517822e-01 7.490196228027343750e-01 6.117647290229797363e-01 7.490196228027343750e-01
6.117647290229797363e-01 7.490196228027343750e-01 6.117647290229797363e-01 5.333333611488342285e-01
6.117647290229797363e-01 5.333333611488342285e-01 4.470588266849517822e-01 5.333333611488342285e-01
4.470588266849517822e-01 5.333333611488342285e-01 4.470588266849517822e-01 5.333333611488342285e-01
5.254902243614196777e-01 4.705882370471954346e-01 4.470588266849517822e-01 4.705882370471954346e-01
4.470588266849517822e-01 4.705882370471954346e-01 4.470588266849517822e-01 5.333333611488342285e-01
4.470588266849517822e-01 5.333333611488342285e-01 6.117647290229797363e-01 5.333333611488342285e-01
6.117647290229797363e-01 5.333333611488342285e-01 7.411764860153198242e-01 5.333333611488342285e-01
7.411764860153198242e-01 5.333333611488342285e-01 7.411764860153198242e-01 2.509804069995880127e-01
7.411764860153198242e-01 2.509804069995880127e-01 5.254902243614196777e-01 2.509804069995880127e-01
5.254902243614196777e-01 2.509804069995880127e-01 5.254902243614196777e-01 3.529411852359771729e-01
5.254902243614196777e-01 3.529411852359771729e-01 5.254902243614196777e-01 4.705882370471954346e-01
5.254902243614196777e-01 4.705882370471954346e-01 5.254902243614196777e-01 4.705882370471954346e-01
4.470588266849517822e-01 6.705882549285888672e-01 2.627451121807098389e-01 6.705882549285888672e-01
2.627451121807098389e-01 6.705882549285888672e-01 2.627451121807098389e-01 7.490196228027343750e-01
2.627451121807098389e-01 7.490196228027343750e-01 4.470588266849517822e-01 7.490196228027343750e-01
4.470588266849517822e-01 7.490196228027343750e-01 4.470588266849517822e-01 6.705882549285888672e-01
4.470588266849517822e-01 6.705882549285888672e-01 4.470588266849517822e-01 6.705882549285888672e-01
