6.509804129600524902e-01 4.196078479290008545e-01 5.568627715110778809e-01 4.196078479290008545e-01
5.568627715110778809e-01 4.196078479290008545e-01 5.568627715110778809e-01 5.607843399047851562e-01
5.568627715110778809e-01 5.607843399047851562e-01 6.509804129600524902e-01 5.607843399047851562e-01
6.509804129600524902e-01 5.607843399047851562e-01 6.509804129600524902e-01 4.196078479290008545e-01
6.509804129600524902e-01 4.196078479290008545e-01 6.509804129600524902e-01 4.196078479290008545e-01
6.509804129600524902e-01 5.607843399047851562e-01 5.568627715110778809e-01 5.607843399047851562e-01
5.568627715110778809e-01 5.607843399047851562e-01 5.568627715110778809e-01 6.549019813537597656e-01
5.568627715110778809e-01 6.549019813537597656e-01 8.352941274642944336e-01 6.549019813537597656e-01
8.352941274642944336e-01 6.549019813537597656e-01 8.352941274642944336e-01 5.607843399047851562e-01
8.352941274642944336e-01 5.607843399047851562e-01 6.509804129600524902e-01 5.607843399047851562e-01
6.509804129600524902e-01 5.607843399047851562e-01 6.509804129600524902e-01 5.607843399047851562e-01
2.313725501298904419e-01 5.607843399047851562e-01 4.431372582912445068e-01 5.607843399047851562e-01
4.431372582912445068e-01 5.607843399047851562e-01 4.431372582912445068e-01 4.196078479290008545e-01
4.431372582912445068e-01 4.196078479290008545e-01 4.431372582912445068e-01 3.529411852359771729e-01
4.431372582912445068e-01 3.529411852359771729e-01 2.313725501298904419e-01 3.529411852359771729e-01
2.313725501298904419e-01 3.529411852359771729e-01 2.313725501298904419e-01 5.607843399047851562e-01
2.313725501298904419e-01 5.607843399047851562e-01 2.313725501298904419e-01 5.607843399047851562e-01
4.431372582912445068e-01 4.196078479290008545e-01 5.568627715110778809e-01 4.196078479290008545e-01
5.568627715110778809e-01 4.196078479290008545e-01 6.509804129600524902e-01 4.196078479290008545e-01
6.509804129600524902e-01 4.196078479290008545e-01 6.509804129600524902e-01 5.607843399047851562e-01
6.509804129600524902e-01 5.607843399047851562e-01 8.352941274642944336e-01 5.607843399047851562e-01
8.352941274642944336e-01 5.607843399047851562e-01 8.352941274642944336e-01 3.529411852359771729e-01
8.352941274642944336e-01 3.529411852359771729e-01 4.431372582912445068e-01 3.529411852359771729e-01
4.431372582912445068e-01 3.529411852359771729e-01 4.431372582912445068e-01 4.196078479290008545e-01
4.431372582912445068e-01 4.196078479290008545e-01 4.431372582912445068e-01 4.196078479290008545e-01
1.686274558305740356e-01 5.607843399047851562e-01 2.313725501298904419e-01 5.607843399047851562e-01
2.313725501298904419e-01 5.607843399047851562e-01 2.313725501298904419e-01 3.529411852359771729e-01
2.313725501298904419e-01 3.529411852359771729e-01 1.686274558305740356e-01 3.529411852359771729e-01
1.686274558305740356e-01 3.529411852359771729e-01 1.686274558305740356e-01 5.607843399047851562e-01
1.686274558305740356e-01 5.607843399047851562e-01 1.686274558305740356e-01 5.607843399047851562e-01
5.568627715110778809e-01 4.196078479290008545e-01 4.431372582912445068e-01 4.196078479290008545e-01
4.431372582912445068e-01 4.196078479290008545e-01 4.431372582912445068e-01 5.607843399047851562e-01
4.431372582912445068e-01 5.607843399047851562e-01 5.568627715110778809e-01 5.607843399047851562e-01
5.568627715110778809e-01 5.607843399047851562e-01 5.568627715110778809e-01 4.196078479290008545e-01
5.568627715110778809e-01 4.196078479290008545e-01 5.568627715110778809e-01 4.196078479290008545e-01
