2.666666805744171143e-01 6.156862974166870117e-01 1.686274558305740356e-01 6.156862974166870117e-01
1.686274558305740356e-01 6.156862974166870117e-01 1.686274558305740356e-01 7.882353067398071289e-01
1.686274558305740356e-01 7.882353067398071289e-01 2.666666805744171143e-01 7.882353067398071289e-01
2.666666805744171143e-01 7.882353067398071289e-01 2.666666805744171143e-01 6.156862974166870117e-01
2.666666805744171143e-01 6.156862974166870117e-01 2.666666805744171143e-01 6.156862974166870117e-01
8.352941274642944336e-01 6.196078658103942871e-01 6.705882549285888672e-01 6.196078658103942871e-01
6.705882549285888672e-01 6.196078658103942871e-01 6.705882549285888672e-01 7.098039388656616211e-01
6.705882549285888672e-01 7.098039388656616211e-01 8.352941274642944336e-01 7.098039388656616211e-01
8.352941274642944336e-01 7.098039388656616211e-01 8.352941274642944336e-01 6.196078658103942871e-01
8.352941274642944336e-01 6.196078658103942871e-01 8.352941274642944336e-01 6.196078658103942871e-01
1.686274558305740356e-01 6.156862974166870117e-01 2.666666805744171143e-01 6.156862974166870117e-01
2.666666805744171143e-01 6.156862974166870117e-01 4.000000059604644775e-01 6.156862974166870117e-01
4.000000059604644775e-01 6.156862974166870117e-01 4.784313738346099854e-01 6.156862974166870117e-01
4.784313738346099854e-01 6.156862974166870117e-01 4.784313738346099854e-01 5.450980663299560547e-01
4.784313738346099854e-01 5.450980663299560547e-01 4.117647111415863037e-01 5.450980663299560547e-01
4.117647111415863037e-01 5.450980663299560547e-01 4.117647111415863037e-01 4.235294163227081299e-01
4.117647111415863037e-01 4.235294163227081299e-01 1.686274558305740356e-01 4.235294163227081299e-01
1.686274558305740356e-01 4.235294163227081299e-01 1.686274558305740356e-01 6.156862974166870117e-01
1.686274558305740356e-01 6.156862974166870117e-01 1.686274558305740356e-01 6.156862974166870117e-01
4.784313738346099854e-01 6.156862974166870117e-01 4.000000059604644775e-01 6.156862974166870117e-01
4.000000059604644775e-01 6.156862974166870117e-01 4.000000059604644775e-01 7.882353067398071289e-01
4.000000059604644775e-01 7.882353067398071289e-01 4.000000059604644775e-01 8.784313797950744629e-01
4.000000059604644775e-01 8.784313797950744629e-01 5.843137502670288086e-01 8.784313797950744629e-01
5.843137502670288086e-01 8.784313797950744629e-01 5.843137502670288086e-01 7.764706015586853027e-01
5.843137502670288086e-01 7.764706015586853027e-01 5.843137502670288086e-01 6.156862974166870117e-01
5.843137502670288086e-01 6.156862974166870117e-01 4.784313738346099854e-01 6.156862974166870117e-01
4.784313738346099854e-01 6.156862974166870117e-01 4.784313738346099854e-01 6.156862974166870117e-01
5.882353186607360840e-01 1.254902034997940063e-01 4.117647111415863037e-01 1.254902034997940063e-01
4.117647111415863037e-01 1.254902034997940063e-01 4.117647111415863037e-01 3.411764800548553467e-01
4.117647111415863037e-01 3.411764800548553467e-01 5.882353186607360840e-01 3.411764800548553467e-01
5.882353186607360840e-01 3.411764800548553467e-01 5.882353186607360840e-01 1.254902034997940063e-01
5.882353186607360840e-01 1.254902034997940063e-01 5.882353186607360840e-01 1.254902034997940063e-01
8.352941274642944336e-01 4.627451002597808838e-01 8.352941274642944336e-01 1.254902034997940063e-01
8.352941274642944336e-01 1.254902034997940063e-01 5.882353186607360840e-01 1.254902034997940063e-01
5.882353186607360840e-01 1.254902034997940063e-01 5.882353186607360840e-01 3.411764800548553467e-01
5.882353186607360840e-01 3.411764800548553467e-01 5.882353186607360840e-01 4.627451002597808838e-01
5.882353186607360840e-01 4.627451002597808838e-01 8.352941274642944336e-01 4.627451002597808838e-01
8.352941274642944336e-01 4.627451002597808838e-01 8.352941274642944336e-01 4.627451002597808838e-01
5.882353186607360840e-01 4.627451002597808838e-01 5.882353186607360840e-01 3.411764800548553467e-01
5.882353186607360840e-01 3.411764800548553467e-01 4.117647111415863037e-01 3.411764800548553467e-01
4.117647111415863037e-01 3.411764800548553467e-01 4.117647111415863037e-01 4.235294163227081299e-01
4.117647111415863037e-01 4.235294163227081299e-01 4.117647111415863037e-01 5.450980663299560547e-01
4.117647111415863037e-01 5.450980663299560547e-01 4.784313738346099854e-01 5.450980663299560547e-01
4.784313738346099854e-01 5.450980663299560547e-01 5.882353186607360840e-01 5.450980663299560547e-01
5.882353186607360840e-01 5.450980663299560547e-01 5.882353186607360840e-01 4.627451002597808838e-01
5.882353186607360840e-01 4.627451002597808838e-01 5.882353186607360840e-01 4.627451002597808838e-01
4.784313738346099854e-01 6.156862974166870117e-01 5.843137502670288086e-01 6.156862974166870117e-01
5.843137502670288086e-01 6.156862974166870117e-01 5.843137502670288086e-01 7.764706015586853027e-01
5.843137502670288086e-01 7.764706015586853027e-01 8.352941274642944336e-01 7.764706015586853027e-01
8.352941274642944336e-01 7.764706015586853027e-01 8.352941274642944336e-01 7.098039388656616211e-01
8.352941274642944336e-01 7.098039388656616211e-01 6.705882549285888672e-01 7.098039388656616211e-01
6.705882549285888672e-01 7.098039388656616211e-01 6.705882549285888672e-01 6.196078658103942871e-01
6.705882549285888672e-01 6.196078658103942871e-01 8.352941274642944336e-01 6.196078658103942871e-01
8.352941274642944336e-01 6.196078658103942871e-01 8.352941274642944336e-01 4.627451002597808838e-01
8.352941274642944336e-01 4.627451002597808838e-01 5.882353186607360840e-01 4.627451002597808838e-01
5.882353186607360840e-01 4.627451002597808838e-01 5.882353186607360840e-01 5.450980663299560547e-01
5.882353186607360840e-01 5.450980663299560547e-01 4.784313738346099854e-01 5.450980663299560547e-01
4.784313738346099854e-01 5.450980663299560547e-01 4.784313738346099854e-01 6.156862974166870117e-01
4.784313738346099854e-01 6.156862974166870117e-01 4.784313738346099854e-01 6.156862974166870117e-01
4.000000059604644775e-01 6.156862974166870117e-01 2.666666805744171143e-01 6.156862974166870117e-01
2.666666805744171143e-01 6.156862974166870117e-01 2.666666805744171143e-01 7.882353067398071289e-01
2.666666805744171143e-01 7.882353067398071289e-01 4.000000059604644775e-01 7.882353067398071289e-01
4.000000059604644775e-01 7.882353067398071289e-01 4.000000059604644775e-01 6.156862974166870117e-01
4.000000059604644775e-01 6.156862974166870117e-01 4.000000059604644775e-01 6.156862974166870117e-01
