3.921568691730499268e-01 2.823529541492462158e-01 3.058823645114898682e-01 2.823529541492462158e-01
3.058823645114898682e-01 2.823529541492462158e-01 3.058823645114898682e-01 3.960784375667572021e-01
3.058823645114898682e-01 3.960784375667572021e-01 3.921568691730499268e-01 3.960784375667572021e-01
3.921568691730499268e-01 3.960784375667572021e-01 3.921568691730499268e-01 2.823529541492462158e-01
3.921568691730499268e-01 2.823529541492462158e-01 3.921568691730499268e-01 2.823529541492462158e-01
3.058823645114898682e-01 2.823529541492462158e-01 2.470588237047195435e-01 2.823529541492462158e-01
2.470588237047195435e-01 2.823529541492462158e-01 2.470588237047195435e-01 3.960784375667572021e-01
2.470588237047195435e-01 3.960784375667572021e-01 3.058823645114898682e-01 3.960784375667572021e-01
3.058823645114898682e-01 3.960784375667572021e-01 3.058823645114898682e-01 2.823529541492462158e-01
3.058823645114898682e-01 2.823529541492462158e-01 3.058823645114898682e-01 2.823529541492462158e-01
4.784313738346099854e-01 6.705882549285888672e-01 4.000000059604644775e-01 6.705882549285888672e-01
4.000000059604644775e-01 6.705882549285888672e-01 4.000000059604644775e-01 7.843137383460998535e-01
4.000000059604644775e-01 7.843137383460998535e-01 4.784313738346099854e-01 7.843137383460998535e-01
4.784313738346099854e-01 7.843137383460998535e-01 4.784313738346099854e-01 6.705882549285888672e-01
4.784313738346099854e-01 6.705882549285888672e-01 4.784313738346099854e-01 6.705882549285888672e-01
2.470588237047195435e-01 3.960784375667572021e-01 1.921568661928176880e-01 3.960784375667572021e-01
1.921568661928176880e-01 3.960784375667572021e-01 1.921568661928176880e-01 6.000000238418579102e-01
1.921568661928176880e-01 6.000000238418579102e-01 2.470588237047195435e-01 6.000000238418579102e-01
2.470588237047195435e-01 6.000000238418579102e-01 3.058823645114898682e-01 6.000000238418579102e-01
3.058823645114898682e-01 6.000000238418579102e-01 3.058823645114898682e-01 3.960784375667572021e-01
3.058823645114898682e-01 3.960784375667572021e-01 2.470588237047195435e-01 3.960784375667572021e-01
2.470588237047195435e-01 3.960784375667572021e-01 2.470588237047195435e-01 3.960784375667572021e-01
4.000000059604644775e-01 6.705882549285888672e-01 4.784313738346099854e-01 6.705882549285888672e-01
4.784313738346099854e-01 6.705882549285888672e-01 4.784313738346099854e-01 7.843137383460998535e-01
4.784313738346099854e-01 7.843137383460998535e-01 7.137255072593688965e-01 7.843137383460998535e-01
7.137255072593688965e-01 7.843137383460998535e-01 7.137255072593688965e-01 6.000000238418579102e-01
7.137255072593688965e-01 6.000000238418579102e-01 4.000000059604644775e-01 6.000000238418579102e-01
4.000000059604644775e-01 6.000000238418579102e-01 4.000000059604644775e-01 6.705882549285888672e-01
4.000000059604644775e-01 6.705882549285888672e-01 4.000000059604644775e-01 6.705882549285888672e-01
7.137255072593688965e-01 2.823529541492462158e-01 7.137255072593688965e-01 2.196078449487686157e-01
7.137255072593688965e-01 2.196078449487686157e-01 4.823529422283172607e-01 2.196078449487686157e-01
4.823529422283172607e-01 2.196078449487686157e-01 4.823529422283172607e-01 2.823529541492462158e-01
4.823529422283172607e-01 2.823529541492462158e-01 4.823529422283172607e-01 4.000000059604644775e-01
4.823529422283172607e-01 4.000000059604644775e-01 7.137255072593688965e-01 4.000000059604644775e-01
7.137255072593688965e-01 4.000000059604644775e-01 7.137255072593688965e-01 2.823529541492462158e-01
7.137255072593688965e-01 2.823529541492462158e-01 7.137255072593688965e-01 2.823529541492462158e-01
4.823529422283172607e-01 2.823529541492462158e-01 3.921568691730499268e-01 2.823529541492462158e-01
3.921568691730499268e-01 2.823529541492462158e-01 3.921568691730499268e-01 3.960784375667572021e-01
3.921568691730499268e-01 3.960784375667572021e-01 3.058823645114898682e-01 3.960784375667572021e-01
3.058823645114898682e-01 3.960784375667572021e-01 3.058823645114898682e-01 6.000000238418579102e-01
3.058823645114898682e-01 6.000000238418579102e-01 4.000000059604644775e-01 6.000000238418579102e-01
4.000000059604644775e-01 6.000000238418579102e-01 7.137255072593688965e-01 6.000000238418579102e-01
7.137255072593688965e-01 6.000000238418579102e-01 7.137255072593688965e-01 4.000000059604644775e-01
7.137255072593688965e-01 4.000000059604644775e-01 4.823529422283172607e-01 4.000000059604644775e-01
4.823529422283172607e-01 4.000000059604644775e-01 4.823529422283172607e-01 2.823529541492462158e-01
4.823529422283172607e-01 2.823529541492462158e-01 4.823529422283172607e-01 2.823529541492462158e-01
7.137255072593688965e-01 6.000000238418579102e-01 8.078431487083435059e-01 6.000000238418579102e-01
8.078431487083435059e-01 6.000000238418579102e-01 8.078431487083435059e-01 4.000000059604644775e-01
8.078431487083435059e-01 4.000000059604644775e-01 7.137255072593688965e-01 4.000000059604644775e-01
7.137255072593688965e-01 4.000000059604644775e-01 7.137255072593688965e-01 6.000000238418579102e-01
7.137255072593688965e-01 6.000000238418579102e-01 7.137255072593688965e-01 6.000000238418579102e-01
2.470588237047195435e-01 7.843137383460998535e-01 4.000000059604644775e-01 7.843137383460998535e-01
4.000000059604644775e-01 7.843137383460998535e-01 4.000000059604644775e-01 6.705882549285888672e-01
4.000000059604644775e-01 6.705882549285888672e-01 4.000000059604644775e-01 6.000000238418579102e-01
4.000000059604644775e-01 6.000000238418579102e-01 3.058823645114898682e-01 6.000000238418579102e-01
3.058823645114898682e-01 6.000000238418579102e-01 2.470588237047195435e-01 6.000000238418579102e-01
2.470588237047195435e-01 6.000000238418579102e-01 2.470588237047195435e-01 7.843137383460998535e-01
2.470588237047195435e-01 7.843137383460998535e-01 2.470588237047195435e-01 7.843137383460998535e-01
