7.411764860153198242e-01 7.725490331649780273e-01 6.980392336845397949e-01 7.725490331649780273e-01
6.980392336845397949e-01 7.725490331649780273e-01 6.980392336845397949e-01 8.705882430076599121e-01
6.980392336845397949e-01 8.705882430076599121e-01 7.411764860153198242e-01 8.705882430076599121e-01
7.411764860153198242e-01 8.705882430076599121e-01 8.196078538894653320e-01 8.705882430076599121e-01
8.196078538894653320e-01 8.705882430076599121e-01 8.196078538894653320e-01 7.725490331649780273e-01
8.196078538894653320e-01 7.725490331649780273e-01 7.411764860153198242e-01 7.725490331649780273e-01
7.411764860153198242e-01 7.725490331649780273e-01 7.411764860153198242e-01 7.725490331649780273e-01
6.980392336845397949e-01 7.725490331649780273e-01 5.921568870544433594e-01 7.725490331649780273e-01
5.921568870544433594e-01 7.725490331649780273e-01 5.921568870544433594e-01 8.705882430076599121e-01
5.921568870544433594e-01 8.705882430076599121e-01 6.980392336845397949e-01 8.705882430076599121e-01
6.980392336845397949e-01 8.705882430076599121e-01 6.980392336845397949e-01 7.725490331649780273e-01
6.980392336845397949e-01 7.725490331649780273e-01 6.980392336845397949e-01 7.725490331649780273e-01
5.921568870544433594e-01 7.725490331649780273e-01 6.980392336845397949e-01 7.725490331649780273e-01
6.980392336845397949e-01 7.725490331649780273e-01 7.411764860153198242e-01 7.725490331649780273e-01
7.411764860153198242e-01 7.725490331649780273e-01 8.196078538894653320e-01 7.725490331649780273e-01
8.196078538894653320e-01 7.725490331649780273e-01 8.196078538894653320e-01 6.509804129600524902e-01
8.196078538894653320e-01 6.509804129600524902e-01 7.411764860153198242e-01 6.509804129600524902e-01
7.411764860153198242e-01 6.509804129600524902e-01 5.921568870544433594e-01 6.509804129600524902e-01
5.921568870544433594e-01 6.509804129600524902e-01 5.921568870544433594e-01 7.725490331649780273e-01
5.921568870544433594e-01 7.725490331649780273e-01 5.921568870544433594e-01 7.725490331649780273e-01
4.980392158031463623e-01 2.745098173618316650e-01 4.980392158031463623e-01 1.294117718935012817e-01
4.980392158031463623e-01 1.294117718935012817e-01 2.823529541492462158e-01 1.294117718935012817e-01
2.823529541492462158e-01 1.294117718935012817e-01 2.823529541492462158e-01 2.745098173618316650e-01
2.823529541492462158e-01 2.745098173618316650e-01 2.823529541492462158e-01 3.411764800548553467e-01
2.823529541492462158e-01 3.411764800548553467e-01 4.980392158031463623e-01 3.411764800548553467e-01
4.980392158031463623e-01 3.411764800548553467e-01 4.980392158031463623e-01 2.745098173618316650e-01
4.980392158031463623e-01 2.745098173618316650e-01 4.980392158031463623e-01 2.745098173618316650e-01
2.823529541492462158e-01 3.411764800548553467e-01 2.823529541492462158e-01 5.058823823928833008e-01
2.823529541492462158e-01 5.058823823928833008e-01 4.980392158031463623e-01 5.058823823928833008e-01
4.980392158031463623e-01 5.058823823928833008e-01 4.980392158031463623e-01 3.411764800548553467e-01
4.980392158031463623e-01 3.411764800548553467e-01 2.823529541492462158e-01 3.411764800548553467e-01
2.823529541492462158e-01 3.411764800548553467e-01 2.823529541492462158e-01 3.411764800548553467e-01
8.196078538894653320e-01 4.901960790157318115e-01 8.196078538894653320e-01 3.411764800548553467e-01
8.196078538894653320e-01 3.411764800548553467e-01 7.411764860153198242e-01 3.411764800548553467e-01
7.411764860153198242e-01 3.411764800548553467e-01 5.921568870544433594e-01 3.411764800548553467e-01
5.921568870544433594e-01 3.411764800548553467e-01 5.921568870544433594e-01 4.901960790157318115e-01
5.921568870544433594e-01 4.901960790157318115e-01 7.411764860153198242e-01 4.901960790157318115e-01
7.411764860153198242e-01 4.901960790157318115e-01 8.196078538894653320e-01 4.901960790157318115e-01
8.196078538894653320e-01 4.901960790157318115e-01 8.196078538894653320e-01 4.901960790157318115e-01
2.823529541492462158e-01 8.705882430076599121e-01 5.921568870544433594e-01 8.705882430076599121e-01
5.921568870544433594e-01 8.705882430076599121e-01 5.921568870544433594e-01 7.725490331649780273e-01
5.921568870544433594e-01 7.725490331649780273e-01 5.921568870544433594e-01 6.509804129600524902e-01
5.921568870544433594e-01 6.509804129600524902e-01 7.411764860153198242e-01 6.509804129600524902e-01
7.411764860153198242e-01 6.509804129600524902e-01 7.411764860153198242e-01 4.901960790157318115e-01
7.411764860153198242e-01 4.901960790157318115e-01 5.921568870544433594e-01 4.901960790157318115e-01
5.921568870544433594e-01 4.901960790157318115e-01 5.921568870544433594e-01 3.411764800548553467e-01
5.921568870544433594e-01 3.411764800548553467e-01 5.921568870544433594e-01 2.745098173618316650e-01
5.921568870544433594e-01 2.745098173618316650e-01 4.980392158031463623e-01 2.745098173618316650e-01
4.980392158031463623e-01 2.745098173618316650e-01 4.980392158031463623e-01 3.411764800548553467e-01
4.980392158031463623e-01 3.411764800548553467e-01 4.980392158031463623e-01 5.058823823928833008e-01
4.980392158031463623e-01 5.058823823928833008e-01 2.823529541492462158e-01 5.058823823928833008e-01
2.823529541492462158e-01 5.058823823928833008e-01 2.823529541492462158e-01 7.176470756530761719e-01
2.823529541492462158e-01 7.176470756530761719e-01 2.823529541492462158e-01 8.705882430076599121e-01
2.823529541492462158e-01 8.705882430076599121e-01 2.823529541492462158e-01 8.705882430076599121e-01
2.823529541492462158e-01 7.176470756530761719e-01 2.823529541492462158e-01 5.058823823928833008e-01
2.823529541492462158e-01 5.058823823928833008e-01 1.803921610116958618e-01 5.058823823928833008e-01
1.803921610116958618e-01 5.058823823928833008e-01 1.803921610116958618e-01 7.176470756530761719e-01
1.803921610116958618e-01 7.176470756530761719e-01 2.823529541492462158e-01 7.176470756530761719e-01
2.823529541492462158e-01 7.176470756530761719e-01 2.823529541492462158e-01 7.176470756530761719e-01
8.196078538894653320e-01 6.509804129600524902e-01 8.196078538894653320e-01 4.901960790157318115e-01
8.196078538894653320e-01 4.901960790157318115e-01 7.411764860153198242e-01 4.901960790157318115e-01
7.411764860153198242e-01 4.901960790157318115e-01 7.411764860153198242e-01 6.509804129600524902e-01
7.411764860153198242e-01 6.509804129600524902e-01 8.196078538894653320e-01 6.509804129600524902e-01
8.196078538894653320e-01 6.509804129600524902e-01 8.196078538894653320e-01 6.509804129600524902e-01
4.980392158031463623e-01 2.745098173618316650e-01 5.921568870544433594e-01 2.745098173618316650e-01
5.921568870544433594e-01 2.745098173618316650e-01 5.921568870544433594e-01 1.294117718935012817e-01
5.921568870544433594e-01 1.294117718935012817e-01 4.980392158031463623e-01 1.294117718935012817e-01
4.980392158031463623e-01 1.294117718935012817e-01 4.980392158031463623e-01 2.745098173618316650e-01
4.980392158031463623e-01 2.745098173618316650e-01 4.980392158031463623e-01 2.745098173618316650e-01
8.196078538894653320e-01 3.411764800548553467e-01 8.196078538894653320e-01 1.294117718935012817e-01
8.196078538894653320e-01 1.294117718935012817e-01 5.921568870544433594e-01 1.294117718935012817e-01
5.921568870544433594e-01 1.294117718935012817e-01 5.921568870544433594e-01 2.745098173618316650e-01
5.921568870544433594e-01 2.745098173618316650e-01 5.921568870544433594e-01 3.411764800548553467e-01
5.921568870544433594e-01 3.411764800548553467e-01 7.411764860153198242e-01 3.411764800548553467e-01
7.411764860153198242e-01 3.411764800548553467e-01 8.196078538894653320e-01 3.411764800548553467e-01
8.196078538894653320e-01 3.411764800548553467e-01 8.196078538894653320e-01 3.411764800548553467e-01
