4.941176474094390869e-01 3.019607961177825928e-01 3.568627536296844482e-01 3.019607961177825928e-01
3.568627536296844482e-01 3.019607961177825928e-01 3.568627536296844482e-01 3.490196168422698975e-01
3.568627536296844482e-01 3.490196168422698975e-01 3.568627536296844482e-01 4.392156898975372314e-01
3.568627536296844482e-01 4.392156898975372314e-01 4.941176474094390869e-01 4.392156898975372314e-01
4.941176474094390869e-01 4.392156898975372314e-01 4.941176474094390869e-01 3.019607961177825928e-01
4.941176474094390869e-01 3.019607961177825928e-01 4.941176474094390869e-01 3.019607961177825928e-01
2.470588237047195435e-01 5.294117927551269531e-01 1.450980454683303833e-01 5.294117927551269531e-01
1.450980454683303833e-01 5.294117927551269531e-01 1.450980454683303833e-01 6.980392336845397949e-01
1.450980454683303833e-01 6.980392336845397949e-01 2.470588237047195435e-01 6.980392336845397949e-01
2.470588237047195435e-01 6.980392336845397949e-01 2.470588237047195435e-01 5.294117927551269531e-01
2.470588237047195435e-01 5.294117927551269531e-01 2.470588237047195435e-01 5.294117927551269531e-01
7.058823704719543457e-01 3.019607961177825928e-01 4.941176474094390869e-01 3.019607961177825928e-01
4.941176474094390869e-01 3.019607961177825928e-01 4.941176474094390869e-01 4.392156898975372314e-01
4.941176474094390869e-01 4.392156898975372314e-01 4.941176474094390869e-01 5.019608139991760254e-01
4.941176474094390869e-01 5.019608139991760254e-01 6.509804129600524902e-01 5.019608139991760254e-01
6.509804129600524902e-01 5.019608139991760254e-01 7.058823704719543457e-01 5.019608139991760254e-01
7.058823704719543457e-01 5.019608139991760254e-01 7.058823704719543457e-01 3.019607961177825928e-01
7.058823704719543457e-01 3.019607961177825928e-01 7.058823704719543457e-01 3.019607961177825928e-01
3.568627536296844482e-01 3.490196168422698975e-01 1.450980454683303833e-01 3.490196168422698975e-01
1.450980454683303833e-01 3.490196168422698975e-01 1.450980454683303833e-01 5.294117927551269531e-01
1.450980454683303833e-01 5.294117927551269531e-01 2.470588237047195435e-01 5.294117927551269531e-01
2.470588237047195435e-01 5.294117927551269531e-01 3.568627536296844482e-01 5.294117927551269531e-01
3.568627536296844482e-01 5.294117927551269531e-01 3.568627536296844482e-01 4.392156898975372314e-01
3.568627536296844482e-01 4.392156898975372314e-01 3.568627536296844482e-01 3.490196168422698975e-01
3.568627536296844482e-01 3.490196168422698975e-01 3.568627536296844482e-01 3.490196168422698975e-01
6.509804129600524902e-01 5.019608139991760254e-01 4.941176474094390869e-01 5.019608139991760254e-01
4.941176474094390869e-01 5.019608139991760254e-01 4.941176474094390869e-01 4.392156898975372314e-01
4.941176474094390869e-01 4.392156898975372314e-01 3.568627536296844482e-01 4.392156898975372314e-01
3.568627536296844482e-01 4.392156898975372314e-01 3.568627536296844482e-01 5.294117927551269531e-01
3.568627536296844482e-01 5.294117927551269531e-01 2.470588237047195435e-01 5.294117927551269531e-01
2.470588237047195435e-01 5.294117927551269531e-01 2.470588237047195435e-01 6.980392336845397949e-01
2.470588237047195435e-01 6.980392336845397949e-01 6.509804129600524902e-01 6.980392336845397949e-01
6.509804129600524902e-01 6.980392336845397949e-01 6.509804129600524902e-01 5.019608139991760254e-01
6.509804129600524902e-01 5.019608139991760254e-01 6.509804129600524902e-01 5.019608139991760254e-01
7.058823704719543457e-01 5.019608139991760254e-01 6.509804129600524902e-01 5.019608139991760254e-01
6.509804129600524902e-01 5.019608139991760254e-01 6.509804129600524902e-01 6.980392336845397949e-01
6.509804129600524902e-01 6.980392336845397949e-01 8.549019694328308105e-01 6.980392336845397949e-01
8.549019694328308105e-01 6.980392336845397949e-01 8.549019694328308105e-01 5.019608139991760254e-01
8.549019694328308105e-01 5.019608139991760254e-01 7.058823704719543457e-01 5.019608139991760254e-01
7.058823704719543457e-01 5.019608139991760254e-01 7.058823704719543457e-01 5.019608139991760254e-01
