4.392156898975372314e-01 5.647059082984924316e-01 3.254902064800262451e-01 5.647059082984924316e-01
3.254902064800262451e-01 5.647059082984924316e-01 3.254902064800262451e-01 7.176470756530761719e-01
3.254902064800262451e-01 7.176470756530761719e-01 4.392156898975372314e-01 7.176470756530761719e-01
4.392156898975372314e-01 7.176470756530761719e-01 4.392156898975372314e-01 5.647059082984924316e-01
4.392156898975372314e-01 5.647059082984924316e-01 4.392156898975372314e-01 5.647059082984924316e-01
2.705882489681243896e-01 5.647059082984924316e-01 1.803921610116958618e-01 5.647059082984924316e-01
1.803921610116958618e-01 5.647059082984924316e-01 1.803921610116958618e-01 7.176470756530761719e-01
1.803921610116958618e-01 7.176470756530761719e-01 2.705882489681243896e-01 7.176470756530761719e-01
2.705882489681243896e-01 7.176470756530761719e-01 3.254902064800262451e-01 7.176470756530761719e-01
3.254902064800262451e-01 7.176470756530761719e-01 3.254902064800262451e-01 5.647059082984924316e-01
3.254902064800262451e-01 5.647059082984924316e-01 2.705882489681243896e-01 5.647059082984924316e-01
2.705882489681243896e-01 5.647059082984924316e-01 2.705882489681243896e-01 5.647059082984924316e-01
8.470588326454162598e-01 2.862745225429534912e-01 5.294117927551269531e-01 2.862745225429534912e-01
5.294117927551269531e-01 2.862745225429534912e-01 5.294117927551269531e-01 4.862745106220245361e-01
5.294117927551269531e-01 4.862745106220245361e-01 8.470588326454162598e-01 4.862745106220245361e-01
8.470588326454162598e-01 4.862745106220245361e-01 8.470588326454162598e-01 2.862745225429534912e-01
8.470588326454162598e-01 2.862745225429534912e-01 8.470588326454162598e-01 2.862745225429534912e-01
2.705882489681243896e-01 3.725490272045135498e-01 6.274510174989700317e-02 3.725490272045135498e-01
6.274510174989700317e-02 3.725490272045135498e-01 6.274510174989700317e-02 5.647059082984924316e-01
6.274510174989700317e-02 5.647059082984924316e-01 1.803921610116958618e-01 5.647059082984924316e-01
1.803921610116958618e-01 5.647059082984924316e-01 2.705882489681243896e-01 5.647059082984924316e-01
2.705882489681243896e-01 5.647059082984924316e-01 2.705882489681243896e-01 4.862745106220245361e-01
2.705882489681243896e-01 4.862745106220245361e-01 2.705882489681243896e-01 3.725490272045135498e-01
2.705882489681243896e-01 3.725490272045135498e-01 2.705882489681243896e-01 3.725490272045135498e-01
5.294117927551269531e-01 4.862745106220245361e-01 2.705882489681243896e-01 4.862745106220245361e-01
2.705882489681243896e-01 4.862745106220245361e-01 2.705882489681243896e-01 5.647059082984924316e-01
2.705882489681243896e-01 5.647059082984924316e-01 3.254902064800262451e-01 5.647059082984924316e-01
3.254902064800262451e-01 5.647059082984924316e-01 4.392156898975372314e-01 5.647059082984924316e-01
4.392156898975372314e-01 5.647059082984924316e-01 4.392156898975372314e-01 7.176470756530761719e-01
4.392156898975372314e-01 7.176470756530761719e-01 8.470588326454162598e-01 7.176470756530761719e-01
8.470588326454162598e-01 7.176470756530761719e-01 8.470588326454162598e-01 4.862745106220245361e-01
8.470588326454162598e-01 4.862745106220245361e-01 5.294117927551269531e-01 4.862745106220245361e-01
5.294117927551269531e-01 4.862745106220245361e-01 5.294117927551269531e-01 4.862745106220245361e-01
9.411764740943908691e-01 4.862745106220245361e-01 8.470588326454162598e-01 4.862745106220245361e-01
8.470588326454162598e-01 4.862745106220245361e-01 8.470588326454162598e-01 7.176470756530761719e-01
8.470588326454162598e-01 7.176470756530761719e-01 9.411764740943908691e-01 7.176470756530761719e-01
9.411764740943908691e-01 7.176470756530761719e-01 9.411764740943908691e-01 4.862745106220245361e-01
9.411764740943908691e-01 4.862745106220245361e-01 9.411764740943908691e-01 4.862745106220245361e-01
