5.647059082984924316e-01 3.254902064800262451e-01 2.509804069995880127e-01 3.254902064800262451e-01
2.509804069995880127e-01 3.254902064800262451e-01 2.509804069995880127e-01 6.745098233222961426e-01
2.509804069995880127e-01 6.745098233222961426e-01 5.647059082984924316e-01 6.745098233222961426e-01
5.647059082984924316e-01 6.745098233222961426e-01 5.647059082984924316e-01 4.156862795352935791e-01
5.647059082984924316e-01 4.156862795352935791e-01 5.647059082984924316e-01 3.254902064800262451e-01
5.647059082984924316e-01 3.254902064800262451e-01 5.647059082984924316e-01 3.254902064800262451e-01
7.490196228027343750e-01 3.254902064800262451e-01 5.647059082984924316e-01 3.254902064800262451e-01
5.647059082984924316e-01 3.254902064800262451e-01 5.647059082984924316e-01 4.156862795352935791e-01
5.647059082984924316e-01 4.156862795352935791e-01 7.490196228027343750e-01 4.156862795352935791e-01
7.490196228027343750e-01 4.156862795352935791e-01 7.490196228027343750e-01 3.254902064800262451e-01
7.490196228027343750e-01 3.254902064800262451e-01 7.490196228027343750e-01 3.254902064800262451e-01
7.490196228027343750e-01 4.156862795352935791e-01 5.647059082984924316e-01 4.156862795352935791e-01
5.647059082984924316e-01 4.156862795352935791e-01 5.647059082984924316e-01 6.745098233222961426e-01
5.647059082984924316e-01 6.745098233222961426e-01 7.490196228027343750e-01 6.745098233222961426e-01
7.490196228027343750e-01 6.745098233222961426e-01 7.490196228027343750e-01 4.156862795352935791e-01
7.490196228027343750e-01 4.156862795352935791e-01 7.490196228027343750e-01 4.156862795352935791e-01
