3.058823645114898682e-01 5.333333611488342285e-01 2.235294133424758911e-01 5.333333611488342285e-01
2.235294133424758911e-01 5.333333611488342285e-01 2.235294133424758911e-01 6.313725709915161133e-01
2.235294133424758911e-01 6.313725709915161133e-01 4.235294163227081299e-01 6.313725709915161133e-01
4.235294163227081299e-01 6.313725709915161133e-01 4.235294163227081299e-01 5.333333611488342285e-01
4.235294163227081299e-01 5.333333611488342285e-01 3.058823645114898682e-01 5.333333611488342285e-01
3.058823645114898682e-01 5.333333611488342285e-01 3.058823645114898682e-01 5.333333611488342285e-01
2.235294133424758911e-01 7.607843279838562012e-01 4.235294163227081299e-01 7.607843279838562012e-01
4.235294163227081299e-01 7.607843279838562012e-01 4.235294163227081299e-01 6.313725709915161133e-01
4.235294163227081299e-01 6.313725709915161133e-01 2.235294133424758911e-01 6.313725709915161133e-01
2.235294133424758911e-01 6.313725709915161133e-01 2.235294133424758911e-01 7.607843279838562012e-01
2.235294133424758911e-01 7.607843279838562012e-01 2.235294133424758911e-01 7.607843279838562012e-01
4.235294163227081299e-01 3.294117748737335205e-01 3.058823645114898682e-01 3.294117748737335205e-01
3.058823645114898682e-01 3.294117748737335205e-01 3.058823645114898682e-01 5.333333611488342285e-01
3.058823645114898682e-01 5.333333611488342285e-01 4.235294163227081299e-01 5.333333611488342285e-01
4.235294163227081299e-01 5.333333611488342285e-01 5.019608139991760254e-01 5.333333611488342285e-01
5.019608139991760254e-01 5.333333611488342285e-01 5.019608139991760254e-01 3.294117748737335205e-01
5.019608139991760254e-01 3.294117748737335205e-01 4.235294163227081299e-01 3.294117748737335205e-01
4.235294163227081299e-01 3.294117748737335205e-01 4.235294163227081299e-01 3.294117748737335205e-01
6.862745285034179688e-01 5.333333611488342285e-01 6.352941393852233887e-01 5.333333611488342285e-01
6.352941393852233887e-01 5.333333611488342285e-01 6.352941393852233887e-01 7.607843279838562012e-01
6.352941393852233887e-01 7.607843279838562012e-01 6.862745285034179688e-01 7.607843279838562012e-01
6.862745285034179688e-01 7.607843279838562012e-01 7.803921699523925781e-01 7.607843279838562012e-01
7.803921699523925781e-01 7.607843279838562012e-01 7.803921699523925781e-01 5.333333611488342285e-01
7.803921699523925781e-01 5.333333611488342285e-01 6.862745285034179688e-01 5.333333611488342285e-01
6.862745285034179688e-01 5.333333611488342285e-01 6.862745285034179688e-01 5.333333611488342285e-01
6.862745285034179688e-01 3.294117748737335205e-01 5.019608139991760254e-01 3.294117748737335205e-01
5.019608139991760254e-01 3.294117748737335205e-01 5.019608139991760254e-01 5.333333611488342285e-01
5.019608139991760254e-01 5.333333611488342285e-01 4.235294163227081299e-01 5.333333611488342285e-01
4.235294163227081299e-01 5.333333611488342285e-01 4.235294163227081299e-01 6.313725709915161133e-01
4.235294163227081299e-01 6.313725709915161133e-01 4.235294163227081299e-01 7.607843279838562012e-01
4.235294163227081299e-01 7.607843279838562012e-01 6.352941393852233887e-01 7.607843279838562012e-01
6.352941393852233887e-01 7.607843279838562012e-01 6.352941393852233887e-01 5.333333611488342285e-01
6.352941393852233887e-01 5.333333611488342285e-01 6.862745285034179688e-01 5.333333611488342285e-01
6.862745285034179688e-01 5.333333611488342285e-01 6.862745285034179688e-01 3.294117748737335205e-01
6.862745285034179688e-01 3.294117748737335205e-01 6.862745285034179688e-01 3.294117748737335205e-01
4.235294163227081299e-01 3.294117748737335205e-01 5.019608139991760254e-01 3.294117748737335205e-01
5.019608139991760254e-01 3.294117748737335205e-01 6.862745285034179688e-01 3.294117748737335205e-01
6.862745285034179688e-01 3.294117748737335205e-01 6.862745285034179688e-01 2.431372553110122681e-01
6.862745285034179688e-01 2.431372553110122681e-01 4.235294163227081299e-01 2.431372553110122681e-01
4.235294163227081299e-01 2.431372553110122681e-01 4.235294163227081299e-01 3.294117748737335205e-01
4.235294163227081299e-01 3.294117748737335205e-01 4.235294163227081299e-01 3.294117748737335205e-01
