6.549019813537597656e-01 6.549019813537597656e-01 6.549019813537597656e-01 7.098039388656616211e-01
6.549019813537597656e-01 7.098039388656616211e-01 6.549019813537597656e-01 7.607843279838562012e-01
6.549019813537597656e-01 7.607843279838562012e-01 8.470588326454162598e-01 7.607843279838562012e-01
8.470588326454162598e-01 7.607843279838562012e-01 8.470588326454162598e-01 6.549019813537597656e-01
8.470588326454162598e-01 6.549019813537597656e-01 6.549019813537597656e-01 6.549019813537597656e-01
6.549019813537597656e-01 6.549019813537597656e-01 6.549019813537597656e-01 6.549019813537597656e-01
8.470588326454162598e-01 5.490196347236633301e-01 6.549019813537597656e-01 5.490196347236633301e-01
6.549019813537597656e-01 5.490196347236633301e-01 6.549019813537597656e-01 6.549019813537597656e-01
6.549019813537597656e-01 6.549019813537597656e-01 8.470588326454162598e-01 6.549019813537597656e-01
8.470588326454162598e-01 6.549019813537597656e-01 8.470588326454162598e-01 5.490196347236633301e-01
8.470588326454162598e-01 5.490196347236633301e-01 8.470588326454162598e-01 5.490196347236633301e-01
4.588235318660736084e-01 2.431372553110122681e-01 2.196078449487686157e-01 2.431372553110122681e-01
2.196078449487686157e-01 2.431372553110122681e-01 2.196078449487686157e-01 4.078431427478790283e-01
2.196078449487686157e-01 4.078431427478790283e-01 2.196078449487686157e-01 4.745098054409027100e-01
2.196078449487686157e-01 4.745098054409027100e-01 4.588235318660736084e-01 4.745098054409027100e-01
4.588235318660736084e-01 4.745098054409027100e-01 4.588235318660736084e-01 4.078431427478790283e-01
4.588235318660736084e-01 4.078431427478790283e-01 4.588235318660736084e-01 2.784313857555389404e-01
4.588235318660736084e-01 2.784313857555389404e-01 4.588235318660736084e-01 2.431372553110122681e-01
4.588235318660736084e-01 2.431372553110122681e-01 4.588235318660736084e-01 2.431372553110122681e-01
8.823529481887817383e-01 3.568627536296844482e-01 6.549019813537597656e-01 3.568627536296844482e-01
6.549019813537597656e-01 3.568627536296844482e-01 6.549019813537597656e-01 4.078431427478790283e-01
6.549019813537597656e-01 4.078431427478790283e-01 6.549019813537597656e-01 4.745098054409027100e-01
6.549019813537597656e-01 4.745098054409027100e-01 6.549019813537597656e-01 5.490196347236633301e-01
6.549019813537597656e-01 5.490196347236633301e-01 8.470588326454162598e-01 5.490196347236633301e-01
8.470588326454162598e-01 5.490196347236633301e-01 8.823529481887817383e-01 5.490196347236633301e-01
8.823529481887817383e-01 5.490196347236633301e-01 8.823529481887817383e-01 3.568627536296844482e-01
8.823529481887817383e-01 3.568627536296844482e-01 8.823529481887817383e-01 3.568627536296844482e-01
4.588235318660736084e-01 4.745098054409027100e-01 6.549019813537597656e-01 4.745098054409027100e-01
6.549019813537597656e-01 4.745098054409027100e-01 6.549019813537597656e-01 4.078431427478790283e-01
6.549019813537597656e-01 4.078431427478790283e-01 6.549019813537597656e-01 3.568627536296844482e-01
6.549019813537597656e-01 3.568627536296844482e-01 6.549019813537597656e-01 2.784313857555389404e-01
6.549019813537597656e-01 2.784313857555389404e-01 4.588235318660736084e-01 2.784313857555389404e-01
4.588235318660736084e-01 2.784313857555389404e-01 4.588235318660736084e-01 4.078431427478790283e-01
4.588235318660736084e-01 4.078431427478790283e-01 4.588235318660736084e-01 4.745098054409027100e-01
4.588235318660736084e-01 4.745098054409027100e-01 4.588235318660736084e-01 4.745098054409027100e-01
4.588235318660736084e-01 4.745098054409027100e-01 2.196078449487686157e-01 4.745098054409027100e-01
2.196078449487686157e-01 4.745098054409027100e-01 2.196078449487686157e-01 7.098039388656616211e-01
2.196078449487686157e-01 7.098039388656616211e-01 6.549019813537597656e-01 7.098039388656616211e-01
6.549019813537597656e-01 7.098039388656616211e-01 6.549019813537597656e-01 6.549019813537597656e-01
6.549019813537597656e-01 6.549019813537597656e-01 6.549019813537597656e-01 5.490196347236633301e-01
6.549019813537597656e-01 5.490196347236633301e-01 6.549019813537597656e-01 4.745098054409027100e-01
6.549019813537597656e-01 4.745098054409027100e-01 4.588235318660736084e-01 4.745098054409027100e-01
4.588235318660736084e-01 4.745098054409027100e-01 4.588235318660736084e-01 4.745098054409027100e-01
2.196078449487686157e-01 4.745098054409027100e-01 1.176470592617988586e-01 4.745098054409027100e-01
1.176470592617988586e-01 4.745098054409027100e-01 1.176470592617988586e-01 7.098039388656616211e-01
1.176470592617988586e-01 7.098039388656616211e-01 2.196078449487686157e-01 7.098039388656616211e-01
2.196078449487686157e-01 7.098039388656616211e-01 2.196078449487686157e-01 4.745098054409027100e-01
2.196078449487686157e-01 4.745098054409027100e-01 2.196078449487686157e-01 4.745098054409027100e-01
