5.450980663299560547e-01 4.666666686534881592e-01 6.352941393852233887e-01 4.666666686534881592e-01
6.352941393852233887e-01 4.666666686534881592e-01 6.352941393852233887e-01 1.098039224743843079e-01
6.352941393852233887e-01 1.098039224743843079e-01 4.666666686534881592e-01 1.098039224743843079e-01
4.666666686534881592e-01 1.098039224743843079e-01 4.666666686534881592e-01 2.627451121807098389e-01
4.666666686534881592e-01 2.627451121807098389e-01 3.647058904170989990e-01 2.627451121807098389e-01
3.647058904170989990e-01 2.627451121807098389e-01 3.647058904170989990e-01 5.764706134796142578e-01
3.647058904170989990e-01 5.764706134796142578e-01 4.705882370471954346e-01 5.764706134796142578e-01
4.705882370471954346e-01 5.764706134796142578e-01 5.450980663299560547e-01 5.764706134796142578e-01
5.450980663299560547e-01 5.764706134796142578e-01 5.450980663299560547e-01 4.666666686534881592e-01
5.450980663299560547e-01 4.666666686534881592e-01 5.450980663299560547e-01 4.666666686534881592e-01
6.352941393852233887e-01 4.666666686534881592e-01 5.450980663299560547e-01 4.666666686534881592e-01
5.450980663299560547e-01 4.666666686534881592e-01 5.450980663299560547e-01 5.764706134796142578e-01
5.450980663299560547e-01 5.764706134796142578e-01 5.450980663299560547e-01 6.196078658103942871e-01
5.450980663299560547e-01 6.196078658103942871e-01 6.352941393852233887e-01 6.196078658103942871e-01
6.352941393852233887e-01 6.196078658103942871e-01 6.352941393852233887e-01 5.764706134796142578e-01
6.352941393852233887e-01 5.764706134796142578e-01 6.352941393852233887e-01 4.666666686534881592e-01
6.352941393852233887e-01 4.666666686534881592e-01 6.352941393852233887e-01 4.666666686534881592e-01
6.352941393852233887e-01 6.196078658103942871e-01 5.450980663299560547e-01 6.196078658103942871e-01
5.450980663299560547e-01 6.196078658103942871e-01 5.450980663299560547e-01 5.764706134796142578e-01
5.450980663299560547e-01 5.764706134796142578e-01 4.705882370471954346e-01 5.764706134796142578e-01
4.705882370471954346e-01 5.764706134796142578e-01 4.705882370471954346e-01 8.941176533699035645e-01
4.705882370471954346e-01 8.941176533699035645e-01 6.352941393852233887e-01 8.941176533699035645e-01
6.352941393852233887e-01 8.941176533699035645e-01 6.352941393852233887e-01 6.196078658103942871e-01
6.352941393852233887e-01 6.196078658103942871e-01 6.352941393852233887e-01 6.196078658103942871e-01
4.666666686534881592e-01 1.098039224743843079e-01 3.647058904170989990e-01 1.098039224743843079e-01
3.647058904170989990e-01 1.098039224743843079e-01 3.647058904170989990e-01 2.627451121807098389e-01
3.647058904170989990e-01 2.627451121807098389e-01 4.666666686534881592e-01 2.627451121807098389e-01
4.666666686534881592e-01 2.627451121807098389e-01 4.666666686534881592e-01 1.098039224743843079e-01
4.666666686534881592e-01 1.098039224743843079e-01 4.666666686534881592e-01 1.098039224743843079e-01
