5.450980663299560547e-01 1.764705926179885864e-01 4.784313738346099854e-01 1.764705926179885864e-01
4.784313738346099854e-01 1.764705926179885864e-01 4.784313738346099854e-01 2.196078449487686157e-01
4.784313738346099854e-01 2.196078449487686157e-01 4.784313738346099854e-01 2.941176593303680420e-01
4.784313738346099854e-01 2.941176593303680420e-01 5.450980663299560547e-01 2.941176593303680420e-01
5.450980663299560547e-01 2.941176593303680420e-01 5.803921818733215332e-01 2.941176593303680420e-01
5.803921818733215332e-01 2.941176593303680420e-01 5.803921818733215332e-01 1.764705926179885864e-01
5.803921818733215332e-01 1.764705926179885864e-01 5.450980663299560547e-01 1.764705926179885864e-01
5.450980663299560547e-01 1.764705926179885864e-01 5.450980663299560547e-01 1.764705926179885864e-01
4.784313738346099854e-01 1.764705926179885864e-01 4.784313738346099854e-01 1.294117718935012817e-01
4.784313738346099854e-01 1.294117718935012817e-01 3.764705955982208252e-01 1.294117718935012817e-01
3.764705955982208252e-01 1.294117718935012817e-01 3.764705955982208252e-01 2.196078449487686157e-01
3.764705955982208252e-01 2.196078449487686157e-01 4.784313738346099854e-01 2.196078449487686157e-01
4.784313738346099854e-01 2.196078449487686157e-01 4.784313738346099854e-01 1.764705926179885864e-01
4.784313738346099854e-01 1.764705926179885864e-01 4.784313738346099854e-01 1.764705926179885864e-01
4.784313738346099854e-01 2.941176593303680420e-01 4.784313738346099854e-01 2.196078449487686157e-01
4.784313738346099854e-01 2.196078449487686157e-01 3.764705955982208252e-01 2.196078449487686157e-01
3.764705955982208252e-01 2.196078449487686157e-01 3.764705955982208252e-01 1.294117718935012817e-01
3.764705955982208252e-01 1.294117718935012817e-01 1.882352977991104126e-01 1.294117718935012817e-01
1.882352977991104126e-01 1.294117718935012817e-01 1.882352977991104126e-01 2.941176593303680420e-01
1.882352977991104126e-01 2.941176593303680420e-01 1.882352977991104126e-01 4.549019634723663330e-01
1.882352977991104126e-01 4.549019634723663330e-01 4.784313738346099854e-01 4.549019634723663330e-01
4.784313738346099854e-01 4.549019634723663330e-01 4.784313738346099854e-01 2.941176593303680420e-01
4.784313738346099854e-01 2.941176593303680420e-01 4.784313738346099854e-01 2.941176593303680420e-01
8.117647171020507812e-01 1.764705926179885864e-01 5.803921818733215332e-01 1.764705926179885864e-01
5.803921818733215332e-01 1.764705926179885864e-01 5.803921818733215332e-01 2.941176593303680420e-01
5.803921818733215332e-01 2.941176593303680420e-01 5.450980663299560547e-01 2.941176593303680420e-01
5.450980663299560547e-01 2.941176593303680420e-01 5.450980663299560547e-01 3.725490272045135498e-01
5.450980663299560547e-01 3.725490272045135498e-01 6.509804129600524902e-01 3.725490272045135498e-01
6.509804129600524902e-01 3.725490272045135498e-01 7.490196228027343750e-01 3.725490272045135498e-01
7.490196228027343750e-01 3.725490272045135498e-01 8.117647171020507812e-01 3.725490272045135498e-01
8.117647171020507812e-01 3.725490272045135498e-01 8.117647171020507812e-01 1.764705926179885864e-01
8.117647171020507812e-01 1.764705926179885864e-01 8.117647171020507812e-01 1.764705926179885864e-01
1.882352977991104126e-01 7.294117808341979980e-01 1.882352977991104126e-01 7.843137383460998535e-01
1.882352977991104126e-01 7.843137383460998535e-01 1.882352977991104126e-01 8.745098114013671875e-01
1.882352977991104126e-01 8.745098114013671875e-01 3.647058904170989990e-01 8.745098114013671875e-01
3.647058904170989990e-01 8.745098114013671875e-01 3.647058904170989990e-01 7.843137383460998535e-01
3.647058904170989990e-01 7.843137383460998535e-01 3.647058904170989990e-01 7.294117808341979980e-01
3.647058904170989990e-01 7.294117808341979980e-01 1.882352977991104126e-01 7.294117808341979980e-01
1.882352977991104126e-01 7.294117808341979980e-01 1.882352977991104126e-01 7.294117808341979980e-01
5.450980663299560547e-01 2.941176593303680420e-01 4.784313738346099854e-01 2.941176593303680420e-01
4.784313738346099854e-01 2.941176593303680420e-01 4.784313738346099854e-01 4.549019634723663330e-01
4.784313738346099854e-01 4.549019634723663330e-01 1.882352977991104126e-01 4.549019634723663330e-01
1.882352977991104126e-01 4.549019634723663330e-01 1.882352977991104126e-01 7.294117808341979980e-01
1.882352977991104126e-01 7.294117808341979980e-01 3.647058904170989990e-01 7.294117808341979980e-01
3.647058904170989990e-01 7.294117808341979980e-01 3.647058904170989990e-01 7.843137383460998535e-01
3.647058904170989990e-01 7.843137383460998535e-01 6.509804129600524902e-01 7.843137383460998535e-01
6.509804129600524902e-01 7.843137383460998535e-01 6.509804129600524902e-01 6.078431606292724609e-01
6.509804129600524902e-01 6.078431606292724609e-01 6.509804129600524902e-01 3.725490272045135498e-01
6.509804129600524902e-01 3.725490272045135498e-01 5.450980663299560547e-01 3.725490272045135498e-01
5.450980663299560547e-01 3.725490272045135498e-01 5.450980663299560547e-01 2.941176593303680420e-01
5.450980663299560547e-01 2.941176593303680420e-01 5.450980663299560547e-01 2.941176593303680420e-01
7.490196228027343750e-01 3.725490272045135498e-01 6.509804129600524902e-01 3.725490272045135498e-01
6.509804129600524902e-01 3.725490272045135498e-01 6.509804129600524902e-01 6.078431606292724609e-01
6.509804129600524902e-01 6.078431606292724609e-01 7.490196228027343750e-01 6.078431606292724609e-01
7.490196228027343750e-01 6.078431606292724609e-01 7.490196228027343750e-01 3.725490272045135498e-01
7.490196228027343750e-01 3.725490272045135498e-01 7.490196228027343750e-01 3.725490272045135498e-01
