1.176470592617988586e-01 4.666666686534881592e-01 2.313725501298904419e-01 4.666666686534881592e-01
2.313725501298904419e-01 4.666666686534881592e-01 2.313725501298904419e-01 3.411764800548553467e-01
2.313725501298904419e-01 3.411764800548553467e-01 1.176470592617988586e-01 3.411764800548553467e-01
1.176470592617988586e-01 3.411764800548553467e-01 1.176470592617988586e-01 4.666666686534881592e-01
1.176470592617988586e-01 4.666666686534881592e-01 1.176470592617988586e-01 4.666666686534881592e-01
6.705882549285888672e-01 7.568627595901489258e-01 7.725490331649780273e-01 7.568627595901489258e-01
7.725490331649780273e-01 7.568627595901489258e-01 7.725490331649780273e-01 6.235294342041015625e-01
7.725490331649780273e-01 6.235294342041015625e-01 6.705882549285888672e-01 6.235294342041015625e-01
6.705882549285888672e-01 6.235294342041015625e-01 6.705882549285888672e-01 7.568627595901489258e-01
6.705882549285888672e-01 7.568627595901489258e-01 6.705882549285888672e-01 7.568627595901489258e-01
3.882353007793426514e-01 3.411764800548553467e-01 5.803921818733215332e-01 3.411764800548553467e-01
5.803921818733215332e-01 3.411764800548553467e-01 5.803921818733215332e-01 2.431372553110122681e-01
5.803921818733215332e-01 2.431372553110122681e-01 3.882353007793426514e-01 2.431372553110122681e-01
3.882353007793426514e-01 2.431372553110122681e-01 3.882353007793426514e-01 3.411764800548553467e-01
3.882353007793426514e-01 3.411764800548553467e-01 3.882353007793426514e-01 3.411764800548553467e-01
2.313725501298904419e-01 4.666666686534881592e-01 1.176470592617988586e-01 4.666666686534881592e-01
1.176470592617988586e-01 4.666666686534881592e-01 1.176470592617988586e-01 7.568627595901489258e-01
1.176470592617988586e-01 7.568627595901489258e-01 3.372549116611480713e-01 7.568627595901489258e-01
3.372549116611480713e-01 7.568627595901489258e-01 3.372549116611480713e-01 6.235294342041015625e-01
3.372549116611480713e-01 6.235294342041015625e-01 3.372549116611480713e-01 5.647059082984924316e-01
3.372549116611480713e-01 5.647059082984924316e-01 3.372549116611480713e-01 4.666666686534881592e-01
3.372549116611480713e-01 4.666666686534881592e-01 2.901960909366607666e-01 4.666666686534881592e-01
2.901960909366607666e-01 4.666666686534881592e-01 2.313725501298904419e-01 4.666666686534881592e-01
2.313725501298904419e-01 4.666666686534881592e-01 2.313725501298904419e-01 4.666666686534881592e-01
3.372549116611480713e-01 7.568627595901489258e-01 5.215686559677124023e-01 7.568627595901489258e-01
5.215686559677124023e-01 7.568627595901489258e-01 5.215686559677124023e-01 6.235294342041015625e-01
5.215686559677124023e-01 6.235294342041015625e-01 5.215686559677124023e-01 5.647059082984924316e-01
5.215686559677124023e-01 5.647059082984924316e-01 3.372549116611480713e-01 5.647059082984924316e-01
3.372549116611480713e-01 5.647059082984924316e-01 3.372549116611480713e-01 6.235294342041015625e-01
3.372549116611480713e-01 6.235294342041015625e-01 3.372549116611480713e-01 7.568627595901489258e-01
3.372549116611480713e-01 7.568627595901489258e-01 3.372549116611480713e-01 7.568627595901489258e-01
5.215686559677124023e-01 7.568627595901489258e-01 6.705882549285888672e-01 7.568627595901489258e-01
6.705882549285888672e-01 7.568627595901489258e-01 6.705882549285888672e-01 6.235294342041015625e-01
6.705882549285888672e-01 6.235294342041015625e-01 6.705882549285888672e-01 5.647059082984924316e-01
6.705882549285888672e-01 5.647059082984924316e-01 5.215686559677124023e-01 5.647059082984924316e-01
5.215686559677124023e-01 5.647059082984924316e-01 5.215686559677124023e-01 6.235294342041015625e-01
5.215686559677124023e-01 6.235294342041015625e-01 5.215686559677124023e-01 7.568627595901489258e-01
5.215686559677124023e-01 7.568627595901489258e-01 5.215686559677124023e-01 7.568627595901489258e-01
2.313725501298904419e-01 4.666666686534881592e-01 2.901960909366607666e-01 4.666666686534881592e-01
2.901960909366607666e-01 4.666666686534881592e-01 3.372549116611480713e-01 4.666666686534881592e-01
3.372549116611480713e-01 4.666666686534881592e-01 3.882353007793426514e-01 4.666666686534881592e-01
3.882353007793426514e-01 4.666666686534881592e-01 3.882353007793426514e-01 3.411764800548553467e-01
3.882353007793426514e-01 3.411764800548553467e-01 2.901960909366607666e-01 3.411764800548553467e-01
2.901960909366607666e-01 3.411764800548553467e-01 2.313725501298904419e-01 3.411764800548553467e-01
2.313725501298904419e-01 3.411764800548553467e-01 2.313725501298904419e-01 4.666666686534881592e-01
2.313725501298904419e-01 4.666666686534881592e-01 2.313725501298904419e-01 4.666666686534881592e-01
3.882353007793426514e-01 4.666666686534881592e-01 3.372549116611480713e-01 4.666666686534881592e-01
3.372549116611480713e-01 4.666666686534881592e-01 3.372549116611480713e-01 5.647059082984924316e-01
3.372549116611480713e-01 5.647059082984924316e-01 5.215686559677124023e-01 5.647059082984924316e-01
5.215686559677124023e-01 5.647059082984924316e-01 6.705882549285888672e-01 5.647059082984924316e-01
6.705882549285888672e-01 5.647059082984924316e-01 6.705882549285888672e-01 6.235294342041015625e-01
6.705882549285888672e-01 6.235294342041015625e-01 7.725490331649780273e-01 6.235294342041015625e-01
7.725490331649780273e-01 6.235294342041015625e-01 8.274509906768798828e-01 6.235294342041015625e-01
8.274509906768798828e-01 6.235294342041015625e-01 8.274509906768798828e-01 4.784313738346099854e-01
8.274509906768798828e-01 4.784313738346099854e-01 7.372549176216125488e-01 4.784313738346099854e-01
7.372549176216125488e-01 4.784313738346099854e-01 7.372549176216125488e-01 3.411764800548553467e-01
7.372549176216125488e-01 3.411764800548553467e-01 5.803921818733215332e-01 3.411764800548553467e-01
5.803921818733215332e-01 3.411764800548553467e-01 3.882353007793426514e-01 3.411764800548553467e-01
3.882353007793426514e-01 3.411764800548553467e-01 3.882353007793426514e-01 4.666666686534881592e-01
3.882353007793426514e-01 4.666666686534881592e-01 3.882353007793426514e-01 4.666666686534881592e-01
8.274509906768798828e-01 3.411764800548553467e-01 7.372549176216125488e-01 3.411764800548553467e-01
7.372549176216125488e-01 3.411764800548553467e-01 7.372549176216125488e-01 4.784313738346099854e-01
7.372549176216125488e-01 4.784313738346099854e-01 8.274509906768798828e-01 4.784313738346099854e-01
8.274509906768798828e-01 4.784313738346099854e-01 8.823529481887817383e-01 4.784313738346099854e-01
8.823529481887817383e-01 4.784313738346099854e-01 8.823529481887817383e-01 3.411764800548553467e-01
8.823529481887817383e-01 3.411764800548553467e-01 8.274509906768798828e-01 3.411764800548553467e-01
8.274509906768798828e-01 3.411764800548553467e-01 8.274509906768798828e-01 3.411764800548553467e-01
