4.156862795352935791e-01 4.156862795352935791e-01 3.176470696926116943e-01 4.156862795352935791e-01
3.176470696926116943e-01 4.156862795352935791e-01 3.176470696926116943e-01 5.294117927551269531e-01
3.176470696926116943e-01 5.294117927551269531e-01 4.156862795352935791e-01 5.294117927551269531e-01
4.156862795352935791e-01 5.294117927551269531e-01 4.156862795352935791e-01 4.156862795352935791e-01
4.156862795352935791e-01 4.156862795352935791e-01 4.156862795352935791e-01 4.156862795352935791e-01
4.784313738346099854e-01 4.156862795352935791e-01 4.156862795352935791e-01 4.156862795352935791e-01
4.156862795352935791e-01 4.156862795352935791e-01 4.156862795352935791e-01 5.294117927551269531e-01
4.156862795352935791e-01 5.294117927551269531e-01 4.784313738346099854e-01 5.294117927551269531e-01
4.784313738346099854e-01 5.294117927551269531e-01 4.784313738346099854e-01 7.568627595901489258e-01
4.784313738346099854e-01 7.568627595901489258e-01 6.823529601097106934e-01 7.568627595901489258e-01
6.823529601097106934e-01 7.568627595901489258e-01 6.823529601097106934e-01 2.392156869173049927e-01
6.823529601097106934e-01 2.392156869173049927e-01 4.784313738346099854e-01 2.392156869173049927e-01
4.784313738346099854e-01 2.392156869173049927e-01 4.784313738346099854e-01 4.156862795352935791e-01
4.784313738346099854e-01 4.156862795352935791e-01 4.784313738346099854e-01 4.156862795352935791e-01
3.176470696926116943e-01 4.156862795352935791e-01 4.156862795352935791e-01 4.156862795352935791e-01
4.156862795352935791e-01 4.156862795352935791e-01 4.784313738346099854e-01 4.156862795352935791e-01
4.784313738346099854e-01 4.156862795352935791e-01 4.784313738346099854e-01 2.392156869173049927e-01
4.784313738346099854e-01 2.392156869173049927e-01 4.156862795352935791e-01 2.392156869173049927e-01
4.156862795352935791e-01 2.392156869173049927e-01 3.176470696926116943e-01 2.392156869173049927e-01
3.176470696926116943e-01 2.392156869173049927e-01 3.176470696926116943e-01 4.156862795352935791e-01
3.176470696926116943e-01 4.156862795352935791e-01 3.176470696926116943e-01 4.156862795352935791e-01
4.156862795352935791e-01 5.294117927551269531e-01 3.176470696926116943e-01 5.294117927551269531e-01
3.176470696926116943e-01 5.294117927551269531e-01 3.176470696926116943e-01 7.568627595901489258e-01
3.176470696926116943e-01 7.568627595901489258e-01 4.156862795352935791e-01 7.568627595901489258e-01
4.156862795352935791e-01 7.568627595901489258e-01 4.784313738346099854e-01 7.568627595901489258e-01
4.784313738346099854e-01 7.568627595901489258e-01 4.784313738346099854e-01 5.294117927551269531e-01
4.784313738346099854e-01 5.294117927551269531e-01 4.156862795352935791e-01 5.294117927551269531e-01
4.156862795352935791e-01 5.294117927551269531e-01 4.156862795352935791e-01 5.294117927551269531e-01
