2.352941185235977173e-01 3.568627536296844482e-01 1.803921610116958618e-01 3.568627536296844482e-01
1.803921610116958618e-01 3.568627536296844482e-01 1.803921610116958618e-01 4.823529422283172607e-01
1.803921610116958618e-01 4.823529422283172607e-01 3.215686380863189697e-01 4.823529422283172607e-01
3.215686380863189697e-01 4.823529422283172607e-01 3.215686380863189697e-01 3.568627536296844482e-01
3.215686380863189697e-01 3.568627536296844482e-01 2.352941185235977173e-01 3.568627536296844482e-01
2.352941185235977173e-01 3.568627536296844482e-01 2.352941185235977173e-01 3.568627536296844482e-01
3.215686380863189697e-01 4.823529422283172607e-01 1.803921610116958618e-01 4.823529422283172607e-01
1.803921610116958618e-01 4.823529422283172607e-01 1.803921610116958618e-01 7.411764860153198242e-01
1.803921610116958618e-01 7.411764860153198242e-01 3.215686380863189697e-01 7.411764860153198242e-01
3.215686380863189697e-01 7.411764860153198242e-01 3.764705955982208252e-01 7.411764860153198242e-01
3.764705955982208252e-01 7.411764860153198242e-01 3.764705955982208252e-01 4.823529422283172607e-01
3.764705955982208252e-01 4.823529422283172607e-01 3.215686380863189697e-01 4.823529422283172607e-01
3.215686380863189697e-01 4.823529422283172607e-01 3.215686380863189697e-01 4.823529422283172607e-01
2.352941185235977173e-01 3.568627536296844482e-01 3.215686380863189697e-01 3.568627536296844482e-01
3.215686380863189697e-01 3.568627536296844482e-01 4.156862795352935791e-01 3.568627536296844482e-01
4.156862795352935791e-01 3.568627536296844482e-01 4.156862795352935791e-01 1.803921610116958618e-01
4.156862795352935791e-01 1.803921610116958618e-01 3.215686380863189697e-01 1.803921610116958618e-01
3.215686380863189697e-01 1.803921610116958618e-01 2.352941185235977173e-01 1.803921610116958618e-01
2.352941185235977173e-01 1.803921610116958618e-01 2.352941185235977173e-01 3.568627536296844482e-01
2.352941185235977173e-01 3.568627536296844482e-01 2.352941185235977173e-01 3.568627536296844482e-01
4.156862795352935791e-01 3.568627536296844482e-01 3.215686380863189697e-01 3.568627536296844482e-01
3.215686380863189697e-01 3.568627536296844482e-01 3.215686380863189697e-01 4.823529422283172607e-01
3.215686380863189697e-01 4.823529422283172607e-01 3.764705955982208252e-01 4.823529422283172607e-01
3.764705955982208252e-01 4.823529422283172607e-01 3.764705955982208252e-01 7.411764860153198242e-01
3.764705955982208252e-01 7.411764860153198242e-01 6.000000238418579102e-01 7.411764860153198242e-01
6.000000238418579102e-01 7.411764860153198242e-01 8.235294222831726074e-01 7.411764860153198242e-01
8.235294222831726074e-01 7.411764860153198242e-01 8.235294222831726074e-01 1.803921610116958618e-01
8.235294222831726074e-01 1.803921610116958618e-01 5.725490450859069824e-01 1.803921610116958618e-01
5.725490450859069824e-01 1.803921610116958618e-01 5.725490450859069824e-01 3.568627536296844482e-01
5.725490450859069824e-01 3.568627536296844482e-01 4.156862795352935791e-01 3.568627536296844482e-01
4.156862795352935791e-01 3.568627536296844482e-01 4.156862795352935791e-01 3.568627536296844482e-01
6.000000238418579102e-01 7.411764860153198242e-01 3.764705955982208252e-01 7.411764860153198242e-01
3.764705955982208252e-01 7.411764860153198242e-01 3.764705955982208252e-01 8.274509906768798828e-01
3.764705955982208252e-01 8.274509906768798828e-01 6.000000238418579102e-01 8.274509906768798828e-01
6.000000238418579102e-01 8.274509906768798828e-01 6.000000238418579102e-01 7.411764860153198242e-01
6.000000238418579102e-01 7.411764860153198242e-01 6.000000238418579102e-01 7.411764860153198242e-01
4.156862795352935791e-01 3.568627536296844482e-01 5.725490450859069824e-01 3.568627536296844482e-01
5.725490450859069824e-01 3.568627536296844482e-01 5.725490450859069824e-01 1.803921610116958618e-01
5.725490450859069824e-01 1.803921610116958618e-01 4.156862795352935791e-01 1.803921610116958618e-01
4.156862795352935791e-01 1.803921610116958618e-01 4.156862795352935791e-01 3.568627536296844482e-01
4.156862795352935791e-01 3.568627536296844482e-01 4.156862795352935791e-01 3.568627536296844482e-01
