6.352941393852233887e-01 2.862745225429534912e-01 5.333333611488342285e-01 2.862745225429534912e-01
5.333333611488342285e-01 2.862745225429534912e-01 5.333333611488342285e-01 3.450980484485626221e-01
5.333333611488342285e-01 3.450980484485626221e-01 5.333333611488342285e-01 4.274509847164154053e-01
5.333333611488342285e-01 4.274509847164154053e-01 6.352941393852233887e-01 4.274509847164154053e-01
6.352941393852233887e-01 4.274509847164154053e-01 6.352941393852233887e-01 3.450980484485626221e-01
6.352941393852233887e-01 3.450980484485626221e-01 6.352941393852233887e-01 2.862745225429534912e-01
6.352941393852233887e-01 2.862745225429534912e-01 6.352941393852233887e-01 2.862745225429534912e-01
5.333333611488342285e-01 2.862745225429534912e-01 2.862745225429534912e-01 2.862745225429534912e-01
2.862745225429534912e-01 2.862745225429534912e-01 2.862745225429534912e-01 3.450980484485626221e-01
2.862745225429534912e-01 3.450980484485626221e-01 2.862745225429534912e-01 4.980392158031463623e-01
2.862745225429534912e-01 4.980392158031463623e-01 5.333333611488342285e-01 4.980392158031463623e-01
5.333333611488342285e-01 4.980392158031463623e-01 5.333333611488342285e-01 4.274509847164154053e-01
5.333333611488342285e-01 4.274509847164154053e-01 5.333333611488342285e-01 3.450980484485626221e-01
5.333333611488342285e-01 3.450980484485626221e-01 5.333333611488342285e-01 2.862745225429534912e-01
5.333333611488342285e-01 2.862745225429534912e-01 5.333333611488342285e-01 2.862745225429534912e-01
6.352941393852233887e-01 4.274509847164154053e-01 5.333333611488342285e-01 4.274509847164154053e-01
5.333333611488342285e-01 4.274509847164154053e-01 5.333333611488342285e-01 4.980392158031463623e-01
5.333333611488342285e-01 4.980392158031463623e-01 2.862745225429534912e-01 4.980392158031463623e-01
2.862745225429534912e-01 4.980392158031463623e-01 2.862745225429534912e-01 3.450980484485626221e-01
2.862745225429534912e-01 3.450980484485626221e-01 1.843137294054031372e-01 3.450980484485626221e-01
1.843137294054031372e-01 3.450980484485626221e-01 1.843137294054031372e-01 7.176470756530761719e-01
1.843137294054031372e-01 7.176470756530761719e-01 8.039215803146362305e-01 7.176470756530761719e-01
8.039215803146362305e-01 7.176470756530761719e-01 8.039215803146362305e-01 6.588235497474670410e-01
8.039215803146362305e-01 6.588235497474670410e-01 7.058823704719543457e-01 6.588235497474670410e-01
7.058823704719543457e-01 6.588235497474670410e-01 7.058823704719543457e-01 5.019608139991760254e-01
7.058823704719543457e-01 5.019608139991760254e-01 8.039215803146362305e-01 5.019608139991760254e-01
8.039215803146362305e-01 5.019608139991760254e-01 8.039215803146362305e-01 3.450980484485626221e-01
8.039215803146362305e-01 3.450980484485626221e-01 6.352941393852233887e-01 3.450980484485626221e-01
6.352941393852233887e-01 3.450980484485626221e-01 6.352941393852233887e-01 4.274509847164154053e-01
6.352941393852233887e-01 4.274509847164154053e-01 6.352941393852233887e-01 4.274509847164154053e-01
8.039215803146362305e-01 6.588235497474670410e-01 8.039215803146362305e-01 5.019608139991760254e-01
8.039215803146362305e-01 5.019608139991760254e-01 7.058823704719543457e-01 5.019608139991760254e-01
7.058823704719543457e-01 5.019608139991760254e-01 7.058823704719543457e-01 6.588235497474670410e-01
7.058823704719543457e-01 6.588235497474670410e-01 8.039215803146362305e-01 6.588235497474670410e-01
8.039215803146362305e-01 6.588235497474670410e-01 8.039215803146362305e-01 6.588235497474670410e-01
