3.568627536296844482e-01 5.411764979362487793e-01 4.509803950786590576e-01 5.411764979362487793e-01
4.509803950786590576e-01 5.411764979362487793e-01 4.509803950786590576e-01 4.666666686534881592e-01
4.509803950786590576e-01 4.666666686534881592e-01 3.568627536296844482e-01 4.666666686534881592e-01
3.568627536296844482e-01 4.666666686534881592e-01 3.568627536296844482e-01 5.411764979362487793e-01
3.568627536296844482e-01 5.411764979362487793e-01 3.568627536296844482e-01 5.411764979362487793e-01
4.509803950786590576e-01 2.980392277240753174e-01 4.901960790157318115e-01 2.980392277240753174e-01
4.901960790157318115e-01 2.980392277240753174e-01 4.901960790157318115e-01 3.490196168422698975e-01
4.901960790157318115e-01 3.490196168422698975e-01 5.803921818733215332e-01 3.490196168422698975e-01
5.803921818733215332e-01 3.490196168422698975e-01 5.803921818733215332e-01 2.549019753932952881e-01
5.803921818733215332e-01 2.549019753932952881e-01 5.803921818733215332e-01 2.039215713739395142e-01
5.803921818733215332e-01 2.039215713739395142e-01 4.901960790157318115e-01 2.039215713739395142e-01
4.901960790157318115e-01 2.039215713739395142e-01 4.901960790157318115e-01 2.549019753932952881e-01
4.901960790157318115e-01 2.549019753932952881e-01 4.509803950786590576e-01 2.549019753932952881e-01
4.509803950786590576e-01 2.549019753932952881e-01 4.509803950786590576e-01 2.980392277240753174e-01
4.509803950786590576e-01 2.980392277240753174e-01 4.509803950786590576e-01 2.980392277240753174e-01
4.509803950786590576e-01 5.411764979362487793e-01 3.568627536296844482e-01 5.411764979362487793e-01
3.568627536296844482e-01 5.411764979362487793e-01 3.568627536296844482e-01 7.960784435272216797e-01
3.568627536296844482e-01 7.960784435272216797e-01 4.901960790157318115e-01 7.960784435272216797e-01
4.901960790157318115e-01 7.960784435272216797e-01 4.901960790157318115e-01 7.098039388656616211e-01
4.901960790157318115e-01 7.098039388656616211e-01 4.901960790157318115e-01 5.411764979362487793e-01
4.901960790157318115e-01 5.411764979362487793e-01 4.509803950786590576e-01 5.411764979362487793e-01
4.509803950786590576e-01 5.411764979362487793e-01 4.509803950786590576e-01 5.411764979362487793e-01
3.568627536296844482e-01 2.980392277240753174e-01 3.568627536296844482e-01 4.666666686534881592e-01
3.568627536296844482e-01 4.666666686534881592e-01 4.509803950786590576e-01 4.666666686534881592e-01
4.509803950786590576e-01 4.666666686534881592e-01 4.901960790157318115e-01 4.666666686534881592e-01
4.901960790157318115e-01 4.666666686534881592e-01 4.901960790157318115e-01 3.490196168422698975e-01
4.901960790157318115e-01 3.490196168422698975e-01 4.901960790157318115e-01 2.980392277240753174e-01
4.901960790157318115e-01 2.980392277240753174e-01 4.509803950786590576e-01 2.980392277240753174e-01
4.509803950786590576e-01 2.980392277240753174e-01 3.568627536296844482e-01 2.980392277240753174e-01
3.568627536296844482e-01 2.980392277240753174e-01 3.568627536296844482e-01 2.980392277240753174e-01
4.509803950786590576e-01 5.411764979362487793e-01 4.901960790157318115e-01 5.411764979362487793e-01
4.901960790157318115e-01 5.411764979362487793e-01 4.901960790157318115e-01 7.098039388656616211e-01
4.901960790157318115e-01 7.098039388656616211e-01 6.431372761726379395e-01 7.098039388656616211e-01
6.431372761726379395e-01 7.098039388656616211e-01 6.431372761726379395e-01 2.549019753932952881e-01
6.431372761726379395e-01 2.549019753932952881e-01 5.803921818733215332e-01 2.549019753932952881e-01
5.803921818733215332e-01 2.549019753932952881e-01 5.803921818733215332e-01 3.490196168422698975e-01
5.803921818733215332e-01 3.490196168422698975e-01 4.901960790157318115e-01 3.490196168422698975e-01
4.901960790157318115e-01 3.490196168422698975e-01 4.901960790157318115e-01 4.666666686534881592e-01
4.901960790157318115e-01 4.666666686534881592e-01 4.509803950786590576e-01 4.666666686534881592e-01
4.509803950786590576e-01 4.666666686534881592e-01 4.509803950786590576e-01 5.411764979362487793e-01
4.509803950786590576e-01 5.411764979362487793e-01 4.509803950786590576e-01 5.411764979362487793e-01
4.901960790157318115e-01 7.960784435272216797e-01 6.431372761726379395e-01 7.960784435272216797e-01
6.431372761726379395e-01 7.960784435272216797e-01 6.431372761726379395e-01 7.098039388656616211e-01
6.431372761726379395e-01 7.098039388656616211e-01 4.901960790157318115e-01 7.098039388656616211e-01
4.901960790157318115e-01 7.098039388656616211e-01 4.901960790157318115e-01 7.960784435272216797e-01
4.901960790157318115e-01 7.960784435272216797e-01 4.901960790157318115e-01 7.960784435272216797e-01
