5.490196347236633301e-01 5.450980663299560547e-01 4.431372582912445068e-01 5.450980663299560547e-01
4.431372582912445068e-01 5.450980663299560547e-01 4.431372582912445068e-01 6.705882549285888672e-01
4.431372582912445068e-01 6.705882549285888672e-01 4.431372582912445068e-01 7.647058963775634766e-01
4.431372582912445068e-01 7.647058963775634766e-01 5.490196347236633301e-01 7.647058963775634766e-01
5.490196347236633301e-01 7.647058963775634766e-01 5.490196347236633301e-01 6.705882549285888672e-01
5.490196347236633301e-01 6.705882549285888672e-01 5.490196347236633301e-01 5.450980663299560547e-01
5.490196347236633301e-01 5.450980663299560547e-01 5.490196347236633301e-01 5.450980663299560547e-01
7.960784435272216797e-01 1.529411822557449341e-01 5.529412031173706055e-01 1.529411822557449341e-01
5.529412031173706055e-01 1.529411822557449341e-01 5.529412031173706055e-01 2.549019753932952881e-01
5.529412031173706055e-01 2.549019753932952881e-01 7.960784435272216797e-01 2.549019753932952881e-01
7.960784435272216797e-01 2.549019753932952881e-01 7.960784435272216797e-01 1.529411822557449341e-01
7.960784435272216797e-01 1.529411822557449341e-01 7.960784435272216797e-01 1.529411822557449341e-01
3.764705955982208252e-01 5.450980663299560547e-01 2.078431397676467896e-01 5.450980663299560547e-01
2.078431397676467896e-01 5.450980663299560547e-01 2.078431397676467896e-01 7.647058963775634766e-01
2.078431397676467896e-01 7.647058963775634766e-01 4.431372582912445068e-01 7.647058963775634766e-01
4.431372582912445068e-01 7.647058963775634766e-01 4.431372582912445068e-01 6.705882549285888672e-01
4.431372582912445068e-01 6.705882549285888672e-01 4.431372582912445068e-01 5.450980663299560547e-01
4.431372582912445068e-01 5.450980663299560547e-01 3.764705955982208252e-01 5.450980663299560547e-01
3.764705955982208252e-01 5.450980663299560547e-01 3.764705955982208252e-01 5.450980663299560547e-01
2.078431397676467896e-01 5.450980663299560547e-01 3.764705955982208252e-01 5.450980663299560547e-01
3.764705955982208252e-01 5.450980663299560547e-01 3.764705955982208252e-01 4.666666686534881592e-01
3.764705955982208252e-01 4.666666686534881592e-01 3.764705955982208252e-01 3.058823645114898682e-01
3.764705955982208252e-01 3.058823645114898682e-01 2.078431397676467896e-01 3.058823645114898682e-01
2.078431397676467896e-01 3.058823645114898682e-01 2.078431397676467896e-01 5.450980663299560547e-01
2.078431397676467896e-01 5.450980663299560547e-01 2.078431397676467896e-01 5.450980663299560547e-01
5.490196347236633301e-01 3.058823645114898682e-01 3.764705955982208252e-01 3.058823645114898682e-01
3.764705955982208252e-01 3.058823645114898682e-01 3.764705955982208252e-01 4.666666686534881592e-01
3.764705955982208252e-01 4.666666686534881592e-01 5.490196347236633301e-01 4.666666686534881592e-01
5.490196347236633301e-01 4.666666686534881592e-01 5.490196347236633301e-01 3.058823645114898682e-01
5.490196347236633301e-01 3.058823645114898682e-01 5.490196347236633301e-01 3.058823645114898682e-01
3.764705955982208252e-01 5.450980663299560547e-01 4.431372582912445068e-01 5.450980663299560547e-01
4.431372582912445068e-01 5.450980663299560547e-01 5.490196347236633301e-01 5.450980663299560547e-01
5.490196347236633301e-01 5.450980663299560547e-01 5.490196347236633301e-01 6.705882549285888672e-01
5.490196347236633301e-01 6.705882549285888672e-01 6.313725709915161133e-01 6.705882549285888672e-01
6.313725709915161133e-01 6.705882549285888672e-01 7.960784435272216797e-01 6.705882549285888672e-01
7.960784435272216797e-01 6.705882549285888672e-01 7.960784435272216797e-01 2.549019753932952881e-01
7.960784435272216797e-01 2.549019753932952881e-01 5.529412031173706055e-01 2.549019753932952881e-01
5.529412031173706055e-01 2.549019753932952881e-01 3.764705955982208252e-01 2.549019753932952881e-01
3.764705955982208252e-01 2.549019753932952881e-01 3.764705955982208252e-01 3.058823645114898682e-01
3.764705955982208252e-01 3.058823645114898682e-01 5.490196347236633301e-01 3.058823645114898682e-01
5.490196347236633301e-01 3.058823645114898682e-01 5.490196347236633301e-01 4.666666686534881592e-01
5.490196347236633301e-01 4.666666686534881592e-01 3.764705955982208252e-01 4.666666686534881592e-01
3.764705955982208252e-01 4.666666686534881592e-01 3.764705955982208252e-01 5.450980663299560547e-01
3.764705955982208252e-01 5.450980663299560547e-01 3.764705955982208252e-01 5.450980663299560547e-01
7.960784435272216797e-01 8.470588326454162598e-01 7.960784435272216797e-01 6.705882549285888672e-01
7.960784435272216797e-01 6.705882549285888672e-01 6.313725709915161133e-01 6.705882549285888672e-01
6.313725709915161133e-01 6.705882549285888672e-01 6.313725709915161133e-01 8.470588326454162598e-01
6.313725709915161133e-01 8.470588326454162598e-01 7.960784435272216797e-01 8.470588326454162598e-01
7.960784435272216797e-01 8.470588326454162598e-01 7.960784435272216797e-01 8.470588326454162598e-01
5.490196347236633301e-01 6.705882549285888672e-01 5.490196347236633301e-01 7.647058963775634766e-01
5.490196347236633301e-01 7.647058963775634766e-01 5.490196347236633301e-01 8.470588326454162598e-01
5.490196347236633301e-01 8.470588326454162598e-01 6.313725709915161133e-01 8.470588326454162598e-01
6.313725709915161133e-01 8.470588326454162598e-01 6.313725709915161133e-01 6.705882549285888672e-01
6.313725709915161133e-01 6.705882549285888672e-01 5.490196347236633301e-01 6.705882549285888672e-01
5.490196347236633301e-01 6.705882549285888672e-01 5.490196347236633301e-01 6.705882549285888672e-01
