7.803921699523925781e-01 3.607843220233917236e-01 7.803921699523925781e-01 2.235294133424758911e-01
7.803921699523925781e-01 2.235294133424758911e-01 6.235294342041015625e-01 2.235294133424758911e-01
6.235294342041015625e-01 2.235294133424758911e-01 6.235294342041015625e-01 4.117647111415863037e-01
6.235294342041015625e-01 4.117647111415863037e-01 7.803921699523925781e-01 4.117647111415863037e-01
7.803921699523925781e-01 4.117647111415863037e-01 7.803921699523925781e-01 3.607843220233917236e-01
7.803921699523925781e-01 3.607843220233917236e-01 7.803921699523925781e-01 3.607843220233917236e-01
4.313725531101226807e-01 7.764706015586853027e-01 5.490196347236633301e-01 7.764706015586853027e-01
5.490196347236633301e-01 7.764706015586853027e-01 5.490196347236633301e-01 6.470588445663452148e-01
5.490196347236633301e-01 6.470588445663452148e-01 4.313725531101226807e-01 6.470588445663452148e-01
4.313725531101226807e-01 6.470588445663452148e-01 4.313725531101226807e-01 7.764706015586853027e-01
4.313725531101226807e-01 7.764706015586853027e-01 4.313725531101226807e-01 7.764706015586853027e-01
4.313725531101226807e-01 2.235294133424758911e-01 4.313725531101226807e-01 4.117647111415863037e-01
4.313725531101226807e-01 4.117647111415863037e-01 6.235294342041015625e-01 4.117647111415863037e-01
6.235294342041015625e-01 4.117647111415863037e-01 6.235294342041015625e-01 2.235294133424758911e-01
6.235294342041015625e-01 2.235294133424758911e-01 4.313725531101226807e-01 2.235294133424758911e-01
4.313725531101226807e-01 2.235294133424758911e-01 4.313725531101226807e-01 2.235294133424758911e-01
4.313725531101226807e-01 5.803921818733215332e-01 1.137254908680915833e-01 5.803921818733215332e-01
1.137254908680915833e-01 5.803921818733215332e-01 1.137254908680915833e-01 7.764706015586853027e-01
1.137254908680915833e-01 7.764706015586853027e-01 4.313725531101226807e-01 7.764706015586853027e-01
4.313725531101226807e-01 7.764706015586853027e-01 4.313725531101226807e-01 6.470588445663452148e-01
4.313725531101226807e-01 6.470588445663452148e-01 4.313725531101226807e-01 5.803921818733215332e-01
4.313725531101226807e-01 5.803921818733215332e-01 4.313725531101226807e-01 5.803921818733215332e-01
7.803921699523925781e-01 5.803921818733215332e-01 4.313725531101226807e-01 5.803921818733215332e-01
4.313725531101226807e-01 5.803921818733215332e-01 4.313725531101226807e-01 6.470588445663452148e-01
4.313725531101226807e-01 6.470588445663452148e-01 5.490196347236633301e-01 6.470588445663452148e-01
5.490196347236633301e-01 6.470588445663452148e-01 5.490196347236633301e-01 7.764706015586853027e-01
5.490196347236633301e-01 7.764706015586853027e-01 7.803921699523925781e-01 7.764706015586853027e-01
7.803921699523925781e-01 7.764706015586853027e-01 7.803921699523925781e-01 6.549019813537597656e-01
7.803921699523925781e-01 6.549019813537597656e-01 7.803921699523925781e-01 5.803921818733215332e-01
7.803921699523925781e-01 5.803921818733215332e-01 7.803921699523925781e-01 5.803921818733215332e-01
1.137254908680915833e-01 5.803921818733215332e-01 4.313725531101226807e-01 5.803921818733215332e-01
4.313725531101226807e-01 5.803921818733215332e-01 4.313725531101226807e-01 4.117647111415863037e-01
4.313725531101226807e-01 4.117647111415863037e-01 4.313725531101226807e-01 2.235294133424758911e-01
4.313725531101226807e-01 2.235294133424758911e-01 1.137254908680915833e-01 2.235294133424758911e-01
1.137254908680915833e-01 2.235294133424758911e-01 1.137254908680915833e-01 5.803921818733215332e-01
1.137254908680915833e-01 5.803921818733215332e-01 1.137254908680915833e-01 5.803921818733215332e-01
7.803921699523925781e-01 3.607843220233917236e-01 7.803921699523925781e-01 4.117647111415863037e-01
7.803921699523925781e-01 4.117647111415863037e-01 7.803921699523925781e-01 5.803921818733215332e-01
7.803921699523925781e-01 5.803921818733215332e-01 7.803921699523925781e-01 6.549019813537597656e-01
7.803921699523925781e-01 6.549019813537597656e-01 8.901960849761962891e-01 6.549019813537597656e-01
8.901960849761962891e-01 6.549019813537597656e-01 8.901960849761962891e-01 3.607843220233917236e-01
8.901960849761962891e-01 3.607843220233917236e-01 7.803921699523925781e-01 3.607843220233917236e-01
7.803921699523925781e-01 3.607843220233917236e-01 7.803921699523925781e-01 3.607843220233917236e-01
4.313725531101226807e-01 5.803921818733215332e-01 7.803921699523925781e-01 5.803921818733215332e-01
7.803921699523925781e-01 5.803921818733215332e-01 7.803921699523925781e-01 4.117647111415863037e-01
7.803921699523925781e-01 4.117647111415863037e-01 6.235294342041015625e-01 4.117647111415863037e-01
6.235294342041015625e-01 4.117647111415863037e-01 4.313725531101226807e-01 4.117647111415863037e-01
4.313725531101226807e-01 4.117647111415863037e-01 4.313725531101226807e-01 5.803921818733215332e-01
4.313725531101226807e-01 5.803921818733215332e-01 4.313725531101226807e-01 5.803921818733215332e-01
