5.333333611488342285e-01 1.215686276555061340e-01 3.764705955982208252e-01 1.215686276555061340e-01
3.764705955982208252e-01 1.215686276555061340e-01 3.764705955982208252e-01 2.431372553110122681e-01
3.764705955982208252e-01 2.431372553110122681e-01 5.333333611488342285e-01 2.431372553110122681e-01
5.333333611488342285e-01 2.431372553110122681e-01 5.333333611488342285e-01 1.215686276555061340e-01
5.333333611488342285e-01 1.215686276555061340e-01 5.333333611488342285e-01 1.215686276555061340e-01
7.764706015586853027e-01 4.117647111415863037e-01 6.117647290229797363e-01 4.117647111415863037e-01
6.117647290229797363e-01 4.117647111415863037e-01 6.117647290229797363e-01 5.058823823928833008e-01
6.117647290229797363e-01 5.058823823928833008e-01 7.764706015586853027e-01 5.058823823928833008e-01
7.764706015586853027e-01 5.058823823928833008e-01 7.764706015586853027e-01 4.117647111415863037e-01
7.764706015586853027e-01 4.117647111415863037e-01 7.764706015586853027e-01 4.117647111415863037e-01
2.156862765550613403e-01 8.784313797950744629e-01 2.156862765550613403e-01 4.549019634723663330e-01
2.156862765550613403e-01 4.549019634723663330e-01 1.372549086809158325e-01 4.549019634723663330e-01
1.372549086809158325e-01 4.549019634723663330e-01 1.372549086809158325e-01 8.784313797950744629e-01
1.372549086809158325e-01 8.784313797950744629e-01 2.156862765550613403e-01 8.784313797950744629e-01
2.156862765550613403e-01 8.784313797950744629e-01 2.156862765550613403e-01 8.784313797950744629e-01
3.764705955982208252e-01 1.215686276555061340e-01 2.156862765550613403e-01 1.215686276555061340e-01
2.156862765550613403e-01 1.215686276555061340e-01 2.156862765550613403e-01 2.431372553110122681e-01
2.156862765550613403e-01 2.431372553110122681e-01 2.156862765550613403e-01 3.058823645114898682e-01
2.156862765550613403e-01 3.058823645114898682e-01 5.333333611488342285e-01 3.058823645114898682e-01
5.333333611488342285e-01 3.058823645114898682e-01 5.333333611488342285e-01 2.431372553110122681e-01
5.333333611488342285e-01 2.431372553110122681e-01 3.764705955982208252e-01 2.431372553110122681e-01
3.764705955982208252e-01 2.431372553110122681e-01 3.764705955982208252e-01 1.215686276555061340e-01
3.764705955982208252e-01 1.215686276555061340e-01 3.764705955982208252e-01 1.215686276555061340e-01
7.764706015586853027e-01 2.431372553110122681e-01 6.117647290229797363e-01 2.431372553110122681e-01
6.117647290229797363e-01 2.431372553110122681e-01 6.117647290229797363e-01 4.117647111415863037e-01
6.117647290229797363e-01 4.117647111415863037e-01 7.764706015586853027e-01 4.117647111415863037e-01
7.764706015586853027e-01 4.117647111415863037e-01 8.117647171020507812e-01 4.117647111415863037e-01
8.117647171020507812e-01 4.117647111415863037e-01 8.117647171020507812e-01 2.431372553110122681e-01
8.117647171020507812e-01 2.431372553110122681e-01 7.764706015586853027e-01 2.431372553110122681e-01
7.764706015586853027e-01 2.431372553110122681e-01 7.764706015586853027e-01 2.431372553110122681e-01
5.333333611488342285e-01 3.058823645114898682e-01 2.156862765550613403e-01 3.058823645114898682e-01
2.156862765550613403e-01 3.058823645114898682e-01 2.156862765550613403e-01 4.549019634723663330e-01
2.156862765550613403e-01 4.549019634723663330e-01 2.156862765550613403e-01 8.784313797950744629e-01
2.156862765550613403e-01 8.784313797950744629e-01 7.764706015586853027e-01 8.784313797950744629e-01
7.764706015586853027e-01 8.784313797950744629e-01 7.764706015586853027e-01 6.745098233222961426e-01
7.764706015586853027e-01 6.745098233222961426e-01 6.117647290229797363e-01 6.745098233222961426e-01
6.117647290229797363e-01 6.745098233222961426e-01 6.117647290229797363e-01 5.058823823928833008e-01
6.117647290229797363e-01 5.058823823928833008e-01 6.117647290229797363e-01 4.117647111415863037e-01
6.117647290229797363e-01 4.117647111415863037e-01 6.117647290229797363e-01 2.431372553110122681e-01
6.117647290229797363e-01 2.431372553110122681e-01 5.333333611488342285e-01 2.431372553110122681e-01
5.333333611488342285e-01 2.431372553110122681e-01 5.333333611488342285e-01 3.058823645114898682e-01
5.333333611488342285e-01 3.058823645114898682e-01 5.333333611488342285e-01 3.058823645114898682e-01
6.117647290229797363e-01 5.058823823928833008e-01 6.117647290229797363e-01 6.745098233222961426e-01
6.117647290229797363e-01 6.745098233222961426e-01 7.764706015586853027e-01 6.745098233222961426e-01
7.764706015586853027e-01 6.745098233222961426e-01 7.764706015586853027e-01 5.058823823928833008e-01
7.764706015586853027e-01 5.058823823928833008e-01 6.117647290229797363e-01 5.058823823928833008e-01
6.117647290229797363e-01 5.058823823928833008e-01 6.117647290229797363e-01 5.058823823928833008e-01
8.666666746139526367e-01 5.058823823928833008e-01 7.764706015586853027e-01 5.058823823928833008e-01
7.764706015586853027e-01 5.058823823928833008e-01 7.764706015586853027e-01 6.745098233222961426e-01
7.764706015586853027e-01 6.745098233222961426e-01 7.764706015586853027e-01 8.784313797950744629e-01
7.764706015586853027e-01 8.784313797950744629e-01 8.666666746139526367e-01 8.784313797950744629e-01
8.666666746139526367e-01 8.784313797950744629e-01 8.666666746139526367e-01 5.058823823928833008e-01
8.666666746139526367e-01 5.058823823928833008e-01 8.666666746139526367e-01 5.058823823928833008e-01
