3.843137323856353760e-01 6.117647290229797363e-01 4.549019634723663330e-01 6.117647290229797363e-01
4.549019634723663330e-01 6.117647290229797363e-01 5.019608139991760254e-01 6.117647290229797363e-01
5.019608139991760254e-01 6.117647290229797363e-01 5.019608139991760254e-01 6.941176652908325195e-01
5.019608139991760254e-01 6.941176652908325195e-01 6.156862974166870117e-01 6.941176652908325195e-01
6.156862974166870117e-01 6.941176652908325195e-01 6.156862974166870117e-01 4.078431427478790283e-01
6.156862974166870117e-01 4.078431427478790283e-01 3.843137323856353760e-01 4.078431427478790283e-01
3.843137323856353760e-01 4.078431427478790283e-01 3.843137323856353760e-01 6.117647290229797363e-01
3.843137323856353760e-01 6.117647290229797363e-01 3.843137323856353760e-01 6.117647290229797363e-01
4.549019634723663330e-01 6.117647290229797363e-01 3.843137323856353760e-01 6.117647290229797363e-01
3.843137323856353760e-01 6.117647290229797363e-01 3.843137323856353760e-01 6.941176652908325195e-01
3.843137323856353760e-01 6.941176652908325195e-01 4.549019634723663330e-01 6.941176652908325195e-01
4.549019634723663330e-01 6.941176652908325195e-01 4.549019634723663330e-01 6.117647290229797363e-01
4.549019634723663330e-01 6.117647290229797363e-01 4.549019634723663330e-01 6.117647290229797363e-01
5.019608139991760254e-01 6.117647290229797363e-01 4.549019634723663330e-01 6.117647290229797363e-01
4.549019634723663330e-01 6.117647290229797363e-01 4.549019634723663330e-01 6.941176652908325195e-01
4.549019634723663330e-01 6.941176652908325195e-01 5.019608139991760254e-01 6.941176652908325195e-01
5.019608139991760254e-01 6.941176652908325195e-01 5.019608139991760254e-01 6.117647290229797363e-01
5.019608139991760254e-01 6.117647290229797363e-01 5.019608139991760254e-01 6.117647290229797363e-01
3.843137323856353760e-01 3.058823645114898682e-01 3.843137323856353760e-01 4.078431427478790283e-01
3.843137323856353760e-01 4.078431427478790283e-01 6.156862974166870117e-01 4.078431427478790283e-01
6.156862974166870117e-01 4.078431427478790283e-01 6.156862974166870117e-01 3.058823645114898682e-01
6.156862974166870117e-01 3.058823645114898682e-01 3.843137323856353760e-01 3.058823645114898682e-01
3.843137323856353760e-01 3.058823645114898682e-01 3.843137323856353760e-01 3.058823645114898682e-01
