4.509803950786590576e-01 7.921568751335144043e-01 5.725490450859069824e-01 7.921568751335144043e-01
5.725490450859069824e-01 7.921568751335144043e-01 5.725490450859069824e-01 7.215686440467834473e-01
5.725490450859069824e-01 7.215686440467834473e-01 5.725490450859069824e-01 6.666666865348815918e-01
5.725490450859069824e-01 6.666666865348815918e-01 4.509803950786590576e-01 6.666666865348815918e-01
4.509803950786590576e-01 6.666666865348815918e-01 4.509803950786590576e-01 7.921568751335144043e-01
4.509803950786590576e-01 7.921568751335144043e-01 4.509803950786590576e-01 7.921568751335144043e-01
6.666666865348815918e-01 5.960784554481506348e-01 5.725490450859069824e-01 5.960784554481506348e-01
5.725490450859069824e-01 5.960784554481506348e-01 5.725490450859069824e-01 6.313725709915161133e-01
5.725490450859069824e-01 6.313725709915161133e-01 6.666666865348815918e-01 6.313725709915161133e-01
6.666666865348815918e-01 6.313725709915161133e-01 6.666666865348815918e-01 5.960784554481506348e-01
6.666666865348815918e-01 5.960784554481506348e-01 6.666666865348815918e-01 5.960784554481506348e-01
5.725490450859069824e-01 6.313725709915161133e-01 5.725490450859069824e-01 6.666666865348815918e-01
5.725490450859069824e-01 6.666666865348815918e-01 5.725490450859069824e-01 7.215686440467834473e-01
5.725490450859069824e-01 7.215686440467834473e-01 6.666666865348815918e-01 7.215686440467834473e-01
6.666666865348815918e-01 7.215686440467834473e-01 6.666666865348815918e-01 6.666666865348815918e-01
6.666666865348815918e-01 6.666666865348815918e-01 6.666666865348815918e-01 6.313725709915161133e-01
6.666666865348815918e-01 6.313725709915161133e-01 5.725490450859069824e-01 6.313725709915161133e-01
5.725490450859069824e-01 6.313725709915161133e-01 5.725490450859069824e-01 6.313725709915161133e-01
1.725490242242813110e-01 5.960784554481506348e-01 2.196078449487686157e-01 5.960784554481506348e-01
2.196078449487686157e-01 5.960784554481506348e-01 2.745098173618316650e-01 5.960784554481506348e-01
2.745098173618316650e-01 5.960784554481506348e-01 2.745098173618316650e-01 3.725490272045135498e-01
2.745098173618316650e-01 3.725490272045135498e-01 2.196078449487686157e-01 3.725490272045135498e-01
2.196078449487686157e-01 3.725490272045135498e-01 1.725490242242813110e-01 3.725490272045135498e-01
1.725490242242813110e-01 3.725490272045135498e-01 1.725490242242813110e-01 5.960784554481506348e-01
1.725490242242813110e-01 5.960784554481506348e-01 1.725490242242813110e-01 5.960784554481506348e-01
2.745098173618316650e-01 5.960784554481506348e-01 2.196078449487686157e-01 5.960784554481506348e-01
2.196078449487686157e-01 5.960784554481506348e-01 2.196078449487686157e-01 7.921568751335144043e-01
2.196078449487686157e-01 7.921568751335144043e-01 4.509803950786590576e-01 7.921568751335144043e-01
4.509803950786590576e-01 7.921568751335144043e-01 4.509803950786590576e-01 6.666666865348815918e-01
4.509803950786590576e-01 6.666666865348815918e-01 5.725490450859069824e-01 6.666666865348815918e-01
5.725490450859069824e-01 6.666666865348815918e-01 5.725490450859069824e-01 6.313725709915161133e-01
5.725490450859069824e-01 6.313725709915161133e-01 5.725490450859069824e-01 5.960784554481506348e-01
5.725490450859069824e-01 5.960784554481506348e-01 2.745098173618316650e-01 5.960784554481506348e-01
2.745098173618316650e-01 5.960784554481506348e-01 2.745098173618316650e-01 5.960784554481506348e-01
5.254902243614196777e-01 2.078431397676467896e-01 2.196078449487686157e-01 2.078431397676467896e-01
2.196078449487686157e-01 2.078431397676467896e-01 2.196078449487686157e-01 3.725490272045135498e-01
2.196078449487686157e-01 3.725490272045135498e-01 2.745098173618316650e-01 3.725490272045135498e-01
2.745098173618316650e-01 3.725490272045135498e-01 5.254902243614196777e-01 3.725490272045135498e-01
5.254902243614196777e-01 3.725490272045135498e-01 5.254902243614196777e-01 2.862745225429534912e-01
5.254902243614196777e-01 2.862745225429534912e-01 5.254902243614196777e-01 2.078431397676467896e-01
5.254902243614196777e-01 2.078431397676467896e-01 5.254902243614196777e-01 2.078431397676467896e-01
7.098039388656616211e-01 5.176470875740051270e-01 6.666666865348815918e-01 5.176470875740051270e-01
6.666666865348815918e-01 5.176470875740051270e-01 6.666666865348815918e-01 5.960784554481506348e-01
6.666666865348815918e-01 5.960784554481506348e-01 6.666666865348815918e-01 6.313725709915161133e-01
6.666666865348815918e-01 6.313725709915161133e-01 6.666666865348815918e-01 6.666666865348815918e-01
6.666666865348815918e-01 6.666666865348815918e-01 6.666666865348815918e-01 7.215686440467834473e-01
6.666666865348815918e-01 7.215686440467834473e-01 8.274509906768798828e-01 7.215686440467834473e-01
8.274509906768798828e-01 7.215686440467834473e-01 8.274509906768798828e-01 5.176470875740051270e-01
8.274509906768798828e-01 5.176470875740051270e-01 7.098039388656616211e-01 5.176470875740051270e-01
7.098039388656616211e-01 5.176470875740051270e-01 7.098039388656616211e-01 5.176470875740051270e-01
2.196078449487686157e-01 5.960784554481506348e-01 1.725490242242813110e-01 5.960784554481506348e-01
1.725490242242813110e-01 5.960784554481506348e-01 1.725490242242813110e-01 7.921568751335144043e-01
1.725490242242813110e-01 7.921568751335144043e-01 2.196078449487686157e-01 7.921568751335144043e-01
2.196078449487686157e-01 7.921568751335144043e-01 2.196078449487686157e-01 5.960784554481506348e-01
2.196078449487686157e-01 5.960784554481506348e-01 2.196078449487686157e-01 5.960784554481506348e-01
2.196078449487686157e-01 2.078431397676467896e-01 1.725490242242813110e-01 2.078431397676467896e-01
1.725490242242813110e-01 2.078431397676467896e-01 1.725490242242813110e-01 3.725490272045135498e-01
1.725490242242813110e-01 3.725490272045135498e-01 2.196078449487686157e-01 3.725490272045135498e-01
2.196078449487686157e-01 3.725490272045135498e-01 2.196078449487686157e-01 2.078431397676467896e-01
2.196078449487686157e-01 2.078431397676467896e-01 2.196078449487686157e-01 2.078431397676467896e-01
2.745098173618316650e-01 5.960784554481506348e-01 5.725490450859069824e-01 5.960784554481506348e-01
5.725490450859069824e-01 5.960784554481506348e-01 6.666666865348815918e-01 5.960784554481506348e-01
6.666666865348815918e-01 5.960784554481506348e-01 6.666666865348815918e-01 5.176470875740051270e-01
6.666666865348815918e-01 5.176470875740051270e-01 6.666666865348815918e-01 3.686274588108062744e-01
6.666666865348815918e-01 3.686274588108062744e-01 7.098039388656616211e-01 3.686274588108062744e-01
7.098039388656616211e-01 3.686274588108062744e-01 7.098039388656616211e-01 2.862745225429534912e-01
7.098039388656616211e-01 2.862745225429534912e-01 5.254902243614196777e-01 2.862745225429534912e-01
5.254902243614196777e-01 2.862745225429534912e-01 5.254902243614196777e-01 3.725490272045135498e-01
5.254902243614196777e-01 3.725490272045135498e-01 2.745098173618316650e-01 3.725490272045135498e-01
2.745098173618316650e-01 3.725490272045135498e-01 2.745098173618316650e-01 5.960784554481506348e-01
2.745098173618316650e-01 5.960784554481506348e-01 2.745098173618316650e-01 5.960784554481506348e-01
6.666666865348815918e-01 5.176470875740051270e-01 7.098039388656616211e-01 5.176470875740051270e-01
7.098039388656616211e-01 5.176470875740051270e-01 8.274509906768798828e-01 5.176470875740051270e-01
8.274509906768798828e-01 5.176470875740051270e-01 8.274509906768798828e-01 3.686274588108062744e-01
8.274509906768798828e-01 3.686274588108062744e-01 7.098039388656616211e-01 3.686274588108062744e-01
7.098039388656616211e-01 3.686274588108062744e-01 6.666666865348815918e-01 3.686274588108062744e-01
6.666666865348815918e-01 3.686274588108062744e-01 6.666666865348815918e-01 5.176470875740051270e-01
6.666666865348815918e-01 5.176470875740051270e-01 6.666666865348815918e-01 5.176470875740051270e-01
