5.490196347236633301e-01 6.000000238418579102e-01 5.882353186607360840e-01 6.000000238418579102e-01
5.882353186607360840e-01 6.000000238418579102e-01 5.882353186607360840e-01 2.549019753932952881e-01
5.882353186607360840e-01 2.549019753932952881e-01 4.117647111415863037e-01 2.549019753932952881e-01
4.117647111415863037e-01 2.549019753932952881e-01 4.117647111415863037e-01 3.019607961177825928e-01
4.117647111415863037e-01 3.019607961177825928e-01 4.117647111415863037e-01 4.823529422283172607e-01
4.117647111415863037e-01 4.823529422283172607e-01 4.117647111415863037e-01 6.196078658103942871e-01
4.117647111415863037e-01 6.196078658103942871e-01 4.117647111415863037e-01 6.588235497474670410e-01
4.117647111415863037e-01 6.588235497474670410e-01 5.490196347236633301e-01 6.588235497474670410e-01
5.490196347236633301e-01 6.588235497474670410e-01 5.490196347236633301e-01 6.000000238418579102e-01
5.490196347236633301e-01 6.000000238418579102e-01 5.490196347236633301e-01 6.000000238418579102e-01
5.882353186607360840e-01 6.000000238418579102e-01 5.490196347236633301e-01 6.000000238418579102e-01
5.490196347236633301e-01 6.000000238418579102e-01 5.490196347236633301e-01 6.588235497474670410e-01
5.490196347236633301e-01 6.588235497474670410e-01 5.490196347236633301e-01 7.450980544090270996e-01
5.490196347236633301e-01 7.450980544090270996e-01 7.686274647712707520e-01 7.450980544090270996e-01
7.686274647712707520e-01 7.450980544090270996e-01 7.686274647712707520e-01 6.000000238418579102e-01
7.686274647712707520e-01 6.000000238418579102e-01 5.882353186607360840e-01 6.000000238418579102e-01
5.882353186607360840e-01 6.000000238418579102e-01 5.882353186607360840e-01 6.000000238418579102e-01
4.117647111415863037e-01 4.823529422283172607e-01 2.352941185235977173e-01 4.823529422283172607e-01
2.352941185235977173e-01 4.823529422283172607e-01 2.352941185235977173e-01 6.196078658103942871e-01
2.352941185235977173e-01 6.196078658103942871e-01 4.117647111415863037e-01 6.196078658103942871e-01
4.117647111415863037e-01 6.196078658103942871e-01 4.117647111415863037e-01 4.823529422283172607e-01
4.117647111415863037e-01 4.823529422283172607e-01 4.117647111415863037e-01 4.823529422283172607e-01
2.352941185235977173e-01 4.823529422283172607e-01 4.117647111415863037e-01 4.823529422283172607e-01
4.117647111415863037e-01 4.823529422283172607e-01 4.117647111415863037e-01 3.019607961177825928e-01
4.117647111415863037e-01 3.019607961177825928e-01 2.352941185235977173e-01 3.019607961177825928e-01
2.352941185235977173e-01 3.019607961177825928e-01 2.352941185235977173e-01 4.823529422283172607e-01
2.352941185235977173e-01 4.823529422283172607e-01 2.352941185235977173e-01 4.823529422283172607e-01
