8.352941274642944336e-01 4.352941215038299561e-01 7.372549176216125488e-01 4.352941215038299561e-01
7.372549176216125488e-01 4.352941215038299561e-01 7.372549176216125488e-01 5.294117927551269531e-01
7.372549176216125488e-01 5.294117927551269531e-01 8.352941274642944336e-01 5.294117927551269531e-01
8.352941274642944336e-01 5.294117927551269531e-01 8.352941274642944336e-01 4.352941215038299561e-01
8.352941274642944336e-01 4.352941215038299561e-01 8.352941274642944336e-01 4.352941215038299561e-01
4.705882370471954346e-01 2.980392277240753174e-01 3.725490272045135498e-01 2.980392277240753174e-01
3.725490272045135498e-01 2.980392277240753174e-01 3.725490272045135498e-01 4.000000059604644775e-01
3.725490272045135498e-01 4.000000059604644775e-01 4.705882370471954346e-01 4.000000059604644775e-01
4.705882370471954346e-01 4.000000059604644775e-01 4.705882370471954346e-01 2.980392277240753174e-01
4.705882370471954346e-01 2.980392277240753174e-01 4.705882370471954346e-01 2.980392277240753174e-01
7.372549176216125488e-01 4.352941215038299561e-01 8.352941274642944336e-01 4.352941215038299561e-01
8.352941274642944336e-01 4.352941215038299561e-01 8.352941274642944336e-01 2.313725501298904419e-01
8.352941274642944336e-01 2.313725501298904419e-01 6.352941393852233887e-01 2.313725501298904419e-01
6.352941393852233887e-01 2.313725501298904419e-01 6.352941393852233887e-01 4.588235318660736084e-01
6.352941393852233887e-01 4.588235318660736084e-01 6.352941393852233887e-01 5.294117927551269531e-01
6.352941393852233887e-01 5.294117927551269531e-01 7.372549176216125488e-01 5.294117927551269531e-01
7.372549176216125488e-01 5.294117927551269531e-01 7.372549176216125488e-01 4.352941215038299561e-01
7.372549176216125488e-01 4.352941215038299561e-01 7.372549176216125488e-01 4.352941215038299561e-01
4.705882370471954346e-01 2.313725501298904419e-01 4.705882370471954346e-01 2.980392277240753174e-01
4.705882370471954346e-01 2.980392277240753174e-01 4.705882370471954346e-01 4.000000059604644775e-01
4.705882370471954346e-01 4.000000059604644775e-01 4.705882370471954346e-01 4.588235318660736084e-01
4.705882370471954346e-01 4.588235318660736084e-01 6.352941393852233887e-01 4.588235318660736084e-01
6.352941393852233887e-01 4.588235318660736084e-01 6.352941393852233887e-01 2.313725501298904419e-01
6.352941393852233887e-01 2.313725501298904419e-01 4.705882370471954346e-01 2.313725501298904419e-01
4.705882370471954346e-01 2.313725501298904419e-01 4.705882370471954346e-01 2.313725501298904419e-01
6.352941393852233887e-01 5.294117927551269531e-01 5.725490450859069824e-01 5.294117927551269531e-01
5.725490450859069824e-01 5.294117927551269531e-01 5.725490450859069824e-01 6.941176652908325195e-01
5.725490450859069824e-01 6.941176652908325195e-01 6.352941393852233887e-01 6.941176652908325195e-01
6.352941393852233887e-01 6.941176652908325195e-01 7.372549176216125488e-01 6.941176652908325195e-01
7.372549176216125488e-01 6.941176652908325195e-01 7.372549176216125488e-01 5.294117927551269531e-01
7.372549176216125488e-01 5.294117927551269531e-01 6.352941393852233887e-01 5.294117927551269531e-01
6.352941393852233887e-01 5.294117927551269531e-01 6.352941393852233887e-01 5.294117927551269531e-01
5.725490450859069824e-01 5.294117927551269531e-01 6.352941393852233887e-01 5.294117927551269531e-01
6.352941393852233887e-01 5.294117927551269531e-01 6.352941393852233887e-01 4.588235318660736084e-01
6.352941393852233887e-01 4.588235318660736084e-01 4.705882370471954346e-01 4.588235318660736084e-01
4.705882370471954346e-01 4.588235318660736084e-01 4.705882370471954346e-01 4.000000059604644775e-01
4.705882370471954346e-01 4.000000059604644775e-01 3.725490272045135498e-01 4.000000059604644775e-01
3.725490272045135498e-01 4.000000059604644775e-01 3.725490272045135498e-01 2.980392277240753174e-01
3.725490272045135498e-01 2.980392277240753174e-01 4.705882370471954346e-01 2.980392277240753174e-01
4.705882370471954346e-01 2.980392277240753174e-01 4.705882370471954346e-01 2.313725501298904419e-01
4.705882370471954346e-01 2.313725501298904419e-01 2.901960909366607666e-01 2.313725501298904419e-01
2.901960909366607666e-01 2.313725501298904419e-01 2.901960909366607666e-01 4.078431427478790283e-01
2.901960909366607666e-01 4.078431427478790283e-01 1.647058874368667603e-01 4.078431427478790283e-01
1.647058874368667603e-01 4.078431427478790283e-01 1.647058874368667603e-01 7.686274647712707520e-01
1.647058874368667603e-01 7.686274647712707520e-01 6.352941393852233887e-01 7.686274647712707520e-01
6.352941393852233887e-01 7.686274647712707520e-01 6.352941393852233887e-01 6.941176652908325195e-01
6.352941393852233887e-01 6.941176652908325195e-01 5.725490450859069824e-01 6.941176652908325195e-01
5.725490450859069824e-01 6.941176652908325195e-01 5.725490450859069824e-01 5.294117927551269531e-01
5.725490450859069824e-01 5.294117927551269531e-01 5.725490450859069824e-01 5.294117927551269531e-01
2.901960909366607666e-01 2.313725501298904419e-01 1.647058874368667603e-01 2.313725501298904419e-01
1.647058874368667603e-01 2.313725501298904419e-01 1.647058874368667603e-01 4.078431427478790283e-01
1.647058874368667603e-01 4.078431427478790283e-01 2.901960909366607666e-01 4.078431427478790283e-01
2.901960909366607666e-01 4.078431427478790283e-01 2.901960909366607666e-01 2.313725501298904419e-01
2.901960909366607666e-01 2.313725501298904419e-01 2.901960909366607666e-01 2.313725501298904419e-01
