7.960784435272216797e-01 4.470588266849517822e-01 6.862745285034179688e-01 4.470588266849517822e-01
6.862745285034179688e-01 4.470588266849517822e-01 6.862745285034179688e-01 5.176470875740051270e-01
6.862745285034179688e-01 5.176470875740051270e-01 6.862745285034179688e-01 5.725490450859069824e-01
6.862745285034179688e-01 5.725490450859069824e-01 7.960784435272216797e-01 5.725490450859069824e-01
7.960784435272216797e-01 5.725490450859069824e-01 7.960784435272216797e-01 5.176470875740051270e-01
7.960784435272216797e-01 5.176470875740051270e-01 7.960784435272216797e-01 4.470588266849517822e-01
7.960784435272216797e-01 4.470588266849517822e-01 7.960784435272216797e-01 4.470588266849517822e-01
3.176470696926116943e-01 4.470588266849517822e-01 4.196078479290008545e-01 4.470588266849517822e-01
4.196078479290008545e-01 4.470588266849517822e-01 4.196078479290008545e-01 3.803921639919281006e-01
4.196078479290008545e-01 3.803921639919281006e-01 3.176470696926116943e-01 3.803921639919281006e-01
3.176470696926116943e-01 3.803921639919281006e-01 3.176470696926116943e-01 4.470588266849517822e-01
3.176470696926116943e-01 4.470588266849517822e-01 3.176470696926116943e-01 4.470588266849517822e-01
4.196078479290008545e-01 2.313725501298904419e-01 3.176470696926116943e-01 2.313725501298904419e-01
3.176470696926116943e-01 2.313725501298904419e-01 3.176470696926116943e-01 3.803921639919281006e-01
3.176470696926116943e-01 3.803921639919281006e-01 4.196078479290008545e-01 3.803921639919281006e-01
4.196078479290008545e-01 3.803921639919281006e-01 4.196078479290008545e-01 2.313725501298904419e-01
4.196078479290008545e-01 2.313725501298904419e-01 4.196078479290008545e-01 2.313725501298904419e-01
2.039215713739395142e-01 4.470588266849517822e-01 3.176470696926116943e-01 4.470588266849517822e-01
3.176470696926116943e-01 4.470588266849517822e-01 3.176470696926116943e-01 3.803921639919281006e-01
3.176470696926116943e-01 3.803921639919281006e-01 3.176470696926116943e-01 2.313725501298904419e-01
3.176470696926116943e-01 2.313725501298904419e-01 2.039215713739395142e-01 2.313725501298904419e-01
2.039215713739395142e-01 2.313725501298904419e-01 2.039215713739395142e-01 4.470588266849517822e-01
2.039215713739395142e-01 4.470588266849517822e-01 2.039215713739395142e-01 4.470588266849517822e-01
7.960784435272216797e-01 5.725490450859069824e-01 6.862745285034179688e-01 5.725490450859069824e-01
6.862745285034179688e-01 5.725490450859069824e-01 6.862745285034179688e-01 5.176470875740051270e-01
6.862745285034179688e-01 5.176470875740051270e-01 6.196078658103942871e-01 5.176470875740051270e-01
6.196078658103942871e-01 5.176470875740051270e-01 6.196078658103942871e-01 8.039215803146362305e-01
6.196078658103942871e-01 8.039215803146362305e-01 6.862745285034179688e-01 8.039215803146362305e-01
6.862745285034179688e-01 8.039215803146362305e-01 7.960784435272216797e-01 8.039215803146362305e-01
7.960784435272216797e-01 8.039215803146362305e-01 7.960784435272216797e-01 5.725490450859069824e-01
7.960784435272216797e-01 5.725490450859069824e-01 7.960784435272216797e-01 5.725490450859069824e-01
4.196078479290008545e-01 4.470588266849517822e-01 6.078431606292724609e-01 4.470588266849517822e-01
6.078431606292724609e-01 4.470588266849517822e-01 6.078431606292724609e-01 2.313725501298904419e-01
6.078431606292724609e-01 2.313725501298904419e-01 4.196078479290008545e-01 2.313725501298904419e-01
4.196078479290008545e-01 2.313725501298904419e-01 4.196078479290008545e-01 3.803921639919281006e-01
4.196078479290008545e-01 3.803921639919281006e-01 4.196078479290008545e-01 4.470588266849517822e-01
4.196078479290008545e-01 4.470588266849517822e-01 4.196078479290008545e-01 4.470588266849517822e-01
3.176470696926116943e-01 4.470588266849517822e-01 2.039215713739395142e-01 4.470588266849517822e-01
2.039215713739395142e-01 4.470588266849517822e-01 2.039215713739395142e-01 8.039215803146362305e-01
2.039215713739395142e-01 8.039215803146362305e-01 6.196078658103942871e-01 8.039215803146362305e-01
6.196078658103942871e-01 8.039215803146362305e-01 6.196078658103942871e-01 5.176470875740051270e-01
6.196078658103942871e-01 5.176470875740051270e-01 6.862745285034179688e-01 5.176470875740051270e-01
6.862745285034179688e-01 5.176470875740051270e-01 6.862745285034179688e-01 4.470588266849517822e-01
6.862745285034179688e-01 4.470588266849517822e-01 6.078431606292724609e-01 4.470588266849517822e-01
6.078431606292724609e-01 4.470588266849517822e-01 4.196078479290008545e-01 4.470588266849517822e-01
4.196078479290008545e-01 4.470588266849517822e-01 3.176470696926116943e-01 4.470588266849517822e-01
3.176470696926116943e-01 4.470588266849517822e-01 3.176470696926116943e-01 4.470588266849517822e-01
2.039215713739395142e-01 2.313725501298904419e-01 3.176470696926116943e-01 2.313725501298904419e-01
3.176470696926116943e-01 2.313725501298904419e-01 4.196078479290008545e-01 2.313725501298904419e-01
4.196078479290008545e-01 2.313725501298904419e-01 4.196078479290008545e-01 1.960784345865249634e-01
4.196078479290008545e-01 1.960784345865249634e-01 3.176470696926116943e-01 1.960784345865249634e-01
3.176470696926116943e-01 1.960784345865249634e-01 2.039215713739395142e-01 1.960784345865249634e-01
2.039215713739395142e-01 1.960784345865249634e-01 2.039215713739395142e-01 2.313725501298904419e-01
2.039215713739395142e-01 2.313725501298904419e-01 2.039215713739395142e-01 2.313725501298904419e-01
6.078431606292724609e-01 4.470588266849517822e-01 6.862745285034179688e-01 4.470588266849517822e-01
6.862745285034179688e-01 4.470588266849517822e-01 7.960784435272216797e-01 4.470588266849517822e-01
7.960784435272216797e-01 4.470588266849517822e-01 7.960784435272216797e-01 2.313725501298904419e-01
7.960784435272216797e-01 2.313725501298904419e-01 6.078431606292724609e-01 2.313725501298904419e-01
6.078431606292724609e-01 2.313725501298904419e-01 6.078431606292724609e-01 4.470588266849517822e-01
6.078431606292724609e-01 4.470588266849517822e-01 6.078431606292724609e-01 4.470588266849517822e-01
