3.411764800548553467e-01 3.843137323856353760e-01 1.843137294054031372e-01 3.843137323856353760e-01
1.843137294054031372e-01 3.843137323856353760e-01 1.843137294054031372e-01 4.941176474094390869e-01
1.843137294054031372e-01 4.941176474094390869e-01 3.411764800548553467e-01 4.941176474094390869e-01
3.411764800548553467e-01 4.941176474094390869e-01 3.411764800548553467e-01 3.843137323856353760e-01
3.411764800548553467e-01 3.843137323856353760e-01 3.411764800548553467e-01 3.843137323856353760e-01
7.215686440467834473e-01 3.843137323856353760e-01 3.411764800548553467e-01 3.843137323856353760e-01
3.411764800548553467e-01 3.843137323856353760e-01 3.411764800548553467e-01 4.941176474094390869e-01
3.411764800548553467e-01 4.941176474094390869e-01 3.411764800548553467e-01 6.196078658103942871e-01
3.411764800548553467e-01 6.196078658103942871e-01 7.215686440467834473e-01 6.196078658103942871e-01
7.215686440467834473e-01 6.196078658103942871e-01 7.215686440467834473e-01 3.843137323856353760e-01
7.215686440467834473e-01 3.843137323856353760e-01 7.215686440467834473e-01 3.843137323856353760e-01
3.411764800548553467e-01 4.941176474094390869e-01 1.843137294054031372e-01 4.941176474094390869e-01
1.843137294054031372e-01 4.941176474094390869e-01 1.843137294054031372e-01 6.196078658103942871e-01
1.843137294054031372e-01 6.196078658103942871e-01 3.411764800548553467e-01 6.196078658103942871e-01
3.411764800548553467e-01 6.196078658103942871e-01 3.411764800548553467e-01 4.941176474094390869e-01
3.411764800548553467e-01 4.941176474094390869e-01 3.411764800548553467e-01 4.941176474094390869e-01
8.156862854957580566e-01 3.843137323856353760e-01 7.215686440467834473e-01 3.843137323856353760e-01
7.215686440467834473e-01 3.843137323856353760e-01 7.215686440467834473e-01 6.196078658103942871e-01
7.215686440467834473e-01 6.196078658103942871e-01 8.156862854957580566e-01 6.196078658103942871e-01
8.156862854957580566e-01 6.196078658103942871e-01 8.156862854957580566e-01 3.843137323856353760e-01
8.156862854957580566e-01 3.843137323856353760e-01 8.156862854957580566e-01 3.843137323856353760e-01
